1.0499999523162842,
1.0706892013549805,
1.071900486946106,
1.072509527206421,
1.073173999786377,
1.0735760927200317,
1.0739916563034058,
1.0743740797042847,
1.0744922161102295,
1.0745372772216797,
1.0747814178466797,
1.100000023841858,
1.0738269090652466,
1.0750561952590942,
1.0730921030044556,
1.0758404731750488,
1.0724049806594849,
1.0761997699737549,
1.0761871337890625,
1.0764284133911133,
1.0765469074249268,
1.0766535997390747,
1.076635479927063,
1.0754508972167969,
1.0766494274139404,
1.076545000076294,
1.0765674114227295,
1.0765300989151,
1.0764796733856201,
1.0765879154205322,
1.0766202211380005,
1.0766255855560303,
1.0766000747680664,
1.0766319036483765,
1.0766066312789917,
1.0766609907150269,
1.0766382217407227,
1.0766717195510864,
1.0766507387161255,
1.076715111732483,
1.076698899269104,
1.0766597986221313,
1.0766748189926147,
1.0768413543701172,
1.0766555070877075,
1.0766658782958984,
1.0766661167144775,
1.074305534362793,
1.0768252611160278,
1.076756238937378,
1.0767080783843994,
1.0766769647598267,
1.0767009258270264,
1.0767849683761597,
1.076645016670227,
1.0766541957855225,
1.0753976106643677,
1.0765857696533203,
1.0752627849578857,
1.0767043828964233,
1.0769023895263672,
1.0770561695098877,
1.0770823955535889,
1.076980710029602,
1.0765196084976196,
1.0765632390975952,
1.0766724348068237,
1.0765342712402344,
1.0766476392745972,
1.076600193977356,
1.0753345489501953,
1.076397180557251,
1.0751399993896484,
1.07637357711792,
1.0762512683868408,
1.0763263702392578,
1.076290249824524,
1.0763192176818848,
1.076204538345337,
1.0762364864349365,
1.0762443542480469,
1.0761995315551758,
1.0761882066726685,
1.0762264728546143,
1.076332926750183,
1.0760512351989746,
1.0762263536453247,
1.0760530233383179,
1.074946403503418,
1.076124906539917,
1.076040506362915,
1.07480788230896,
1.0759902000427246,
1.07589852809906,
1.075824499130249,
1.0758752822875977,
1.0758419036865234,
1.0759111642837524,
1.075878381729126,
1.075912594795227,
1.0758415460586548,
1.0757886171340942,
1.0758217573165894,
1.0757832527160645,
1.0758278369903564,
1.0758644342422485,
1.0756382942199707,
1.075745940208435,
1.075728178024292,
1.0756657123565674,
1.0756231546401978,
1.0756211280822754,
1.0756698846817017,
1.0755960941314697,
1.0741987228393555,
1.0756381750106812,
1.0756032466888428,
1.075514554977417,
1.0755045413970947,
1.075388789176941,
1.0752513408660889,
1.0752140283584595,
1.07522451877594,
1.0751811265945435,
1.0752124786376953,
1.0752280950546265,
1.0752400159835815,
1.0752875804901123,
1.075218677520752,
1.075147032737732,
1.0751264095306396,
1.0737574100494385,
1.0747383832931519,
1.074445128440857,
1.0728468894958496,
1.07284414768219,
1.0745199918746948,
1.073328971862793,
1.0747689008712769,
1.074748158454895,
1.0710337162017822,
1.0746663808822632,
1.074719786643982,
1.074690580368042,
1.0721986293792725,
1.073394775390625,
1.0745389461517334,
1.0743873119354248,
1.0740878582000732,
1.0744152069091797,
1.0743780136108398,
1.0743592977523804,
1.0742766857147217,
1.0742305517196655,
1.0739679336547852,
1.0732156038284302,
1.0736820697784424,
1.0737848281860352,
1.073896050453186,
1.0742746591567993,
1.073007345199585,
1.0730596780776978,
1.0715734958648682,
1.0714360475540161,
1.0687023401260376,
1.0677083730697632,
1.0724999904632568,
1.0736258029937744,
1.0730175971984863,
1.0737669467926025,
1.0739388465881348,
1.071485161781311,
1.0713841915130615,
1.0700154304504395,
1.0639315843582153,
1.0678088665008545,
1.0715844631195068,
1.0691395998001099,
1.0715199708938599,
1.0702106952667236,
1.0714778900146484,
1.0737665891647339,
1.0734777450561523,
1.073412299156189,
1.0733158588409424,
1.0732637643814087,
1.0731425285339355,
1.0729429721832275,
1.0719338655471802,
1.0716102123260498,
1.0724705457687378,
1.0728638172149658,
1.0730959177017212,
1.069644570350647,
1.0709413290023804,
1.064748764038086,
1.0672110319137573,
1.0692851543426514,
1.0644047260284424,
1.069247841835022,
1.0729612112045288,
1.0719512701034546,
1.073482632637024,
1.0711106061935425,
1.072835922241211,
1.0686155557632446,
1.072255253791809,
1.0722087621688843,
1.0730857849121094,
1.07288658618927,
1.0728358030319214,
1.0728076696395874,
1.0727800130844116,
1.0726693868637085,
1.0725750923156738,
1.0714912414550781,
1.0725291967391968,
1.0722562074661255,
1.0722262859344482,
1.070299744606018,
1.0709004402160645,
1.0717546939849854,
1.0720819234848022,
1.0726637840270996,
1.0686628818511963,
1.0687469244003296,
1.066106915473938,
1.0659326314926147,
1.0679136514663696,
1.0685478448867798,
1.0715339183807373,
1.0725103616714478,
1.0724414587020874,
1.0723016262054443,
1.0722800493240356,
1.0659735202789307,
1.0707749128341675,
1.069516897201538,
1.0634056329727173,
1.069440245628357,
1.0681521892547607,
1.0705170631408691,
1.0715264081954956,
1.0711092948913574,
1.071319580078125,
1.0713375806808472,
1.0714476108551025,
1.0713530778884888,
1.0716952085494995,
1.071187973022461,
1.0692111253738403,
1.0694512128829956,
1.071313738822937,
1.0665704011917114,
1.071669101715088,
1.0680899620056152,
1.0522043704986572,
1.059409737586975,
1.0627219676971436,
1.0652209520339966,
1.067569375038147,
1.0713250637054443,
1.070654034614563,
1.0704289674758911,
1.0698726177215576,
1.0674538612365723,
1.0679010152816772,
1.0710254907608032,
1.0709584951400757,
1.0709192752838135,
1.0708414316177368,
1.069724440574646,
1.0704928636550903,
1.0707846879959106,
1.0707030296325684,
1.070611834526062,
1.0700974464416504,
1.070268988609314,
1.0699090957641602,
1.0699388980865479,
1.0691897869110107,
1.0666217803955078,
1.066286325454712,
1.0651458501815796,
1.0691012144088745,
1.068527340888977,
1.070872187614441,
1.068974256515503,
1.069584608078003,
1.0698013305664062,
1.070136308670044,
1.0700173377990723,
1.0698297023773193,
1.0646312236785889,
1.0676699876785278,
1.0670372247695923,
1.0699610710144043,
1.0698363780975342,
1.0697433948516846,
1.0696157217025757,
1.0698825120925903,
1.06988525390625,
1.0691275596618652,
1.0667444467544556,
1.0688607692718506,
1.0691418647766113,
1.0691914558410645,
1.0696067810058594,
1.0696693658828735,
1.0684117078781128,
1.0692771673202515,
1.062872290611267,
1.0647250413894653,
1.0648648738861084,
1.0690351724624634,
1.0684961080551147,
1.0693339109420776,
1.069313883781433,
1.06930673122406,
1.0693525075912476,
1.067996859550476,
1.0675798654556274,
1.0674489736557007,
1.066171646118164,
1.0669939517974854,
1.0685938596725464,
1.0679792165756226,
1.068489909172058,
1.0673404932022095,
1.067081332206726,
1.0669220685958862,
1.064526081085205,
1.0644022226333618,
1.069532871246338,
1.068778157234192,
1.0702711343765259,
1.0703402757644653,
1.0703340768814087,
1.0700290203094482,
1.0669991970062256,
1.067940354347229,
1.0695685148239136,
1.0675119161605835,
1.0674060583114624,
1.0677824020385742,
1.0691404342651367,
1.0690611600875854,
1.0690391063690186,
1.0676738023757935,
1.0654423236846924,
1.0666719675064087,
1.065248966217041,
1.0673229694366455,
1.0683091878890991,
1.069016933441162,
1.0677237510681152,
1.0607355833053589,
1.067498803138733,
1.0650653839111328,
1.0649995803833008,
1.0678664445877075,
1.0684118270874023,
1.0682194232940674,
1.0687931776046753,
1.0692002773284912,
1.0691874027252197,
1.0688929557800293,
1.0687414407730103,
1.0686384439468384,
1.0645185708999634,
1.0677253007888794,
1.0676294565200806,
1.067562222480774,
1.0675854682922363,
1.0679543018341064,
1.0655049085617065,
1.065346121788025,
1.062948226928711,
1.0594556331634521,
1.0653667449951172,
1.068118929862976,
1.0680036544799805,
1.0679121017456055,
1.0673084259033203,
1.0674245357513428,
1.0675997734069824,
1.0681613683700562,
1.0667884349822998,
1.0499117374420166,
1.0487818717956543,
1.0409841537475586,
1.0547330379486084,
1.0663437843322754,
1.0636746883392334,
1.0661351680755615,
1.0674389600753784,
1.0632888078689575,
1.0647497177124023,
1.0652326345443726,
1.06367826461792,
1.0658928155899048,
1.0619922876358032,
1.0594558715820312,
1.058076024055481,
1.044960618019104,
1.0608855485916138,
1.0548323392868042,
1.0426595211029053,
1.0669585466384888,
1.0656698942184448,
1.0656745433807373,
1.0665383338928223,
1.0629419088363647,
1.055619239807129,
1.0669643878936768,
1.0645865201950073,
1.0439525842666626,
1.0560401678085327,
1.066907286643982,
1.0662833452224731,
1.0667531490325928,
1.066135287284851,
1.0638079643249512,
1.0638028383255005,
1.0649280548095703,
1.0635318756103516,
1.0646418333053589,
1.0513591766357422,
1.0622097253799438,
1.0548745393753052,
1.0561259984970093,
1.0548553466796875,
1.0401301383972168,
1.0560425519943237,
1.0644474029541016,
1.0630738735198975,
1.0643856525421143,
1.0652679204940796,
1.060563087463379,
1.0618820190429688,
1.0604329109191895,
1.0625195503234863,
1.0639433860778809,
1.0656309127807617,
1.0659555196762085,
1.0643765926361084,
1.0592485666275024,
1.064342975616455,
1.065280795097351,
1.0652997493743896,
1.065165400505066,
1.064838171005249,
1.0647462606430054,
1.0647039413452148,
1.0632280111312866,
1.0547635555267334,
1.0632907152175903,
1.0640475749969482,
1.0607680082321167,
1.0610191822052002,
1.0645174980163574,
1.0599377155303955,
1.0632948875427246,
1.0620160102844238,
1.060431957244873,
1.0632563829421997,
1.0594114065170288,
1.0634982585906982,
1.060100793838501,
1.057822823524475,
1.0611886978149414,
1.0416327714920044,
1.0612651109695435,
1.0647071599960327,
1.0646758079528809,
1.064199686050415,
1.0642273426055908,
1.0633407831192017,
1.0639843940734863,
1.0566306114196777,
1.0506681203842163,
1.0581079721450806,
1.0576059818267822,
1.0566359758377075,
1.0612691640853882,
1.0516760349273682,
1.0553004741668701,
1.0627018213272095,
1.0610655546188354,
1.0611809492111206,
1.062433123588562,
1.0624239444732666,
1.0626174211502075,
1.0624300241470337,
1.0621339082717896,
1.0594182014465332,
1.0596466064453125,
1.06248140335083,
1.062648057937622,
1.0614039897918701,
1.0621485710144043,
1.0609982013702393,
1.0577870607376099,
1.0604461431503296,
1.061580777168274,
1.0617605447769165,
1.0619983673095703,
1.0580443143844604,
1.0528724193572998,
1.0519124269485474,
1.0547195672988892,
1.0373892784118652,
1.0544936656951904,
1.0616810321807861,
1.0611735582351685,
1.0567898750305176,
1.058566689491272,
1.058822512626648,
1.0564708709716797,
1.0601410865783691,
1.060351848602295,
1.043339729309082,
1.0541841983795166,
1.06122887134552,
1.0553481578826904,
1.0458348989486694,
1.0319517850875854,
1.0377041101455688,
1.060620665550232,
1.0561803579330444,
1.060632348060608,
1.0449975728988647,
1.054419755935669,
1.0489054918289185,
1.0554414987564087,
1.0516955852508545,
1.05519437789917,
1.0581467151641846,
1.057613492012024,
1.0603171586990356,
1.0592100620269775,
1.0591291189193726,
1.0565674304962158,
1.0491639375686646,
1.054124116897583,
1.0576698780059814,
1.0490658283233643,
1.038256287574768,
1.0370495319366455,
1.0454539060592651,
1.054445743560791,
1.058341383934021,
1.0599172115325928,
1.0553007125854492,
1.0602920055389404,
1.0600206851959229,
1.0598835945129395,
1.0597323179244995,
1.0585767030715942,
1.0548909902572632,
1.0422643423080444,
1.0476429462432861,
1.0499764680862427,
1.047174334526062,
1.0568609237670898,
1.0550711154937744,
1.059273362159729,
1.0589548349380493,
1.0594427585601807,
1.0578744411468506,
1.0580185651779175,
1.059449315071106,
1.059084177017212,
1.057032823562622,
1.0591824054718018,
1.0587294101715088,
1.0488758087158203,
1.0270613431930542,
1.0464860200881958,
1.057958960533142,
1.0580695867538452,
1.0549595355987549,
1.0477416515350342,
1.0500447750091553,
1.0588594675064087,
1.0585012435913086,
1.058695912361145,
1.057983636856079,
1.0585300922393799,
1.0523983240127563,
1.0459152460098267,
1.056133508682251,
1.0572682619094849,
1.0476447343826294,
1.0562238693237305,
1.0566365718841553,
1.04326593875885,
1.0468899011611938,
1.0565873384475708,
1.0547749996185303,
1.055188775062561,
1.057547926902771,
1.0491458177566528,
1.0529570579528809,
1.053812861442566,
1.0576051473617554,
1.057596206665039,
1.053377389907837,
1.0461477041244507,
1.0291051864624023,
1.0108020305633545,
1.0330288410186768,
1.0574215650558472,
1.055820345878601,
1.0555702447891235,
1.0560541152954102,
1.0573352575302124,
1.0533875226974487,
1.056016445159912,
1.0494928359985352,
1.0555506944656372,
1.0530340671539307,
1.041050910949707,
1.0493277311325073,
1.0556364059448242,
1.056957721710205,
1.0567718744277954,
1.0566562414169312,
1.056532382965088,
1.0564496517181396,
1.0567361116409302,
1.0568913221359253,
1.054943323135376,
1.0554826259613037,
1.0559825897216797,
1.0543705224990845,
1.0554795265197754,
1.0296201705932617,
1.0230191946029663,
1.0230191946029663,
1.0512592792510986,
1.0535718202590942,
1.0440689325332642,
1.0477356910705566,
1.050999641418457,
1.0555146932601929,
1.055098533630371,
1.0508887767791748,
1.040292501449585,
1.033109188079834,
1.052225947380066,
1.052225947380066,
1.045799732208252,
1.0534018278121948,
1.0440475940704346,
1.0382686853408813,
1.0342624187469482,
1.0482240915298462,
1.0554251670837402,
1.0468471050262451,
1.0531595945358276,
1.0492793321609497,
1.0354382991790771,
1.034169316291809,
1.0408134460449219,
1.0517044067382812,
1.0467603206634521,
1.0540043115615845,
1.055079460144043,
1.053934097290039,
1.0524239540100098,
1.051232099533081,
1.0449504852294922,
1.0239288806915283,
1.050086259841919,
1.0543066263198853,
1.0507540702819824,
1.045604944229126,
1.0511116981506348,
1.053678274154663,
1.052654504776001,
1.0488333702087402,
1.0500342845916748,
1.050843358039856,
1.0516891479492188,
1.0483967065811157,
1.0464915037155151,
1.0422208309173584,
1.0544376373291016,
1.0541025400161743,
1.050632357597351,
1.046755075454712,
1.0401802062988281,
1.0512079000473022,
1.048334002494812,
1.0524790287017822,
1.0541601181030273,
1.0535887479782104,
1.0514074563980103,
1.052656888961792,
1.028161883354187,
1.0542315244674683,
1.0540398359298706,
1.0528572797775269,
1.0216026306152344,
1.0268763303756714,
1.046093225479126,
1.0488296747207642,
1.0314292907714844,
1.026653528213501,
1.0367029905319214,
1.0502266883850098,
1.0535200834274292,
1.0544344186782837,
1.052042841911316,
1.0492407083511353,
1.0525217056274414,
1.0447494983673096,
1.0468082427978516,
1.0487033128738403,
1.0531344413757324,
1.0521197319030762,
1.0528525114059448,
1.050240159034729,
1.0390797853469849,
1.043781042098999,
1.0497972965240479,
1.052450180053711,
1.0522059202194214,
1.0516083240509033,
1.0472960472106934,
1.048298954963684,
1.0501099824905396,
1.0508047342300415,
1.0417972803115845,
1.0494848489761353,
1.0511717796325684,
1.0464046001434326,
1.0440245866775513,
1.0411466360092163,
1.0482420921325684,
1.045193076133728,
1.0419752597808838,
1.0461866855621338,
1.0419799089431763,
1.0330361127853394,
1.0488917827606201,
1.0213207006454468,
1.0297343730926514,
1.0417689085006714,
1.048494577407837,
1.046324610710144,
1.0397757291793823,
1.031178593635559,
1.050776481628418,
1.0483648777008057,
1.0188865661621094,
1.0228972434997559,
1.0449832677841187,
1.0506728887557983,
1.0458556413650513,
1.0445747375488281,
1.045566201210022,
1.0490072965621948,
1.0385913848876953,
1.0413192510604858,
1.0266444683074951,
1.0413044691085815,
1.044848084449768,
1.0083523988723755,
1.0387102365493774,
1.0444817543029785,
1.045436978340149,
1.049497127532959,
1.035765290260315,
1.0399912595748901,
1.0456713438034058,
1.0503968000411987,
1.0502243041992188,
1.0413750410079956,
1.0464589595794678,
1.0481468439102173,
1.0373371839523315,
1.0364875793457031,
1.0493351221084595,
1.0497355461120605,
1.0395272970199585,
1.0406383275985718,
1.0497753620147705,
1.0434486865997314,
1.0462769269943237,
1.0487804412841797,
1.0395762920379639,
1.0306819677352905,
1.0187240839004517,
1.037205696105957,
1.0447723865509033,
1.0487778186798096,
1.04714035987854,
1.04750394821167,
1.0489834547042847,
1.0486421585083008,
1.0454360246658325,
1.0426677465438843,
1.0458816289901733,
1.047705888748169,
1.0429558753967285,
1.0347645282745361,
1.0433051586151123,
1.042357325553894,
1.0335115194320679,
1.0475713014602661,
1.044792652130127,
1.0456300973892212,
1.04616117477417,
1.0428686141967773,
1.0454813241958618,
1.045178771018982,
1.0478085279464722,
1.028895616531372,
1.0367709398269653,
1.0471447706222534,
1.048181414604187,
1.0348196029663086,
1.042911410331726,
1.0450938940048218,
1.0442761182785034,
1.0383411645889282,
1.044000267982483,
1.0445950031280518,
1.0198556184768677,
1.013453722000122,
1.0466653108596802,
1.0446702241897583,
1.047194480895996,
1.0436742305755615,
1.0432562828063965,
1.045565128326416,
1.0461838245391846,
1.0466902256011963,
1.044335961341858,
1.0425305366516113,
1.047083854675293,
1.0470448732376099,
1.046628475189209,
1.042232632637024,
1.02584707736969,
1.016029953956604,
1.0364809036254883,
1.0430610179901123,
1.0286866426467896,
1.0423035621643066,
1.0487923622131348,
1.047066330909729,
1.0470070838928223,
1.0469002723693848,
1.0458245277404785,
1.0449081659317017,
1.0451658964157104,
1.0452406406402588,
1.0455424785614014,
1.0456031560897827,
1.0444313287734985,
1.0456604957580566,
1.0431082248687744,
1.0450228452682495,
1.0422862768173218,
1.045638918876648,
1.0454965829849243,
1.0456336736679077,
1.046066403388977,
1.0460431575775146,
1.0462754964828491,
1.045606255531311,
1.045958399772644,
1.0458555221557617,
1.0454964637756348,
1.0452570915222168,
1.045472264289856,
1.0452589988708496,
1.0453797578811646,
1.0447604656219482,
1.0447440147399902,
1.0434455871582031,
1.044229507446289,
1.044921636581421,
1.0441749095916748,
1.0446358919143677,
1.0445060729980469,
1.0447438955307007,
1.0444782972335815,
1.0443254709243774,
1.0444608926773071,
1.0439518690109253,
1.0435220003128052,
1.044123649597168,
1.0440362691879272,
1.0443620681762695,
1.0445196628570557,
1.0446538925170898,
1.035649061203003,
1.0448005199432373,
1.0449328422546387,
1.0440175533294678,
1.044529914855957,
1.0443071126937866,
1.043954849243164,
1.0434956550598145,
1.0409904718399048,
1.0420830249786377,
1.0425201654434204,
1.0428740978240967,
1.0430234670639038,
1.042229413986206,
1.0431945323944092,
1.0406314134597778,
1.040603756904602,
1.0410354137420654,
1.042331576347351,
1.0378183126449585,
1.0414659976959229,
1.042851448059082,
1.0410734415054321,
1.0414201021194458,
1.041479229927063,
1.0417826175689697,
1.0416553020477295,
1.0396785736083984,
1.0419347286224365,
1.0411887168884277,
1.0420215129852295,
1.0406326055526733,
1.040574312210083,
1.0409798622131348,
1.040158987045288,
1.0408434867858887,
1.0411508083343506,
1.0402839183807373,
1.0407168865203857,
1.0403634309768677,
1.0401803255081177,
1.040533423423767,
1.0403071641921997,
1.0396605730056763,
1.0358036756515503,
1.0407007932662964,
1.0412958860397339,
1.0409629344940186,
1.0403105020523071,
1.0368003845214844,
1.0414299964904785,
1.0393990278244019,
1.0405300855636597,
1.0405751466751099,
1.0400993824005127,
1.0386472940444946,
1.0389182567596436,
1.0392370223999023,
1.0391384363174438,
1.0393173694610596,
1.0401068925857544,
1.038788080215454,
1.039635181427002,
1.039667010307312,
1.0403285026550293,
1.0378004312515259,
1.0398613214492798,
1.0400235652923584,
1.0393688678741455,
1.0396851301193237,
1.039723515510559,
1.0389184951782227,
1.0387853384017944,
1.040008783340454,
1.0394874811172485,
1.0394107103347778,
1.0392670631408691,
1.0396254062652588,
1.0389411449432373,
1.0390363931655884,
1.0392825603485107,
1.0391037464141846,
1.0388460159301758,
1.039366602897644,
1.0385113954544067,
1.0387632846832275,
1.0385760068893433,
1.0396156311035156,
1.0384244918823242,
1.0382351875305176,
1.0381808280944824,
1.0384666919708252,
1.0386316776275635,
1.0389283895492554,
1.0384308099746704,
1.0382921695709229,
1.0383285284042358,
1.0391219854354858,
1.0387061834335327,
1.0389125347137451,
1.0385894775390625,
1.0391204357147217,
1.0386713743209839,
1.0392003059387207,
1.038798451423645,
1.0387524366378784,
1.0382270812988281,
1.038261890411377,
1.038129210472107,
1.038643479347229,
1.0383797883987427,
1.0387344360351562,
1.0384081602096558,
1.0384032726287842,
1.0382508039474487,
1.0386004447937012,
1.038269281387329,
1.038015365600586,
1.0380089282989502,
1.038156270980835,
1.0380909442901611,
1.0380572080612183,
1.038161277770996,
1.037667989730835,
1.038175106048584,
1.037522315979004,
1.0377137660980225,
1.0376038551330566,
1.0376380681991577,
1.0366722345352173,
1.0371882915496826,
1.0370780229568481,
1.0373185873031616,
1.0374083518981934,
1.0364586114883423,
1.0368802547454834,
1.036782145500183,
1.0364487171173096,
1.036749243736267,
1.036824345588684,
1.0368503332138062,
1.0369880199432373,
1.036645770072937,
1.037050724029541,
1.0366220474243164,
1.0364360809326172,
1.0369772911071777,
1.0366753339767456,
1.0366201400756836,
1.0367017984390259,
1.0367680788040161,
1.0366604328155518,
1.0359208583831787,
1.036232829093933,
1.0359840393066406,
1.0362861156463623,
1.036345362663269,
1.0361642837524414,
1.0363283157348633,
1.0353702306747437,
1.0361522436141968,
1.0350223779678345,
1.035448431968689,
1.0357890129089355,
1.0352586507797241,
1.0355474948883057,
1.035186767578125,
1.0354268550872803,
1.0355663299560547,
1.035010576248169,
1.0355738401412964,
1.0350093841552734,
1.0350747108459473,
1.0354927778244019,
1.0352503061294556,
1.0349738597869873,
1.0339727401733398,
1.034607172012329,
1.0343042612075806,
1.034834384918213,
1.0343127250671387,
1.0341734886169434,
1.0342456102371216,
1.0344390869140625,
1.0346418619155884,
1.0343549251556396,
1.0341081619262695,
1.0344794988632202,
1.0339148044586182,
1.0337666273117065,
1.0336525440216064,
1.0340583324432373,
1.0336003303527832,
1.0338551998138428,
1.0333118438720703,
1.0332231521606445,
1.0332280397415161,
1.033473014831543,
1.0336952209472656,
1.0333788394927979,
1.0328727960586548,
1.0331461429595947,
1.033215880393982,
1.0333443880081177,
1.0333019495010376,
1.0333361625671387,
1.033467173576355,
1.0331817865371704,
1.0333894491195679,
1.0322922468185425,
1.033007025718689,
1.0323262214660645,
1.032813549041748,
1.0329383611679077,
1.0318870544433594,
1.0326154232025146,
1.0322177410125732,
1.0326695442199707,
1.0319156646728516,
1.031868815422058,
1.0317391157150269,
1.0314549207687378,
1.0316801071166992,
1.0319879055023193,
1.0311485528945923,
1.031328558921814,
1.0317590236663818,
1.0315966606140137,
1.03108549118042,
1.0308088064193726,
1.0318278074264526,
1.031197190284729,
1.031487226486206,
1.0308221578598022,
1.0314685106277466,
1.0314584970474243,
1.030561089515686,
1.030556082725525,
1.0305159091949463,
1.0305265188217163,
1.0301960706710815,
1.030443549156189,
1.0300729274749756,
1.030324101448059,
1.0298240184783936,
1.0300222635269165,
1.0302869081497192,
1.0302252769470215,
1.0294286012649536,
1.0298998355865479,
1.0293538570404053,
1.0295745134353638,
1.0293983221054077,
1.0291621685028076,
1.0294920206069946,
1.0296541452407837,
1.0298068523406982,
1.0290333032608032,
1.0291199684143066,
1.0288749933242798,
1.0289192199707031,
1.028962254524231,
1.0289677381515503,
1.0290465354919434,
1.0288138389587402,
1.0284738540649414,
1.0282299518585205,
1.0283465385437012,
1.0281202793121338,
1.027756690979004,
1.0280869007110596,
1.0284221172332764,
1.02830171585083,
1.0277656316757202,
1.0279706716537476,
1.027876853942871,
1.027121663093567,
1.0272592306137085,
1.0275092124938965,
1.026854395866394,
1.0272599458694458,
1.0270068645477295,
1.0265244245529175,
1.0268919467926025,
1.0264719724655151,
1.0267000198364258,
1.026498556137085,
1.0266767740249634,
1.026209831237793,
1.021924614906311,
1.0233371257781982,
1.0229029655456543,
1.0234386920928955,
1.02379310131073,
1.0237722396850586,
1.023198127746582,
1.0237292051315308,
1.0241010189056396,
1.0234103202819824,
1.0231420993804932,
1.023101568222046,
1.0231484174728394,
1.0223714113235474,
1.0223588943481445,
1.0228825807571411,
1.0219088792800903,
1.0224374532699585,
1.0220283269882202,
1.0216338634490967,
1.0221307277679443,
1.0223149061203003,
1.0204873085021973,
1.0176275968551636,
1.0215729475021362,
1.0216165781021118,
1.0208641290664673,
1.0197107791900635,
1.0209698677062988,
1.0189363956451416,
1.0164060592651367,
1.020254135131836,
1.020687222480774,
1.0197871923446655,
1.019545316696167,
1.0201162099838257,
1.0184565782546997,
1.0203590393066406,
1.0201092958450317,
1.02020263671875,
1.0195202827453613,
1.0197720527648926,
1.0181691646575928,
1.0185210704803467,
1.0187052488327026,
1.0195331573486328,
1.0186073780059814,
1.0180162191390991,
1.0134369134902954,
1.0184005498886108,
1.0174760818481445,
1.0177836418151855,
1.0183128118515015,
1.0176650285720825,
1.0164693593978882,
1.0172715187072754,
1.0171051025390625,
1.0164943933486938,
1.014506459236145,
1.0132094621658325,
1.0102531909942627,
1.0165164470672607,
1.0157753229141235,
1.0154367685317993,
1.0130091905593872,
1.0164358615875244,
1.0165470838546753,
1.0154967308044434,
1.0148509740829468,
1.0150933265686035,
1.0153846740722656,
1.0138524770736694,
1.015491247177124,
1.01471745967865,
1.0139981508255005,
1.0144351720809937,
1.01221764087677,
1.0146152973175049,
1.0136393308639526,
1.0137149095535278,
1.0144308805465698,
1.0119208097457886,
1.0136409997940063,
1.0066875219345093,
1.0134527683258057,
1.0128262042999268,
1.0120019912719727,
1.012368083000183,
1.011418104171753,
1.0119541883468628,
1.0117641687393188,
1.0119379758834839,
1.011486291885376,
1.0116440057754517,
1.0114582777023315,
1.010619878768921,
1.0110679864883423,
1.0115182399749756,
1.0109721422195435,
1.010512113571167,
1.0072364807128906,
1.010587453842163,
1.0095510482788086,
1.0101733207702637,
1.0098952054977417,
1.0091304779052734,
1.008054256439209,
1.0092908143997192,
1.0089261531829834,
1.0084105730056763,
1.008599877357483,
1.007118821144104,
1.0081844329833984,
1.008123755455017,
1.0051038265228271,
1.0082180500030518,
1.004054069519043,
1.0070792436599731,
1.0076937675476074,
1.0061745643615723,
1.0067907571792603,
1.0041286945343018,
1.0071228742599487,
1.006411075592041,
1.0057812929153442,
1.006893515586853,
1.0062822103500366,
1.005854606628418,
1.0060986280441284,
1.006163239479065,
1.0046504735946655,
1.0046849250793457,
1.0004624128341675,
1.0047063827514648,
1.0041738748550415,
1.0046271085739136,
1.0041563510894775,
1.0028373003005981,
1.0036579370498657,
1.0024526119232178,
1.003900408744812,
0.9972342252731323,
1.0000827312469482,
1.0036265850067139,
1.002431869506836,
1.002044677734375,
0.9995936751365662,
1.0010324716567993,
1.00056791305542,
1.0009222030639648,
1.0018596649169922,
0.9974498152732849,
1.0008701086044312,
1.0010803937911987,
1.0007550716400146,
1.0000934600830078,
1.0008114576339722,
1.0003148317337036,
0.9993468523025513,
0.999862790107727,
0.999752402305603,
0.9992680549621582,
0.9987392425537109,
0.997833788394928,
0.9987994432449341,
0.9978975653648376,
0.9981512427330017,
0.9980602860450745,
0.997665524482727,
0.9972730875015259,
0.9976339936256409,
0.9968165159225464,
0.9944465160369873,
0.9960577487945557,
0.9963147044181824,
0.9964848756790161,
0.9954580664634705,
0.9957916736602783,
0.9950251579284668,
0.9918134808540344,
0.995461642742157,
0.9957689642906189,
0.9941234588623047,
0.9948781132698059,
0.9949623942375183,
0.9942797422409058,
0.9935843348503113,
0.9920865297317505,
0.9935376048088074,
0.992984414100647,
0.9927130937576294,
0.9927557110786438,
0.9927483201026917,
0.992672324180603,
0.991910994052887,
0.9918338656425476,
0.9911837577819824,
0.991431474685669,
0.9906069040298462,
0.9912765622138977,
0.9912170767784119,
0.9898505806922913,
0.9903675317764282,
0.9900155663490295,
0.9901580214500427,
0.9891481995582581,
0.9895426630973816,
0.9893541932106018,
0.9880858659744263,
0.9887816905975342,
0.9887207746505737,
0.9891084432601929,
0.9883584976196289,
0.9880543947219849,
0.9885475039482117,
0.9851491451263428,
0.9875586032867432,
0.9877169132232666,
0.9873799085617065,
0.9864694476127625,
0.9868889451026917,
0.9868704080581665,
0.9865278005599976,
0.9856482744216919,
0.9861618280410767,
0.9854267239570618,
0.9848538041114807,
0.9852877259254456,
0.9849646687507629,
0.9854384660720825,
0.9841806888580322,
0.9850308299064636,
0.9845921993255615,
0.983579695224762,
0.9834595322608948,
0.9843207597732544,
0.9839716553688049,
0.9832689762115479,
0.9831439256668091,
0.9830313324928284,
0.9834370613098145,
0.9824271202087402,
0.9829836487770081,
0.983091413974762,
0.9820705056190491,
0.9821702837944031,
0.982109546661377,
0.9824011921882629,
0.980874240398407,
0.9816823601722717,
0.9808847308158875,
0.980948269367218,
0.9807253479957581,
0.9801061153411865,
0.9810139536857605,
0.9803673624992371,
0.9801613688468933,
0.9797309041023254,
0.9800446629524231,
0.9798052906990051,
0.9799160361289978,
0.9794957637786865,
0.9783989191055298,
0.9778149724006653,
0.9789193272590637,
0.9782909154891968,
0.977539598941803,
0.9782269597053528,
0.9776405692100525,
0.9778116345405579,
0.9772866368293762,
0.977057158946991,
0.9771621823310852,
0.9769658446311951,
0.9769071340560913,
0.976474940776825,
0.9764829874038696,
0.9755120277404785,
0.9762065410614014,
0.9760427474975586,
0.9754363894462585,
0.9753570556640625,
0.9757471680641174,
0.9755045175552368,
0.9747089147567749,
0.9737941026687622,
0.9745419025421143,
0.9749648571014404,
0.973827600479126,
0.9742591381072998,
0.9745967388153076,
0.9725733399391174,
0.9723527431488037,
0.9733816385269165,
0.9743561148643494,
0.9733520150184631,
0.9732308983802795,
0.9729615449905396,
0.9722034931182861,
0.9721713662147522,
0.9726863503456116,
0.9722530841827393,
0.9719728827476501,
0.9710783958435059,
0.9715210795402527,
0.9715211987495422,
0.9721581935882568,
0.9712933301925659,
0.9713644981384277,
0.9713367819786072,
0.9704314470291138,
0.9709605574607849,
0.9713281989097595,
0.9706743359565735,
0.9692535996437073,
0.9700546264648438,
0.969756007194519,
0.9703802466392517,
0.9692083597183228,
0.9691611528396606,
0.968789279460907,
0.9683521389961243,
0.968204915523529,
0.9685945510864258,
0.9684014320373535,
0.9674950242042542,
0.9677123427391052,
0.9675474166870117,
0.9675439596176147,
0.9666305780410767,
0.9647095203399658,
0.9660748839378357,
0.9661571383476257,
0.9659594297409058,
0.9658324718475342,
0.9656553864479065,
0.9641537666320801,
0.9645591974258423,
0.9651705622673035,
0.9647492170333862,
0.9640777707099915,
0.963898777961731,
0.9642209410667419,
0.9640776515007019,
0.9609511494636536,
0.9634974002838135,
0.9636382460594177,
0.9633166193962097,
0.9621334075927734,
0.9630837440490723,
0.9629467129707336,
0.9621335864067078,
0.9613969922065735,
0.9622607827186584,
0.9625582098960876,
0.9621995687484741,
0.9621038436889648,
0.9620747566223145,
0.961674153804779,
0.9610319137573242,
0.9597843885421753,
0.9610543251037598,
0.9611551761627197,
0.9601999521255493,
0.9603279232978821,
0.9603998064994812,
0.9582460522651672,
0.9591537117958069,
0.9598129391670227,
0.9597981572151184,
0.9598482251167297,
0.9591557383537292,
0.9587275981903076,
0.9588040709495544,
0.9587598443031311,
0.9583624005317688,
0.9580436944961548,
0.9582033157348633,
0.9576300382614136,
0.9580869078636169,
0.9580042958259583,
0.9569658041000366,
0.9563504457473755,
0.956587553024292,
0.9568176865577698,
0.9570510983467102,
0.9560365676879883,
0.9560124278068542,
0.9559310078620911,
0.9560118317604065,
0.9554986953735352,
0.9551236629486084,
0.9558555483818054,
0.955978512763977,
0.9555258750915527,
0.9552570581436157,
0.955497682094574,
0.9544567465782166,
0.9539426565170288,
0.9540145993232727,
0.9545716643333435,
0.953419029712677,
0.9534766674041748,
0.9536213874816895,
0.9533604383468628,
0.9516929388046265,
0.9519957304000854,
0.9510535001754761,
0.952847957611084,
0.9521799087524414,
0.9521999955177307,
0.9520947337150574,
0.9520692229270935,
0.9513131976127625,
0.949812650680542,
0.9513081312179565,
0.9508748650550842,
0.951171338558197,
0.9505681395530701,
0.9506022334098816,
0.949369490146637,
0.9499891400337219,
0.9499584436416626,
0.950426459312439,
0.9496366381645203,
0.9493411183357239,
0.9491979479789734,
0.9489204287528992,
0.9483110308647156,
0.9484047889709473,
0.9484144449234009,
0.9482635259628296,
0.9478573799133301,
0.947860062122345,
0.9477893114089966,
0.9477118253707886,
0.9470270872116089,
0.9469897150993347,
0.9465553164482117,
0.9464008212089539,
0.9461697936058044,
0.9461649656295776,
0.9468362927436829,
0.9439560174942017,
0.9460659623146057,
0.9455325603485107,
0.9453586339950562,
0.9438408613204956,
0.94441157579422,
0.9444751143455505,
0.9443552494049072,
0.9431692361831665,
0.9433609843254089,
0.9353939890861511,
0.9433704018592834,
0.9414613842964172,
0.9430932402610779,
0.9433849453926086,
0.9416242241859436,
0.9416138529777527,
0.9394357204437256,
0.9419741630554199,
0.9415382146835327,
0.9410641193389893,
0.9328608512878418,
0.9402207136154175,
0.9391282796859741,
0.9390460848808289,
0.940262496471405,
0.9387621283531189,
0.9398815035820007,
0.939194917678833,
0.9389508962631226,
0.9392303824424744,
0.9392170906066895,
0.9385901093482971,
0.9383701682090759,
0.9387841820716858,
0.9377492666244507,
0.9377642869949341,
0.9371836185455322,
0.937341034412384,
0.9370574355125427,
0.9360934495925903,
0.9367484450340271,
0.9359250664710999,
0.9360105991363525,
0.9337016940116882,
0.9358034133911133,
0.9356840252876282,
0.9349705576896667,
0.9353405833244324,
0.933771550655365,
0.9351228475570679,
0.933910608291626,
0.9341192841529846,
0.9338045120239258,
0.9333910346031189,
0.9324036836624146,
0.9303427338600159,
0.9331464767456055,
0.9323882460594177,
0.9308388829231262,
0.9300098419189453,
0.9311869740486145,
0.9309635162353516,
0.9313644170761108,
0.931222140789032,
0.9310057163238525,
0.9307159185409546,
0.9228309988975525,
0.9291185736656189,
0.9302476644515991,
0.9239774346351624,
0.9286366105079651,
0.9288322925567627,
0.9285935163497925,
0.9245451092720032,
0.9278246760368347,
0.9279980063438416,
0.9275516271591187,
0.9274541139602661,
0.9267023205757141,
0.9270694255828857,
0.9262157082557678,
0.9258788824081421,
0.9252784848213196,
0.9029656052589417,
0.9259340167045593,
0.9256412982940674,
0.9224189519882202,
0.9222784638404846,
0.9239406585693359,
0.9248729944229126,
0.9161834120750427,
0.9230203032493591,
0.9219558835029602,
0.8999404907226562,
0.9225522875785828,
0.9225417971611023,
0.9200350642204285,
0.9212768077850342,
0.9215695261955261,
0.9193376898765564,
0.9175955653190613,
0.9207049608230591,
0.9204376935958862,
0.9007486701011658,
0.9190948605537415,
0.9111427068710327,
0.9144954681396484,
0.916727602481842,
0.9183063507080078,
0.9150823354721069,
0.9180724620819092,
0.9177825450897217,
0.9177753329277039,
0.9175027012825012,
0.9175254702568054,
0.916924774646759,
0.9170618057250977,
0.9166055917739868,
0.9163013100624084,
0.90858393907547,
0.9144001603126526,
0.9153745174407959,
0.9156519174575806,
0.9142972230911255,
0.9144827723503113,
0.9143698811531067,
0.9105392098426819,
0.9124547839164734,
0.9134811758995056,
0.9046109318733215,
0.9132547974586487,
0.9126200675964355,
0.9123232364654541,
0.9093577265739441,
0.9056373834609985,
0.9095191359519958,
0.9110245108604431,
0.9105119705200195,
0.9102239012718201,
0.9093911051750183,
0.9096319079399109,
0.90578693151474,
0.9093871116638184,
0.9084259867668152,
0.8963764309883118,
0.9086468815803528,
0.9078541994094849,
0.9074149131774902,
0.8997538089752197,
0.9069170951843262,
0.9066938757896423,
0.8966219425201416,
0.9062876105308533,
0.9054625034332275,
0.9060643315315247,
0.904719889163971,
0.9047425389289856,
0.9047723412513733,
0.8996133804321289,
0.9036240577697754,
0.9031158089637756,
0.8970129489898682,
0.9030229449272156,
0.9025787711143494,
0.8942663669586182,
0.9017112851142883,
0.9017000794410706,
0.8941314816474915,
0.9001061916351318,
0.900772750377655,
0.900458574295044,
0.900001049041748,
0.8991878032684326,
0.8820196986198425,
0.8986929655075073,
0.8987070322036743,
0.897990345954895,
0.8977422118186951,
0.8969356417655945,
0.8968587517738342,
0.8962823748588562,
0.8923274278640747,
0.8960751295089722,
0.893653154373169,
0.895637571811676,
0.8947209119796753,
0.8936338424682617,
0.8935068845748901,
0.894582986831665,
0.8934174180030823,
0.8935601115226746,
0.8908990621566772,
0.8927584290504456,
0.8920201063156128,
0.8912768363952637,
0.891367495059967,
0.8915590643882751,
0.8904470801353455,
0.8905979990959167,
0.8879881501197815,
0.8901330828666687,
0.8893030881881714,
0.8890051245689392,
0.8876555562019348,
0.8872581124305725,
0.8879958987236023,
0.8875231742858887,
0.8874140381813049,
0.8869929313659668,
0.8866191506385803,
0.8860580325126648,
0.8861976265907288,
0.8859732151031494,
0.8854346871376038,
0.8845462203025818,
0.8846240639686584,
0.8843314051628113,
0.8828082084655762,
0.0,
0.0,
0.0,
0.0,
0.0,
0.0,
0.0,
0.0,
0.0,
0.0,
0.0,
0.0,
0.0,
0.0,
0.0,
0.0,
0.0,
0.0,
0.0,
0.0,
0.0,
0.0,
0.0,
0.0,
0.0,
0.0,
0.0,
0.0,
0.0,
0.0,
0.0,
0.0,
0.0,
0.0,
0.0,
0.0,
0.0,
0.0,
0.0,
0.0,
0.0,
0.0,
0.0,
0.0,
0.0,
0.0,
0.0,
0.0,
0.0,
0.0,
0.0,
0.0,
0.0,
0.0,
0.0,
0.0,
0.0,
0.0,
0.0,
0.0,
0.0,
0.0,
0.0,
0.0,
0.0,
0.0,
0.0,
0.0,
0.0,
0.0,
0.0,
0.0,
0.0,
0.0,
0.0,
0.0,
0.0,
0.0,
0.0,
0.0,
0.0,
0.0,
0.0,
0.0,
0.0,
0.0,
0.0,
0.0,
0.0,
0.0,
0.0,
0.0,
0.0,
0.0,
0.0,
0.0,
0.0,
0.0,
0.0,
0.0,
0.0,
0.0,
0.0,
0.0,
0.0,
0.0,
0.0,
0.0,
0.0,
0.0,
0.0,
0.0,
0.0,
0.0,
0.0,
0.0,
0.0,
0.0,
0.0,
0.0,
0.0,
0.0,
0.0,
0.0,
0.0,
0.0,
0.0,
0.0,
0.0,
0.0,
0.0,
0.0,
0.0,
0.0,
0.0,
0.0,
0.0,
0.0,
0.0,
0.0,
0.0,
0.0,
0.0,
0.0,
0.0,
0.0,
0.0,
0.0,
0.0,
0.0,
0.0,
0.0,
0.0,
0.0,
0.0,
0.0,
0.0,
0.0,
0.0,
0.0,
0.0,
0.0,
0.0,
0.0,
0.0,
0.0,
0.0,
0.0,
0.0,
0.0,
0.0,
0.0,
0.0,
0.0,
0.0,
0.0,
0.0,
0.0,
0.0,
0.0,
0.0,
0.0,
0.0,
0.0,
0.0,
0.0,
0.0,
0.0,
0.0,
0.0,
0.0,
0.0,
0.0,
0.0,
0.0,
0.0,
0.0,
0.0,
0.0,
0.0,
0.0,
0.0,
0.0,
0.0,
0.0,
0.0,
0.0,
0.0,
0.0,
0.0,
0.0,
0.0,
0.0,
0.0,
0.0,
0.0,
0.0,
0.0,
0.0,
0.0,
0.0,
0.0,
0.0,
0.0,
0.0,
0.0,
0.0,
0.0,
0.0,
0.0,
0.0,
0.0,
0.0,
0.0,
0.0,
0.0,
0.0,
0.0,
0.0,
0.0,
0.0,
0.0,
0.0,
0.0,
0.0,
0.0,
0.0,
0.0,
0.0,
0.0,
0.0,
0.0,
0.0,
0.0,
0.0,
0.0,
0.0,
0.0,
0.0,
0.0,
0.0,
0.0,
0.0,
0.0,
0.0,
0.0,
0.0,
0.0,
0.0,
0.0,
0.0,
0.0,
0.0,
0.0,
0.0,
0.0,
0.0,
0.0,
0.0,
0.0,
0.0,
0.0,
0.0,
0.0,
0.0,
0.0,
0.0,
0.0,
0.0,
0.0,
0.0,
0.0,
0.0,
0.0,
0.0,
0.0,
0.0,
0.0,
0.0,
0.0,
0.0,
0.0,
0.0,
0.0,
0.0,
0.0,
0.0,
0.0,
0.0,
0.0,
0.0,
0.0,
0.0,
0.0,
0.0,
0.0,
0.0,
0.0,
0.0,
0.0,
0.0,
0.0,
0.0,
0.0,
0.0,
0.0,
0.0,
0.0,
0.0,
0.0,
0.0,
0.0,
0.0,
0.0,
0.0,
0.0,
0.0,
0.0,
0.0,
0.0,
0.0,
0.0,
0.0,
0.0,
0.0,
0.0,
0.0,
0.0,
0.0,
0.0,
0.0,
0.0,
0.0,
0.0,
0.0,
0.0,
0.0,
0.0,
0.0,
0.0,
0.0,
0.0,
0.0,
0.0,
0.0,
0.0,
0.0,
0.0,
0.0,
0.0,
0.0,
0.0,
0.0,
0.0,
0.0,
0.0,
0.0,
0.0,
0.0,
0.0,
0.0,
0.0,
0.0,
0.0,
0.0,
0.0,
0.0,
0.0,
0.0,
0.0,
0.0,
0.0,
0.0,
0.0,
0.0,
0.0,
0.0,
0.0,
0.0,
0.0,
0.0,
0.0,
0.0,
0.0,
0.0,
0.0,
0.0,
0.0,
0.0,
0.0,
0.0,
0.0,
0.0,
0.0,
0.0,
0.0,
0.0,
0.0,
0.0,
0.0,
0.0,
0.0,
0.0,
0.0,
0.0,
0.0,
0.0,
0.0,
0.0,
0.0,
0.0,
0.0,
0.0,
0.0,
0.0,
0.0,
0.0,
0.0,
0.0,
0.0,
0.0,
0.0,
0.0,
0.0,
0.0,
0.0,
0.0,
0.0,
0.0,
0.0,
0.0,
0.0,
0.0,
