1.0499999523162842,
1.0499999523162842,
1.0499999523162842,
1.0869932174682617,
1.0874817371368408,
1.0877784490585327,
1.0880182981491089,
1.0882632732391357,
1.0884857177734375,
1.0886387825012207,
1.0875365734100342,
1.088927149772644,
1.0889345407485962,
1.0889732837677002,
1.088983416557312,
1.0890285968780518,
1.0891064405441284,
1.089022159576416,
1.0890188217163086,
1.0889872312545776,
1.089042067527771,
1.0891057252883911,
1.089076042175293,
1.0890791416168213,
1.0890413522720337,
1.0889785289764404,
1.0890084505081177,
1.0889564752578735,
1.0890207290649414,
1.0890389680862427,
1.0890233516693115,
1.0890579223632812,
1.0890122652053833,
1.088927149772644,
1.0889241695404053,
1.0889432430267334,
1.0889980792999268,
1.0890864133834839,
1.089050054550171,
1.0890227556228638,
1.089015245437622,
1.0890272855758667,
1.0889867544174194,
1.0888950824737549,
1.088822364807129,
1.088814377784729,
1.0888164043426514,
1.0888208150863647,
1.0887455940246582,
1.08873450756073,
1.088759422302246,
1.0887194871902466,
1.0876069068908691,
1.0890023708343506,
1.0891941785812378,
1.089264988899231,
1.0893054008483887,
1.088880181312561,
1.0887095928192139,
1.0886722803115845,
1.088545322418213,
1.0885627269744873,
1.0885424613952637,
1.0885112285614014,
1.0885270833969116,
1.0884805917739868,
1.088462233543396,
1.0883829593658447,
1.088307499885559,
1.088332176208496,
1.0882982015609741,
1.0882611274719238,
1.088258147239685,
1.088199496269226,
1.088202953338623,
1.0881808996200562,
1.0881431102752686,
1.088067889213562,
1.0881134271621704,
1.088057041168213,
1.0880029201507568,
1.087944507598877,
1.0878753662109375,
1.0878674983978271,
1.0878326892852783,
1.0877726078033447,
1.0877153873443604,
1.087710976600647,
1.0876121520996094,
1.0875440835952759,
1.087470293045044,
1.0874063968658447,
1.0873662233352661,
1.0873219966888428,
1.086039423942566,
1.0872035026550293,
1.0871604681015015,
1.0871658325195312,
1.0871639251708984,
1.0870851278305054,
1.0870329141616821,
1.087011694908142,
1.0869930982589722,
1.0869189500808716,
1.0868399143218994,
1.0867913961410522,
1.08673894405365,
1.0866895914077759,
1.0866152048110962,
1.0865557193756104,
1.0864055156707764,
1.086294412612915,
1.0862293243408203,
1.086316704750061,
1.086348295211792,
1.086251974105835,
1.0862292051315308,
1.0861538648605347,
1.086011528968811,
1.0859848260879517,
1.0858941078186035,
1.0858557224273682,
1.0858513116836548,
1.085801601409912,
1.0857844352722168,
1.0857748985290527,
1.0856813192367554,
1.0855846405029297,
1.0854454040527344,
1.0853924751281738,
1.085337519645691,
1.0852422714233398,
1.085226058959961,
1.0851575136184692,
1.0851000547409058,
1.085016131401062,
1.0837361812591553,
1.0848970413208008,
1.0847474336624146,
1.084687352180481,
1.084625482559204,
1.0846245288848877,
1.0845752954483032,
1.0845544338226318,
1.0845484733581543,
1.0845032930374146,
1.0843310356140137,
1.0842429399490356,
1.0841714143753052,
1.0841439962387085,
1.0840868949890137,
1.0839853286743164,
1.0838983058929443,
1.0838457345962524,
1.083786964416504,
1.0837833881378174,
1.0837159156799316,
1.0836408138275146,
1.0835998058319092,
1.0835317373275757,
1.083437442779541,
1.083376169204712,
1.083323359489441,
1.0832263231277466,
1.0831794738769531,
1.0830745697021484,
1.0830078125,
1.082985281944275,
1.0830892324447632,
1.08307683467865,
1.083076000213623,
1.082923173904419,
1.0826759338378906,
1.082550287246704,
1.0824484825134277,
1.082438349723816,
1.082566499710083,
1.082618236541748,
1.0814284086227417,
1.0826174020767212,
1.0825386047363281,
1.0824263095855713,
1.0822850465774536,
1.082045555114746,
1.0818312168121338,
1.0817222595214844,
1.0816408395767212,
1.0815565586090088,
1.08148193359375,
1.0813758373260498,
1.0813045501708984,
1.0811856985092163,
1.081117868423462,
1.0810376405715942,
1.080966591835022,
1.0809532403945923,
1.080980658531189,
1.081093668937683,
1.081100583076477,
1.0809738636016846,
1.0807479619979858,
1.080522894859314,
1.0803768634796143,
1.0803433656692505,
1.0805660486221313,
1.0806890726089478,
1.0807702541351318,
1.0807764530181885,
1.0807701349258423,
1.080678105354309,
1.0805333852767944,
1.0803511142730713,
1.0799150466918945,
1.0796836614608765,
1.0795525312423706,
1.0794777870178223,
1.0793962478637695,
1.079272747039795,
1.0792129039764404,
1.0791202783584595,
1.0777695178985596,
1.0789120197296143,
1.0788445472717285,
1.0788379907608032,
1.0788530111312866,
1.0789239406585693,
1.0789809226989746,
1.0788335800170898,
1.078623652458191,
1.0783181190490723,
1.0782920122146606,
1.0781127214431763,
1.078100562095642,
1.078169345855713,
1.0782349109649658,
1.078227162361145,
1.0781968832015991,
1.078067421913147,
1.077978491783142,
1.0778332948684692,
1.077530860900879,
1.07737135887146,
1.0772522687911987,
1.0772030353546143,
1.0770853757858276,
1.0770140886306763,
1.0768909454345703,
1.0767474174499512,
1.0766555070877075,
1.07658851146698,
1.0765326023101807,
1.0765025615692139,
1.0764153003692627,
1.0764884948730469,
1.0765537023544312,
1.0764800310134888,
1.0763020515441895,
1.0760122537612915,
1.075898289680481,
1.0757652521133423,
1.075709342956543,
1.0758099555969238,
1.0746277570724487,
1.0758564472198486,
1.0758475065231323,
1.0757807493209839,
1.075684905052185,
1.0755997896194458,
1.0753077268600464,
1.0750561952590942,
1.0749857425689697,
1.0748770236968994,
1.074832558631897,
1.0747060775756836,
1.0746110677719116,
1.0745394229888916,
1.0744216442108154,
1.0743166208267212,
1.0742233991622925,
1.0741815567016602,
1.0740182399749756,
1.0740244388580322,
1.074103832244873,
1.074072241783142,
1.073888897895813,
1.0737323760986328,
1.0737262964248657,
1.0735716819763184,
1.0734957456588745,
1.0734573602676392,
1.0735304355621338,
1.0735926628112793,
1.0736451148986816,
1.073595643043518,
1.073551893234253,
1.0734840631484985,
1.0733623504638672,
1.073016881942749,
1.072706937789917,
1.0727310180664062,
1.0725592374801636,
1.0724784135818481,
1.0723930597305298,
1.0722994804382324,
1.0709567070007324,
1.0720462799072266,
1.071928858757019,
1.0718159675598145,
1.0716898441314697,
1.071608543395996,
1.071600079536438,
1.0714561939239502,
1.0714731216430664,
1.0714055299758911,
1.0712896585464478,
1.0712018013000488,
1.0710389614105225,
1.07095468044281,
1.0709428787231445,
1.070932388305664,
1.0709270238876343,
1.070877194404602,
1.0708006620407104,
1.0707414150238037,
1.0706943273544312,
1.070389986038208,
1.070191502571106,
1.0701693296432495,
1.0700517892837524,
1.069983959197998,
1.0698742866516113,
1.0697906017303467,
1.0696972608566284,
1.0696096420288086,
1.069536566734314,
1.0694457292556763,
1.0692811012268066,
1.0694334506988525,
1.0698431730270386,
1.070124864578247,
1.070137858390808,
1.0700198411941528,
1.0699108839035034,
1.0697909593582153,
1.069716215133667,
1.0698693990707397,
1.0688745975494385,
1.070224642753601,
1.0703539848327637,
1.0703644752502441,
1.0704039335250854,
1.0703321695327759,
1.0702847242355347,
1.0699899196624756,
1.0695964097976685,
1.0692270994186401,
1.0689191818237305,
1.0687077045440674,
1.0685503482818604,
1.0684105157852173,
1.068313717842102,
1.068253517150879,
1.0681387186050415,
1.0680725574493408,
1.0678529739379883,
1.0675657987594604,
1.0677546262741089,
1.0676401853561401,
1.0677261352539062,
1.067581057548523,
1.0674428939819336,
1.0672869682312012,
1.067137360572815,
1.0671494007110596,
1.067264199256897,
1.067407250404358,
1.0674288272857666,
1.0674567222595215,
1.0674136877059937,
1.0673800706863403,
1.0673736333847046,
1.0672489404678345,
1.0667587518692017,
1.0665464401245117,
1.0663121938705444,
1.0660730600357056,
1.0659244060516357,
1.065697431564331,
1.0644662380218506,
1.0653055906295776,
1.06526780128479,
1.065333604812622,
1.0651633739471436,
1.0650736093521118,
1.0650080442428589,
1.0650231838226318,
1.0646977424621582,
1.064931035041809,
1.064772129058838,
1.0645406246185303,
1.0644038915634155,
1.06430184841156,
1.0643748044967651,
1.0645270347595215,
1.0646132230758667,
1.0641202926635742,
1.0643858909606934,
1.0645743608474731,
1.064330816268921,
1.0644450187683105,
1.0641366243362427,
1.0636132955551147,
1.0633512735366821,
1.0631637573242188,
1.0628114938735962,
1.062719464302063,
1.062537431716919,
1.0626050233840942,
1.061998963356018,
1.0623596906661987,
1.062346339225769,
1.061657428741455,
1.0620405673980713,
1.0620267391204834,
1.0621236562728882,
1.0620039701461792,
1.0617979764938354,
1.0606809854507446,
1.0614664554595947,
1.0613266229629517,
1.060987949371338,
1.0614407062530518,
1.0615167617797852,
1.0613840818405151,
1.0614051818847656,
1.0613750219345093,
1.0602461099624634,
1.0611563920974731,
1.0610532760620117,
1.0605818033218384,
1.0603489875793457,
1.0600903034210205,
1.0599045753479004,
1.05936861038208,
1.0593057870864868,
1.0591671466827393,
1.0590810775756836,
1.0592304468154907,
1.0591485500335693,
1.0580763816833496,
1.058859944343567,
1.0583744049072266,
1.058593511581421,
1.0585931539535522,
1.0583198070526123,
1.0583406686782837,
1.0581649541854858,
1.0580285787582397,
1.0579224824905396,
1.0579661130905151,
1.0580029487609863,
1.05797278881073,
1.057783603668213,
1.057861566543579,
1.0577679872512817,
1.0575367212295532,
1.0575497150421143,
1.0571881532669067,
1.0558462142944336,
1.0557336807250977,
1.0551255941390991,
1.0561156272888184,
1.0559024810791016,
1.0554263591766357,
1.0552912950515747,
1.0551773309707642,
1.0549389123916626,
1.0552401542663574,
1.0541108846664429,
1.0544930696487427,
1.0548003911972046,
1.0547229051589966,
1.0546201467514038,
1.0544360876083374,
1.0542824268341064,
1.0541003942489624,
1.0539188385009766,
1.0539964437484741,
1.0540883541107178,
1.0541373491287231,
1.0541857481002808,
1.054305911064148,
1.0541021823883057,
1.054055094718933,
1.0536350011825562,
1.0537195205688477,
1.0533140897750854,
1.0529156923294067,
1.0525678396224976,
1.052305817604065,
1.0520892143249512,
1.0519238710403442,
1.050033450126648,
1.0495322942733765,
1.047831654548645,
1.0471216440200806,
1.0490375757217407,
1.0497174263000488,
1.0493918657302856,
1.0491924285888672,
1.0490870475769043,
1.0490018129348755,
1.0488284826278687,
1.0484832525253296,
1.048337697982788,
1.0472335815429688,
1.0479892492294312,
1.047972559928894,
1.0479259490966797,
1.0478515625,
1.0476765632629395,
1.0468908548355103,
1.0472534894943237,
1.0468354225158691,
1.046506404876709,
1.0459903478622437,
1.0458765029907227,
1.0457079410552979,
1.044938325881958,
1.0451955795288086,
1.0450204610824585,
1.0446115732192993,
1.0439772605895996,
1.0442767143249512,
1.0428388118743896,
1.0432487726211548,
1.0431400537490845,
1.0435209274291992,
1.0433481931686401,
1.042920708656311,
1.0428462028503418,
1.042615294456482,
1.0419600009918213,
1.0417097806930542,
1.0418559312820435,
1.0417885780334473,
1.040947437286377,
1.041146993637085,
1.040907382965088,
1.0409748554229736,
1.040729284286499,
1.0404446125030518,
1.0397857427597046,
1.0396240949630737,
1.039175271987915,
1.0385690927505493,
1.0384513139724731,
1.0380535125732422,
1.037453055381775,
1.0369904041290283,
1.0367157459259033,
1.0371168851852417,
1.0357682704925537,
1.0357666015625,
1.035768747329712,
1.035444974899292,
1.0357775688171387,
1.0346585512161255,
1.0340417623519897,
1.0349076986312866,
1.0341578722000122,
1.033813714981079,
1.034011721611023,
1.0339142084121704,
1.0336642265319824,
1.0332177877426147,
1.0331467390060425,
1.0330758094787598,
1.0323415994644165,
1.032371163368225,
1.032053828239441,
1.0309313535690308,
1.0306930541992188,
1.0300772190093994,
1.02973210811615,
1.0293221473693848,
1.0291048288345337,
1.0286556482315063,
1.028550148010254,
1.0279295444488525,
1.0274505615234375,
1.0273386240005493,
1.0264009237289429,
1.0268176794052124,
1.0262212753295898,
1.02581787109375,
1.0251221656799316,
1.0253914594650269,
1.0249860286712646,
1.0241332054138184,
1.0234026908874512,
1.023677945137024,
1.023410677909851,
1.0227214097976685,
1.0226808786392212,
1.0223662853240967,
1.0216810703277588,
1.0208224058151245,
1.0209108591079712,
1.0197656154632568,
1.0191991329193115,
1.019122838973999,
1.0182538032531738,
1.0171430110931396,
1.0173927545547485,
1.0159887075424194,
1.0165269374847412,
1.0158339738845825,
1.0149692296981812,
1.014772653579712,
1.0143414735794067,
1.0135297775268555,
1.013414978981018,
1.0123118162155151,
1.0121339559555054,
1.0118471384048462,
1.0106838941574097,
1.0096285343170166,
1.009860873222351,
1.0090370178222656,
1.008022665977478,
1.0077019929885864,
1.0068198442459106,
1.0064364671707153,
1.005630373954773,
1.0054630041122437,
1.003876805305481,
1.003547191619873,
1.0021727085113525,
1.0024285316467285,
1.0012444257736206,
1.0009022951126099,
1.0002398490905762,
0.9996002316474915,
0.9990639090538025,
0.9978818297386169,
0.9974772930145264,
0.9962639212608337,
0.9954276084899902,
0.9947892427444458,
0.9942655563354492,
0.9931393265724182,
0.9925746917724609,
0.9914197325706482,
0.9912427663803101,
0.9900948405265808,
0.9889231324195862,
0.9884358048439026,
0.9873883128166199,
0.9859374761581421,
0.9863694906234741,
0.9852896928787231,
0.983919620513916,
0.9836277365684509,
0.9828634858131409,
0.9825294613838196,
0.9817858338356018,
0.9806391596794128,
0.9800586104393005,
0.9792117476463318,
0.9782893061637878,
0.9778420329093933,
0.9766640663146973,
0.9754249453544617,
0.9755755662918091,
0.9744964241981506,
0.9736275672912598,
0.9730954170227051,
0.9722516536712646,
0.9712966680526733,
0.9706968665122986,
0.9698315262794495,
0.9693517684936523,
0.9687286019325256,
0.9681023359298706,
0.967270016670227,
0.9659584164619446,
0.9656116366386414,
0.9639919996261597,
0.9638766646385193,
0.9631344079971313,
0.9623536467552185,
0.9619477987289429,
0.960848331451416,
0.960118293762207,
0.9596472382545471,
0.9584551453590393,
0.957909107208252,
0.9573765397071838,
0.956514298915863,
0.9556266069412231,
0.9542276263237,
0.9538236260414124,
0.9528200030326843,
0.9521728157997131,
0.9513868689537048,
0.9506627917289734,
0.9499664306640625,
0.9493454694747925,
0.9482736587524414,
0.9468479752540588,
0.9465787410736084,
0.9461777210235596,
0.9451684951782227,
0.9443041086196899,
0.9434872269630432,
0.9425498247146606,
0.9418280720710754,
0.9409528970718384,
0.9404966831207275,
0.939498782157898,
0.9385427236557007,
0.9376345276832581,
0.9371297955513,
0.9363590478897095,
0.9354137778282166,
0.9348984360694885,
0.9342153072357178,
0.9330996870994568,
0.9321731925010681,
0.9318005442619324,
0.9304636716842651,
0.9295715093612671,
0.9287047982215881,
0.9277786016464233,
0.9268762469291687,
0.9261499047279358,
0.9252945184707642,
0.9244558215141296,
0.9234104752540588,
0.9233071804046631,
0.9224486351013184,
0.9214012026786804,
0.9204745292663574,
0.9195593595504761,
0.9186237454414368,
0.9174914360046387,
0.9172002673149109,
0.9158349633216858,
0.9155571460723877,
0.9144071936607361,
0.9139730334281921,
0.913371205329895,
0.9120761156082153,
0.9114552736282349,
0.9106625914573669,
0.9101678133010864,
0.9089131355285645,
0.9084925055503845,
0.9076010584831238,
0.9065009951591492,
0.9053176641464233,
0.9043642282485962,
0.9035215973854065,
0.9022851586341858,
0.9017213582992554,
0.9006257653236389,
0.8995156288146973,
0.8980615139007568,
0.8976652026176453,
0.8964055180549622,
0.8957226276397705,
0.8946486711502075,
0.8937965035438538,
0.8929693698883057,
0.8919190168380737,
0.8910049796104431,
0.8900330662727356,
0.8888772130012512,
0.8881134986877441,
0.8865940570831299,
0.8855565786361694,
0.88460773229599,
0.8838868737220764,
0.8828545808792114,
0.8818785548210144,
0.8809397220611572,
0.0,
0.0,
0.0,
0.0,
0.0,
0.0,
0.0,
0.0,
0.0,
0.0,
0.0,
0.0,
0.0,
0.0,
0.0,
0.0,
0.0,
0.0,
0.0,
0.0,
0.0,
0.0,
0.0,
0.0,
0.0,
0.0,
0.0,
0.0,
0.0,
0.0,
0.0,
0.0,
0.0,
0.0,
0.0,
0.0,
0.0,
0.0,
0.0,
0.0,
0.0,
0.0,
0.0,
0.0,
0.0,
0.0,
0.0,
0.0,
0.0,
0.0,
0.0,
0.0,
0.0,
0.0,
0.0,
0.0,
0.0,
0.0,
0.0,
0.0,
0.0,
0.0,
0.0,
0.0,
0.0,
0.0,
0.0,
0.0,
0.0,
0.0,
0.0,
0.0,
0.0,
0.0,
0.0,
0.0,
0.0,
0.0,
0.0,
0.0,
0.0,
0.0,
0.0,
0.0,
0.0,
0.0,
0.0,
0.0,
0.0,
0.0,
0.0,
0.0,
0.0,
0.0,
0.0,
0.0,
0.0,
0.0,
0.0,
0.0,
0.0,
0.0,
0.0,
0.0,
0.0,
0.0,
0.0,
0.0,
0.0,
0.0,
0.0,
0.0,
0.0,
0.0,
0.0,
0.0,
0.0,
0.0,
0.0,
0.0,
0.0,
0.0,
0.0,
0.0,
0.0,
0.0,
0.0,
0.0,
0.0,
0.0,
0.0,
0.0,
0.0,
0.0,
0.0,
0.0,
0.0,
0.0,
0.0,
0.0,
0.0,
0.0,
0.0,
0.0,
0.0,
0.0,
0.0,
0.0,
0.0,
0.0,
0.0,
0.0,
0.0,
0.0,
0.0,
0.0,
0.0,
0.0,
0.0,
0.0,
0.0,
0.0,
0.0,
0.0,
0.0,
0.0,
0.0,
0.0,
0.0,
0.0,
0.0,
0.0,
0.0,
0.0,
0.0,
0.0,
0.0,
0.0,
0.0,
0.0,
0.0,
0.0,
0.0,
0.0,
0.0,
0.0,
0.0,
0.0,
0.0,
0.0,
0.0,
0.0,
0.0,
0.0,
0.0,
0.0,
0.0,
0.0,
0.0,
0.0,
0.0,
0.0,
0.0,
0.0,
0.0,
0.0,
0.0,
0.0,
0.0,
0.0,
0.0,
0.0,
0.0,
0.0,
0.0,
0.0,
0.0,
0.0,
0.0,
0.0,
0.0,
0.0,
0.0,
0.0,
0.0,
0.0,
0.0,
0.0,
0.0,
0.0,
0.0,
0.0,
0.0,
0.0,
0.0,
0.0,
0.0,
0.0,
0.0,
0.0,
0.0,
0.0,
0.0,
0.0,
0.0,
0.0,
0.0,
0.0,
0.0,
0.0,
0.0,
0.0,
0.0,
0.0,
0.0,
0.0,
0.0,
0.0,
0.0,
0.0,
0.0,
0.0,
0.0,
0.0,
0.0,
0.0,
0.0,
0.0,
0.0,
0.0,
0.0,
0.0,
0.0,
0.0,
0.0,
0.0,
0.0,
0.0,
0.0,
0.0,
0.0,
0.0,
0.0,
0.0,
0.0,
0.0,
0.0,
0.0,
0.0,
0.0,
0.0,
0.0,
0.0,
0.0,
0.0,
0.0,
0.0,
0.0,
0.0,
0.0,
0.0,
0.0,
0.0,
0.0,
0.0,
0.0,
0.0,
0.0,
0.0,
0.0,
0.0,
0.0,
0.0,
0.0,
0.0,
0.0,
0.0,
0.0,
0.0,
0.0,
0.0,
0.0,
0.0,
0.0,
0.0,
0.0,
0.0,
0.0,
0.0,
0.0,
0.0,
0.0,
0.0,
0.0,
0.0,
0.0,
0.0,
0.0,
0.0,
0.0,
0.0,
0.0,
0.0,
0.0,
0.0,
0.0,
0.0,
0.0,
0.0,
0.0,
0.0,
0.0,
0.0,
0.0,
0.0,
0.0,
0.0,
0.0,
0.0,
0.0,
0.0,
0.0,
0.0,
0.0,
0.0,
0.0,
0.0,
0.0,
0.0,
0.0,
0.0,
0.0,
0.0,
0.0,
0.0,
0.0,
0.0,
0.0,
0.0,
0.0,
0.0,
0.0,
0.0,
0.0,
0.0,
0.0,
0.0,
0.0,
0.0,
0.0,
0.0,
0.0,
0.0,
0.0,
0.0,
0.0,
0.0,
0.0,
0.0,
0.0,
0.0,
0.0,
0.0,
0.0,
0.0,
0.0,
0.0,
0.0,
0.0,
0.0,
0.0,
0.0,
0.0,
0.0,
0.0,
0.0,
0.0,
0.0,
0.0,
0.0,
0.0,
0.0,
0.0,
0.0,
0.0,
0.0,
0.0,
0.0,
0.0,
0.0,
0.0,
0.0,
0.0,
0.0,
0.0,
0.0,
0.0,
0.0,
0.0,
0.0,
0.0,
0.0,
0.0,
0.0,
0.0,
0.0,
0.0,
0.0,
0.0,
0.0,
0.0,
0.0,
0.0,
0.0,
0.0,
0.0,
0.0,
0.0,
0.0,
0.0,
0.0,
0.0,
0.0,
0.0,
0.0,
0.0,
0.0,
0.0,
0.0,
0.0,
0.0,
0.0,
0.0,
0.0,
0.0,
0.0,
0.0,
0.0,
0.0,
0.0,
0.0,
0.0,
0.0,
0.0,
0.0,
0.0,
0.0,
0.0,
0.0,
0.0,
0.0,
0.0,
0.0,
0.0,
0.0,
0.0,
0.0,
0.0,
0.0,
0.0,
0.0,
0.0,
0.0,
0.0,
0.0,
0.0,
0.0,
0.0,
0.0,
0.0,
0.0,
0.0,
0.0,
0.0,
0.0,
0.0,
0.0,
0.0,
0.0,
0.0,
0.0,
0.0,
0.0,
0.0,
0.0,
0.0,
0.0,
0.0,
0.0,
0.0,
0.0,
0.0,
0.0,
0.0,
0.0,
0.0,
0.0,
0.0,
0.0,
0.0,
0.0,
0.0,
0.0,
0.0,
0.0,
0.0,
0.0,
0.0,
0.0,
0.0,
0.0,
0.0,
0.0,
0.0,
0.0,
0.0,
0.0,
0.0,
0.0,
0.0,
0.0,
0.0,
0.0,
0.0,
0.0,
0.0,
0.0,
0.0,
0.0,
0.0,
0.0,
0.0,
0.0,
0.0,
0.0,
0.0,
0.0,
0.0,
0.0,
0.0,
0.0,
0.0,
0.0,
0.0,
0.0,
0.0,
0.0,
0.0,
0.0,
0.0,
0.0,
0.0,
0.0,
0.0,
0.0,
0.0,
0.0,
0.0,
0.0,
0.0,
0.0,
0.0,
0.0,
0.0,
0.0,
0.0,
0.0,
0.0,
0.0,
0.0,
0.0,
0.0,
0.0,
0.0,
0.0,
0.0,
0.0,
0.0,
0.0,
0.0,
0.0,
0.0,
0.0,
0.0,
0.0,
0.0,
0.0,
0.0,
0.0,
0.0,
0.0,
0.0,
0.0,
0.0,
0.0,
0.0,
0.0,
0.0,
0.0,
0.0,
0.0,
0.0,
0.0,
0.0,
0.0,
0.0,
0.0,
0.0,
0.0,
0.0,
0.0,
0.0,
0.0,
0.0,
0.0,
0.0,
0.0,
0.0,
0.0,
0.0,
0.0,
0.0,
0.0,
0.0,
0.0,
0.0,
0.0,
0.0,
0.0,
0.0,
0.0,
0.0,
0.0,
0.0,
0.0,
0.0,
0.0,
0.0,
0.0,
0.0,
0.0,
0.0,
0.0,
0.0,
0.0,
0.0,
0.0,
0.0,
0.0,
0.0,
0.0,
0.0,
0.0,
0.0,
0.0,
0.0,
0.0,
0.0,
0.0,
0.0,
0.0,
0.0,
0.0,
0.0,
0.0,
0.0,
0.0,
0.0,
0.0,
0.0,
0.0,
0.0,
0.0,
0.0,
0.0,
0.0,
0.0,
0.0,
0.0,
0.0,
0.0,
0.0,
0.0,
0.0,
0.0,
0.0,
0.0,
0.0,
0.0,
0.0,
0.0,
0.0,
0.0,
0.0,
0.0,
0.0,
0.0,
0.0,
0.0,
0.0,
0.0,
0.0,
0.0,
0.0,
0.0,
0.0,
0.0,
0.0,
0.0,
0.0,
0.0,
0.0,
0.0,
0.0,
0.0,
0.0,
0.0,
0.0,
0.0,
0.0,
0.0,
0.0,
0.0,
0.0,
0.0,
0.0,
0.0,
0.0,
0.0,
0.0,
0.0,
0.0,
0.0,
0.0,
0.0,
0.0,
0.0,
0.0,
0.0,
0.0,
0.0,
0.0,
0.0,
0.0,
0.0,
0.0,
0.0,
0.0,
0.0,
0.0,
0.0,
0.0,
0.0,
0.0,
0.0,
0.0,
0.0,
0.0,
0.0,
0.0,
0.0,
0.0,
0.0,
0.0,
0.0,
0.0,
0.0,
0.0,
0.0,
0.0,
0.0,
0.0,
0.0,
0.0,
0.0,
0.0,
0.0,
0.0,
0.0,
0.0,
0.0,
0.0,
0.0,
0.0,
0.0,
0.0,
0.0,
0.0,
0.0,
0.0,
0.0,
0.0,
0.0,
0.0,
0.0,
0.0,
0.0,
0.0,
0.0,
0.0,
0.0,
0.0,
0.0,
0.0,
0.0,
0.0,
0.0,
0.0,
0.0,
0.0,
0.0,
0.0,
0.0,
0.0,
0.0,
0.0,
0.0,
0.0,
0.0,
0.0,
0.0,
0.0,
0.0,
0.0,
0.0,
0.0,
0.0,
0.0,
0.0,
0.0,
0.0,
0.0,
0.0,
0.0,
0.0,
0.0,
0.0,
0.0,
0.0,
0.0,
0.0,
0.0,
0.0,
0.0,
0.0,
0.0,
0.0,
0.0,
0.0,
0.0,
0.0,
0.0,
0.0,
0.0,
0.0,
0.0,
0.0,
0.0,
0.0,
0.0,
0.0,
0.0,
0.0,
0.0,
0.0,
0.0,
0.0,
0.0,
0.0,
0.0,
0.0,
0.0,
0.0,
0.0,
0.0,
0.0,
0.0,
0.0,
0.0,
0.0,
0.0,
0.0,
0.0,
0.0,
0.0,
0.0,
0.0,
0.0,
0.0,
0.0,
0.0,
0.0,
0.0,
0.0,
0.0,
0.0,
0.0,
0.0,
0.0,
0.0,
0.0,
0.0,
0.0,
0.0,
0.0,
0.0,
0.0,
0.0,
0.0,
0.0,
0.0,
0.0,
0.0,
0.0,
0.0,
0.0,
0.0,
0.0,
0.0,
0.0,
0.0,
0.0,
0.0,
0.0,
0.0,
0.0,
0.0,
0.0,
0.0,
0.0,
0.0,
0.0,
0.0,
0.0,
0.0,
0.0,
0.0,
0.0,
0.0,
0.0,
0.0,
0.0,
0.0,
0.0,
0.0,
0.0,
0.0,
0.0,
0.0,
0.0,
0.0,
0.0,
0.0,
0.0,
0.0,
0.0,
0.0,
0.0,
0.0,
0.0,
0.0,
0.0,
0.0,
0.0,
0.0,
0.0,
0.0,
0.0,
0.0,
0.0,
0.0,
0.0,
0.0,
0.0,
0.0,
0.0,
0.0,
0.0,
0.0,
0.0,
0.0,
0.0,
0.0,
0.0,
0.0,
0.0,
0.0,
0.0,
0.0,
0.0,
0.0,
0.0,
0.0,
0.0,
0.0,
0.0,
0.0,
0.0,
0.0,
0.0,
0.0,
0.0,
0.0,
0.0,
0.0,
0.0,
0.0,
0.0,
0.0,
0.0,
0.0,
0.0,
0.0,
0.0,
0.0,
0.0,
0.0,
0.0,
0.0,
0.0,
0.0,
0.0,
0.0,
0.0,
0.0,
0.0,
0.0,
0.0,
0.0,
0.0,
0.0,
0.0,
0.0,
0.0,
0.0,
0.0,
0.0,
0.0,
0.0,
0.0,
0.0,
0.0,
0.0,
0.0,
0.0,
0.0,
0.0,
0.0,
0.0,
0.0,
0.0,
0.0,
0.0,
0.0,
0.0,
0.0,
0.0,
0.0,
0.0,
0.0,
0.0,
0.0,
0.0,
0.0,
0.0,
0.0,
0.0,
0.0,
0.0,
0.0,
0.0,
0.0,
0.0,
0.0,
0.0,
0.0,
0.0,
0.0,
0.0,
0.0,
0.0,
0.0,
0.0,
0.0,
0.0,
0.0,
0.0,
0.0,
0.0,
0.0,
0.0,
0.0,
0.0,
0.0,
0.0,
0.0,
0.0,
0.0,
0.0,
0.0,
0.0,
0.0,
0.0,
0.0,
0.0,
0.0,
0.0,
0.0,
0.0,
0.0,
0.0,
0.0,
0.0,
0.0,
0.0,
0.0,
0.0,
0.0,
0.0,
0.0,
0.0,
0.0,
0.0,
0.0,
0.0,
0.0,
0.0,
0.0,
0.0,
0.0,
0.0,
0.0,
0.0,
0.0,
0.0,
0.0,
0.0,
0.0,
0.0,
0.0,
0.0,
0.0,
0.0,
0.0,
0.0,
0.0,
0.0,
0.0,
0.0,
0.0,
0.0,
0.0,
0.0,
0.0,
0.0,
0.0,
0.0,
0.0,
0.0,
0.0,
0.0,
0.0,
0.0,
0.0,
0.0,
0.0,
0.0,
0.0,
0.0,
0.0,
0.0,
0.0,
0.0,
0.0,
0.0,
0.0,
0.0,
0.0,
0.0,
0.0,
0.0,
0.0,
0.0,
0.0,
0.0,
0.0,
0.0,
0.0,
0.0,
0.0,
0.0,
0.0,
0.0,
0.0,
0.0,
0.0,
0.0,
0.0,
0.0,
0.0,
0.0,
0.0,
0.0,
0.0,
0.0,
0.0,
0.0,
0.0,
0.0,
0.0,
0.0,
0.0,
0.0,
0.0,
0.0,
0.0,
0.0,
0.0,
0.0,
0.0,
0.0,
0.0,
0.0,
0.0,
0.0,
0.0,
0.0,
0.0,
0.0,
0.0,
0.0,
0.0,
0.0,
0.0,
0.0,
0.0,
0.0,
0.0,
0.0,
0.0,
0.0,
0.0,
0.0,
0.0,
0.0,
0.0,
0.0,
0.0,
0.0,
0.0,
0.0,
0.0,
0.0,
0.0,
0.0,
0.0,
0.0,
0.0,
0.0,
0.0,
0.0,
0.0,
0.0,
0.0,
0.0,
0.0,
0.0,
0.0,
0.0,
0.0,
0.0,
0.0,
0.0,
0.0,
0.0,
0.0,
0.0,
0.0,
0.0,
0.0,
0.0,
0.0,
0.0,
0.0,
0.0,
0.0,
0.0,
0.0,
0.0,
0.0,
0.0,
0.0,
0.0,
0.0,
0.0,
0.0,
0.0,
0.0,
0.0,
0.0,
0.0,
0.0,
0.0,
0.0,
0.0,
0.0,
0.0,
0.0,
0.0,
0.0,
0.0,
0.0,
0.0,
0.0,
0.0,
0.0,
0.0,
0.0,
0.0,
0.0,
0.0,
0.0,
0.0,
0.0,
0.0,
0.0,
0.0,
0.0,
0.0,
0.0,
0.0,
0.0,
0.0,
0.0,
0.0,
0.0,
0.0,
0.0,
0.0,
0.0,
0.0,
0.0,
0.0,
0.0,
0.0,
0.0,
0.0,
0.0,
0.0,
0.0,
0.0,
0.0,
0.0,
0.0,
0.0,
0.0,
0.0,
0.0,
0.0,
0.0,
0.0,
0.0,
0.0,
0.0,
0.0,
0.0,
0.0,
0.0,
0.0,
0.0,
0.0,
0.0,
0.0,
0.0,
0.0,
0.0,
0.0,
0.0,
0.0,
0.0,
0.0,
0.0,
0.0,
0.0,
0.0,
0.0,
0.0,
0.0,
0.0,
0.0,
0.0,
0.0,
0.0,
0.0,
0.0,
0.0,
0.0,
0.0,
0.0,
0.0,
0.0,
0.0,
0.0,
0.0,
0.0,
0.0,
0.0,
0.0,
0.0,
0.0,
0.0,
0.0,
0.0,
0.0,
0.0,
0.0,
0.0,
0.0,
0.0,
0.0,
0.0,
0.0,
0.0,
0.0,
0.0,
0.0,
0.0,
0.0,
0.0,
0.0,
0.0,
0.0,
0.0,
0.0,
0.0,
0.0,
0.0,
0.0,
0.0,
0.0,
0.0,
0.0,
0.0,
0.0,
0.0,
0.0,
0.0,
0.0,
0.0,
0.0,
0.0,
0.0,
0.0,
0.0,
0.0,
0.0,
0.0,
0.0,
0.0,
0.0,
0.0,
0.0,
0.0,
0.0,
0.0,
0.0,
0.0,
0.0,
0.0,
0.0,
0.0,
0.0,
0.0,
0.0,
0.0,
0.0,
0.0,
