1.0499999523162842,
1.0611236095428467,
1.0627433061599731,
1.0637266635894775,
1.0646246671676636,
1.0652856826782227,
1.06568443775177,
1.0661271810531616,
1.066329002380371,
1.0666022300720215,
1.0668537616729736,
1.0670685768127441,
1.061968445777893,
1.0647050142288208,
1.0656983852386475,
1.0661721229553223,
1.06653892993927,
1.0667985677719116,
1.0669606924057007,
1.0670619010925293,
1.0672471523284912,
1.0673986673355103,
1.0674989223480225,
1.067588210105896,
1.0676802396774292,
1.0678106546401978,
1.0678054094314575,
1.0678720474243164,
1.0678892135620117,
1.0679092407226562,
1.067961573600769,
1.067952275276184,
1.0680310726165771,
1.0680086612701416,
1.0680911540985107,
1.0681103467941284,
1.068150520324707,
1.0681074857711792,
1.0681568384170532,
1.0681451559066772,
1.0681616067886353,
1.068161129951477,
1.0682268142700195,
1.0683096647262573,
1.0683342218399048,
1.068341612815857,
1.0683876276016235,
1.0684089660644531,
1.0684175491333008,
1.068454384803772,
1.0684282779693604,
1.068506121635437,
1.068467140197754,
1.0685113668441772,
1.0685248374938965,
1.0685147047042847,
1.0684833526611328,
1.068415880203247,
1.0684579610824585,
1.0685111284255981,
1.0685169696807861,
1.068515658378601,
1.068508267402649,
1.0685242414474487,
1.0684459209442139,
1.068681001663208,
1.0689470767974854,
1.0691566467285156,
1.069278597831726,
1.0693386793136597,
1.0690066814422607,
1.0685395002365112,
1.068416714668274,
1.0683058500289917,
1.0682694911956787,
1.06825590133667,
1.0682493448257446,
1.068222165107727,
1.0682191848754883,
1.0681999921798706,
1.0681737661361694,
1.0681331157684326,
1.0680928230285645,
1.0680862665176392,
1.068056344985962,
1.0680397748947144,
1.0680086612701416,
1.0680005550384521,
1.067967176437378,
1.06793212890625,
1.0679160356521606,
1.067924976348877,
1.067933201789856,
1.0679162740707397,
1.0678561925888062,
1.0678308010101318,
1.0678004026412964,
1.0677653551101685,
1.0677375793457031,
1.0677497386932373,
1.0676748752593994,
1.0676888227462769,
1.0675872564315796,
1.0676217079162598,
1.06753671169281,
1.0675832033157349,
1.0675277709960938,
1.067541241645813,
1.0675218105316162,
1.0675104856491089,
1.0674670934677124,
1.0674372911453247,
1.067375659942627,
1.067371129989624,
1.06736421585083,
1.0672643184661865,
1.0672093629837036,
1.0671942234039307,
1.0671547651290894,
1.0670963525772095,
1.067090392112732,
1.0670318603515625,
1.066975712776184,
1.066899299621582,
1.0669294595718384,
1.0669625997543335,
1.0669119358062744,
1.0668526887893677,
1.0667932033538818,
1.066832184791565,
1.0667675733566284,
1.0667197704315186,
1.066718578338623,
1.0667040348052979,
1.066685676574707,
1.0666613578796387,
1.0666399002075195,
1.066645622253418,
1.0665725469589233,
1.0665076971054077,
1.066482663154602,
1.0664843320846558,
1.066368579864502,
1.066264271736145,
1.0662609338760376,
1.0662245750427246,
1.066142201423645,
1.066118836402893,
1.065985083580017,
1.0659966468811035,
1.0658966302871704,
1.0658986568450928,
1.0658860206604004,
1.065794587135315,
1.0657927989959717,
1.0657776594161987,
1.0657576322555542,
1.0657607316970825,
1.065642237663269,
1.0655838251113892,
1.0656002759933472,
1.0655484199523926,
1.0654852390289307,
1.0654029846191406,
1.065371036529541,
1.0653307437896729,
1.0653876066207886,
1.0653493404388428,
1.0653135776519775,
1.0652742385864258,
1.0652581453323364,
1.0651719570159912,
1.0650920867919922,
1.0650509595870972,
1.0650500059127808,
1.0649923086166382,
1.0649510622024536,
1.0648852586746216,
1.0648921728134155,
1.0649354457855225,
1.0650615692138672,
1.0651063919067383,
1.065029501914978,
1.0648995637893677,
1.0647051334381104,
1.064650535583496,
1.0646039247512817,
1.0647222995758057,
1.0647644996643066,
1.064847469329834,
1.0648385286331177,
1.0647679567337036,
1.0646642446517944,
1.064542293548584,
1.0643651485443115,
1.0641634464263916,
1.0641149282455444,
1.064125895500183,
1.0640915632247925,
1.0639935731887817,
1.0639536380767822,
1.0638959407806396,
1.0638654232025146,
1.0637784004211426,
1.063726544380188,
1.0637165307998657,
1.0636773109436035,
1.0638039112091064,
1.063873529434204,
1.063870906829834,
1.0637801885604858,
1.0635758638381958,
1.0633964538574219,
1.0632996559143066,
1.0633419752120972,
1.063520908355713,
1.0637001991271973,
1.0637270212173462,
1.0637891292572021,
1.0636183023452759,
1.063564419746399,
1.063552975654602,
1.0633161067962646,
1.0629854202270508,
1.0628018379211426,
1.0627031326293945,
1.062721848487854,
1.0626205205917358,
1.0625492334365845,
1.0624629259109497,
1.0623067617416382,
1.0623482465744019,
1.062400221824646,
1.0623211860656738,
1.0623706579208374,
1.0624065399169922,
1.0625985860824585,
1.0625015497207642,
1.0622854232788086,
1.0621116161346436,
1.0620015859603882,
1.0618772506713867,
1.0618635416030884,
1.061545491218567,
1.0620276927947998,
1.0620455741882324,
1.062036395072937,
1.0619865655899048,
1.0619003772735596,
1.061848759651184,
1.0616060495376587,
1.0614296197891235,
1.061360478401184,
1.0613065958023071,
1.0612515211105347,
1.0612162351608276,
1.0610898733139038,
1.0610105991363525,
1.0609407424926758,
1.060882568359375,
1.0608739852905273,
1.0605430603027344,
1.0608140230178833,
1.060495138168335,
1.0609322786331177,
1.0609368085861206,
1.0606666803359985,
1.0605560541152954,
1.0604772567749023,
1.0603969097137451,
1.0603959560394287,
1.0604701042175293,
1.0605096817016602,
1.0605593919754028,
1.0605446100234985,
1.0604894161224365,
1.0604215860366821,
1.0603761672973633,
1.0601255893707275,
1.0599167346954346,
1.0598206520080566,
1.0597846508026123,
1.059686303138733,
1.059614658355713,
1.0595594644546509,
1.0594713687896729,
1.0590736865997314,
1.0590671300888062,
1.059255838394165,
1.059209942817688,
1.0591810941696167,
1.059239387512207,
1.0592765808105469,
1.0589654445648193,
1.0590019226074219,
1.0589206218719482,
1.0588560104370117,
1.0587372779846191,
1.0587760210037231,
1.0586199760437012,
1.058887243270874,
1.0589624643325806,
1.058868646621704,
1.0589083433151245,
1.0589109659194946,
1.0589196681976318,
1.0585894584655762,
1.0578666925430298,
1.0581008195877075,
1.0577571392059326,
1.0579530000686646,
1.0577809810638428,
1.0578229427337646,
1.0577199459075928,
1.0576934814453125,
1.0574982166290283,
1.0575082302093506,
1.0574430227279663,
1.057356834411621,
1.0573573112487793,
1.057316541671753,
1.0571916103363037,
1.057164192199707,
1.0570955276489258,
1.0570064783096313,
1.056869387626648,
1.0568383932113647,
1.0566881895065308,
1.056804895401001,
1.056812047958374,
1.056805968284607,
1.0567121505737305,
1.0566407442092896,
1.0566233396530151,
1.0563526153564453,
1.0562273263931274,
1.0561524629592896,
1.0560863018035889,
1.0558208227157593,
1.0558488368988037,
1.0557831525802612,
1.0557245016098022,
1.0556508302688599,
1.0555897951126099,
1.0552774667739868,
1.0553737878799438,
1.05573308467865,
1.056153655052185,
1.0562846660614014,
1.0562150478363037,
1.0562363862991333,
1.0560739040374756,
1.0560882091522217,
1.055841088294983,
1.0559163093566895,
1.0563730001449585,
1.056042194366455,
1.0565227270126343,
1.0559362173080444,
1.056267499923706,
1.0562212467193604,
1.0561621189117432,
1.0560981035232544,
1.0557795763015747,
1.055516242980957,
1.0546910762786865,
1.0548532009124756,
1.0548912286758423,
1.054857611656189,
1.0547857284545898,
1.0544737577438354,
1.0544260740280151,
1.0540920495986938,
1.0543912649154663,
1.0539109706878662,
1.0539406538009644,
1.0543153285980225,
1.0539026260375977,
1.053788185119629,
1.053908348083496,
1.0536130666732788,
1.0535277128219604,
1.0538305044174194,
1.0537604093551636,
1.0538843870162964,
1.0534602403640747,
1.0533956289291382,
1.0535147190093994,
1.053181529045105,
1.053359866142273,
1.0534279346466064,
1.053248405456543,
1.0526975393295288,
1.0522316694259644,
1.0523399114608765,
1.0517332553863525,
1.0519143342971802,
1.051504373550415,
1.052012324333191,
1.0519263744354248,
1.0517349243164062,
1.052080750465393,
1.0516360998153687,
1.0514531135559082,
1.0514177083969116,
1.0514307022094727,
1.0517542362213135,
1.051619052886963,
1.0513638257980347,
1.0512274503707886,
1.0513226985931396,
1.051227331161499,
1.0509083271026611,
1.0504499673843384,
1.0510282516479492,
1.051033616065979,
1.0510177612304688,
1.0508451461791992,
1.0510634183883667,
1.0501306056976318,
1.0499991178512573,
1.049642562866211,
1.0495094060897827,
1.049394965171814,
1.049244999885559,
1.0489706993103027,
1.049179196357727,
1.0489249229431152,
1.0484910011291504,
1.0485824346542358,
1.0487123727798462,
1.0483465194702148,
1.0490461587905884,
1.0487667322158813,
1.0488008260726929,
1.0482314825057983,
1.0483860969543457,
1.0481382608413696,
1.0471705198287964,
1.0479038953781128,
1.0479508638381958,
1.0481330156326294,
1.048093318939209,
1.0475355386734009,
1.0478042364120483,
1.0479263067245483,
1.0479193925857544,
1.0471582412719727,
1.0471466779708862,
1.0466538667678833,
1.0463488101959229,
1.0462249517440796,
1.0462247133255005,
1.0464582443237305,
1.0459975004196167,
1.0456143617630005,
1.0453605651855469,
1.0455814599990845,
1.0454959869384766,
1.0452829599380493,
1.0451773405075073,
1.0452901124954224,
1.0447824001312256,
1.0444928407669067,
1.0444939136505127,
1.0443899631500244,
1.0443059206008911,
1.0435134172439575,
1.0440274477005005,
1.0437854528427124,
1.0439012050628662,
1.0437153577804565,
1.0435378551483154,
1.0432853698730469,
1.043087363243103,
1.0433626174926758,
1.0426820516586304,
1.0426188707351685,
1.042339563369751,
1.0421788692474365,
1.042518138885498,
1.0421239137649536,
1.041501760482788,
1.0413507223129272,
1.041913390159607,
1.0413262844085693,
1.0407172441482544,
1.0411838293075562,
1.0405969619750977,
1.040777325630188,
1.040385127067566,
1.040229320526123,
1.0403008460998535,
1.0397708415985107,
1.0400880575180054,
1.039511799812317,
1.0396987199783325,
1.0399024486541748,
1.0395323038101196,
1.0394912958145142,
1.039918303489685,
1.0394200086593628,
1.039261817932129,
1.039041519165039,
1.0391932725906372,
1.038993239402771,
1.0380040407180786,
1.0378936529159546,
1.0376532077789307,
1.0373214483261108,
1.0371425151824951,
1.0371438264846802,
1.0356225967407227,
1.0356675386428833,
1.033918023109436,
1.032670497894287,
1.0343163013458252,
1.0332818031311035,
1.0342625379562378,
1.0336048603057861,
1.0331335067749023,
1.0333151817321777,
1.0327364206314087,
1.0329445600509644,
1.0325332880020142,
1.031806468963623,
1.0316036939620972,
1.030989408493042,
1.0314465761184692,
1.0317227840423584,
1.0313087701797485,
1.0312297344207764,
1.0308282375335693,
1.0310965776443481,
1.0306110382080078,
1.029788851737976,
1.0293197631835938,
1.0291826725006104,
1.0287957191467285,
1.02858304977417,
1.0281403064727783,
1.0278997421264648,
1.0271730422973633,
1.0275294780731201,
1.0270012617111206,
1.026183009147644,
1.0261170864105225,
1.0259383916854858,
1.025888204574585,
1.0255224704742432,
1.0247734785079956,
1.024851679801941,
1.0241698026657104,
1.0243371725082397,
1.0236537456512451,
1.0232744216918945,
1.0229806900024414,
1.0226359367370605,
1.0223629474639893,
1.0224288702011108,
1.0215295553207397,
1.0216317176818848,
1.0207065343856812,
1.0207778215408325,
1.0200845003128052,
1.0196523666381836,
1.0185093879699707,
1.018160343170166,
1.0183193683624268,
1.017781376838684,
1.0173258781433105,
1.0165215730667114,
1.015967845916748,
1.0159820318222046,
1.0149191617965698,
1.0145012140274048,
1.0144591331481934,
1.013431191444397,
1.0135923624038696,
1.0127907991409302,
1.0122171640396118,
1.011495590209961,
1.0111260414123535,
1.0106135606765747,
1.0101313591003418,
1.0094674825668335,
1.008937954902649,
1.0082546472549438,
1.0084319114685059,
1.0076940059661865,
1.007016658782959,
1.0066680908203125,
1.0058234930038452,
1.0052355527877808,
1.0044233798980713,
1.0031287670135498,
1.0027947425842285,
1.0023529529571533,
1.0013502836227417,
1.0005532503128052,
0.9995555281639099,
0.9990702271461487,
0.9985232353210449,
0.9977276921272278,
0.9969214797019958,
0.9961660504341125,
0.9952677488327026,
0.9944970011711121,
0.9937906265258789,
0.9926888942718506,
0.9921905398368835,
0.9910150170326233,
0.9901787638664246,
0.9895766377449036,
0.9883564710617065,
0.9872320294380188,
0.9865984916687012,
0.9858455657958984,
0.9848534464836121,
0.9837523102760315,
0.9831750988960266,
0.981853187084198,
0.9805693626403809,
0.9798334836959839,
0.9784979820251465,
0.9773640036582947,
0.9764372706413269,
0.9758932590484619,
0.9742082357406616,
0.9734445810317993,
0.9722362756729126,
0.9717376232147217,
0.9703646302223206,
0.9694195985794067,
0.9683840870857239,
0.9673967957496643,
0.9665402173995972,
0.9658530354499817,
0.9645727276802063,
0.9632501006126404,
0.9625881910324097,
0.9616672396659851,
0.9604958891868591,
0.9593986868858337,
0.9588159918785095,
0.957421064376831,
0.95665442943573,
0.95585036277771,
0.9550857543945312,
0.953546941280365,
0.9527773261070251,
0.9517906904220581,
0.9510151743888855,
0.9498719573020935,
0.9491081833839417,
0.9480868577957153,
0.9470597505569458,
0.9459541440010071,
0.9445613026618958,
0.9439718723297119,
0.9430105686187744,
0.9420002698898315,
0.9412344694137573,
0.9400084614753723,
0.9389148950576782,
0.9382010698318481,
0.9368029236793518,
0.9358764290809631,
0.9347345232963562,
0.9339576363563538,
0.9331287145614624,
0.9320090413093567,
0.9310824871063232,
0.9298489093780518,
0.9287463426589966,
0.9277985095977783,
0.9270290732383728,
0.9256986379623413,
0.9247348308563232,
0.9237241148948669,
0.9226087927818298,
0.9216626286506653,
0.9203522801399231,
0.9198328852653503,
0.9188379049301147,
0.9176110625267029,
0.916639506816864,
0.9154146313667297,
0.9146304130554199,
0.9132334589958191,
0.9123001098632812,
0.9113333821296692,
0.9101155996322632,
0.9088648557662964,
0.908214807510376,
0.9069580435752869,
0.9058228135108948,
0.9046687483787537,
0.9035195112228394,
0.9027798175811768,
0.9013403654098511,
0.900456964969635,
0.8993157744407654,
0.8981964588165283,
0.8970702886581421,
0.8958489298820496,
0.8950027823448181,
0.8940650224685669,
0.8931193947792053,
0.8920302391052246,
0.8904667496681213,
0.8897565603256226,
0.8886488080024719,
0.8874838948249817,
0.886082112789154,
0.8847729563713074,
0.884006679058075,
0.8829888105392456,
0.8829888105392456,
0.8829888105392456,
0.0,
0.0,
0.0,
0.0,
0.0,
0.0,
0.0,
0.0,
0.0,
0.0,
0.0,
0.0,
0.0,
0.0,
0.0,
0.0,
0.0,
0.0,
0.0,
0.0,
0.0,
0.0,
0.0,
0.0,
0.0,
0.0,
0.0,
0.0,
0.0,
0.0,
0.0,
0.0,
0.0,
0.0,
0.0,
0.0,
0.0,
0.0,
0.0,
0.0,
0.0,
0.0,
0.0,
0.0,
0.0,
0.0,
0.0,
0.0,
0.0,
0.0,
0.0,
0.0,
0.0,
0.0,
0.0,
0.0,
0.0,
0.0,
0.0,
0.0,
0.0,
0.0,
0.0,
0.0,
0.0,
0.0,
0.0,
0.0,
0.0,
0.0,
0.0,
0.0,
0.0,
0.0,
0.0,
0.0,
0.0,
0.0,
0.0,
0.0,
0.0,
0.0,
0.0,
0.0,
0.0,
0.0,
0.0,
0.0,
0.0,
0.0,
0.0,
0.0,
0.0,
0.0,
0.0,
0.0,
0.0,
0.0,
0.0,
0.0,
0.0,
0.0,
0.0,
0.0,
0.0,
0.0,
0.0,
0.0,
0.0,
0.0,
0.0,
0.0,
0.0,
0.0,
0.0,
0.0,
0.0,
0.0,
0.0,
0.0,
0.0,
0.0,
0.0,
0.0,
0.0,
0.0,
0.0,
0.0,
0.0,
0.0,
0.0,
0.0,
0.0,
0.0,
0.0,
0.0,
0.0,
0.0,
0.0,
0.0,
0.0,
0.0,
0.0,
0.0,
0.0,
0.0,
0.0,
0.0,
0.0,
0.0,
0.0,
0.0,
0.0,
0.0,
0.0,
0.0,
0.0,
0.0,
0.0,
0.0,
0.0,
0.0,
0.0,
0.0,
0.0,
0.0,
0.0,
0.0,
0.0,
0.0,
0.0,
0.0,
0.0,
0.0,
0.0,
0.0,
0.0,
0.0,
0.0,
0.0,
0.0,
0.0,
0.0,
0.0,
0.0,
0.0,
0.0,
0.0,
0.0,
0.0,
0.0,
0.0,
0.0,
0.0,
0.0,
0.0,
0.0,
0.0,
0.0,
0.0,
0.0,
0.0,
0.0,
0.0,
0.0,
0.0,
0.0,
0.0,
0.0,
0.0,
0.0,
0.0,
0.0,
0.0,
0.0,
0.0,
0.0,
0.0,
0.0,
0.0,
0.0,
0.0,
0.0,
0.0,
0.0,
0.0,
0.0,
0.0,
0.0,
0.0,
0.0,
0.0,
0.0,
0.0,
0.0,
0.0,
0.0,
0.0,
0.0,
0.0,
0.0,
0.0,
0.0,
0.0,
0.0,
0.0,
0.0,
0.0,
0.0,
0.0,
0.0,
0.0,
0.0,
0.0,
0.0,
0.0,
0.0,
0.0,
0.0,
0.0,
0.0,
0.0,
0.0,
0.0,
0.0,
0.0,
0.0,
0.0,
0.0,
0.0,
0.0,
0.0,
0.0,
0.0,
0.0,
0.0,
0.0,
0.0,
0.0,
0.0,
0.0,
0.0,
0.0,
0.0,
0.0,
0.0,
0.0,
0.0,
0.0,
0.0,
0.0,
0.0,
0.0,
0.0,
0.0,
0.0,
0.0,
0.0,
0.0,
0.0,
0.0,
0.0,
0.0,
0.0,
0.0,
0.0,
0.0,
0.0,
0.0,
0.0,
0.0,
0.0,
0.0,
0.0,
0.0,
0.0,
0.0,
0.0,
0.0,
0.0,
0.0,
0.0,
0.0,
0.0,
0.0,
0.0,
0.0,
0.0,
0.0,
0.0,
0.0,
0.0,
0.0,
0.0,
0.0,
0.0,
0.0,
0.0,
0.0,
0.0,
0.0,
0.0,
0.0,
0.0,
0.0,
0.0,
0.0,
0.0,
0.0,
0.0,
0.0,
0.0,
0.0,
0.0,
0.0,
0.0,
0.0,
0.0,
0.0,
0.0,
0.0,
0.0,
0.0,
0.0,
0.0,
0.0,
0.0,
0.0,
0.0,
0.0,
0.0,
0.0,
0.0,
0.0,
0.0,
0.0,
0.0,
0.0,
0.0,
0.0,
0.0,
0.0,
0.0,
0.0,
0.0,
0.0,
0.0,
0.0,
0.0,
0.0,
0.0,
0.0,
0.0,
0.0,
0.0,
0.0,
0.0,
0.0,
0.0,
0.0,
0.0,
0.0,
0.0,
0.0,
0.0,
0.0,
0.0,
0.0,
0.0,
0.0,
0.0,
0.0,
0.0,
0.0,
0.0,
0.0,
0.0,
0.0,
0.0,
0.0,
0.0,
0.0,
0.0,
0.0,
0.0,
0.0,
0.0,
0.0,
0.0,
0.0,
0.0,
0.0,
0.0,
0.0,
0.0,
0.0,
0.0,
0.0,
0.0,
0.0,
0.0,
0.0,
0.0,
0.0,
0.0,
0.0,
0.0,
0.0,
0.0,
0.0,
0.0,
0.0,
0.0,
0.0,
0.0,
0.0,
0.0,
0.0,
0.0,
0.0,
0.0,
0.0,
0.0,
0.0,
0.0,
0.0,
0.0,
0.0,
0.0,
0.0,
0.0,
0.0,
0.0,
0.0,
0.0,
0.0,
0.0,
0.0,
0.0,
0.0,
0.0,
0.0,
0.0,
0.0,
0.0,
0.0,
0.0,
0.0,
0.0,
0.0,
0.0,
0.0,
0.0,
0.0,
0.0,
0.0,
0.0,
0.0,
0.0,
0.0,
0.0,
0.0,
0.0,
0.0,
0.0,
0.0,
0.0,
0.0,
0.0,
0.0,
0.0,
0.0,
0.0,
0.0,
0.0,
0.0,
0.0,
0.0,
0.0,
0.0,
0.0,
0.0,
0.0,
0.0,
0.0,
0.0,
0.0,
0.0,
0.0,
0.0,
0.0,
0.0,
0.0,
0.0,
0.0,
0.0,
0.0,
0.0,
0.0,
0.0,
0.0,
0.0,
0.0,
0.0,
0.0,
0.0,
0.0,
0.0,
0.0,
0.0,
0.0,
0.0,
0.0,
0.0,
0.0,
0.0,
0.0,
0.0,
0.0,
0.0,
0.0,
0.0,
0.0,
0.0,
0.0,
0.0,
0.0,
0.0,
0.0,
0.0,
0.0,
0.0,
0.0,
0.0,
0.0,
0.0,
0.0,
0.0,
0.0,
0.0,
0.0,
0.0,
0.0,
0.0,
0.0,
0.0,
0.0,
0.0,
0.0,
0.0,
0.0,
0.0,
0.0,
0.0,
0.0,
0.0,
0.0,
0.0,
0.0,
0.0,
0.0,
0.0,
0.0,
0.0,
0.0,
0.0,
0.0,
0.0,
0.0,
0.0,
0.0,
0.0,
0.0,
0.0,
0.0,
0.0,
0.0,
0.0,
0.0,
0.0,
0.0,
0.0,
0.0,
0.0,
0.0,
0.0,
0.0,
0.0,
0.0,
0.0,
0.0,
0.0,
0.0,
0.0,
0.0,
0.0,
0.0,
0.0,
0.0,
0.0,
0.0,
0.0,
0.0,
0.0,
0.0,
0.0,
0.0,
0.0,
0.0,
0.0,
0.0,
0.0,
0.0,
0.0,
0.0,
0.0,
0.0,
0.0,
0.0,
0.0,
0.0,
0.0,
0.0,
0.0,
0.0,
0.0,
0.0,
0.0,
0.0,
0.0,
0.0,
0.0,
0.0,
0.0,
0.0,
0.0,
0.0,
0.0,
0.0,
0.0,
0.0,
0.0,
0.0,
0.0,
0.0,
0.0,
0.0,
0.0,
0.0,
0.0,
0.0,
0.0,
0.0,
0.0,
0.0,
0.0,
0.0,
0.0,
0.0,
0.0,
0.0,
0.0,
0.0,
0.0,
0.0,
0.0,
0.0,
0.0,
0.0,
0.0,
0.0,
0.0,
0.0,
0.0,
0.0,
0.0,
0.0,
0.0,
0.0,
0.0,
0.0,
0.0,
0.0,
0.0,
0.0,
0.0,
0.0,
0.0,
0.0,
0.0,
0.0,
0.0,
0.0,
0.0,
0.0,
0.0,
0.0,
0.0,
0.0,
0.0,
0.0,
0.0,
0.0,
0.0,
0.0,
0.0,
0.0,
0.0,
0.0,
0.0,
0.0,
0.0,
0.0,
0.0,
0.0,
0.0,
0.0,
0.0,
0.0,
0.0,
0.0,
0.0,
0.0,
0.0,
0.0,
0.0,
0.0,
0.0,
0.0,
0.0,
0.0,
0.0,
0.0,
0.0,
0.0,
0.0,
0.0,
0.0,
0.0,
0.0,
0.0,
0.0,
0.0,
0.0,
0.0,
0.0,
0.0,
0.0,
0.0,
0.0,
0.0,
0.0,
0.0,
0.0,
0.0,
0.0,
0.0,
0.0,
0.0,
0.0,
0.0,
0.0,
0.0,
0.0,
0.0,
0.0,
0.0,
0.0,
0.0,
0.0,
0.0,
0.0,
0.0,
0.0,
0.0,
0.0,
0.0,
0.0,
0.0,
0.0,
0.0,
0.0,
0.0,
0.0,
0.0,
0.0,
0.0,
0.0,
0.0,
0.0,
0.0,
0.0,
0.0,
0.0,
0.0,
0.0,
0.0,
0.0,
0.0,
0.0,
0.0,
0.0,
0.0,
0.0,
0.0,
0.0,
0.0,
0.0,
0.0,
0.0,
0.0,
0.0,
0.0,
0.0,
0.0,
0.0,
0.0,
0.0,
0.0,
0.0,
0.0,
0.0,
0.0,
0.0,
0.0,
0.0,
0.0,
0.0,
0.0,
0.0,
0.0,
0.0,
0.0,
0.0,
0.0,
0.0,
0.0,
0.0,
0.0,
0.0,
0.0,
0.0,
0.0,
0.0,
0.0,
0.0,
0.0,
0.0,
0.0,
0.0,
0.0,
0.0,
0.0,
0.0,
0.0,
0.0,
0.0,
0.0,
0.0,
0.0,
0.0,
0.0,
0.0,
0.0,
0.0,
0.0,
0.0,
0.0,
0.0,
0.0,
0.0,
0.0,
0.0,
0.0,
0.0,
0.0,
0.0,
0.0,
0.0,
0.0,
0.0,
0.0,
0.0,
0.0,
0.0,
0.0,
0.0,
0.0,
0.0,
0.0,
0.0,
0.0,
0.0,
0.0,
0.0,
0.0,
0.0,
0.0,
0.0,
0.0,
0.0,
0.0,
0.0,
0.0,
0.0,
0.0,
0.0,
0.0,
0.0,
0.0,
0.0,
0.0,
0.0,
0.0,
0.0,
0.0,
0.0,
0.0,
0.0,
0.0,
0.0,
0.0,
0.0,
0.0,
0.0,
0.0,
0.0,
0.0,
0.0,
0.0,
0.0,
0.0,
0.0,
0.0,
0.0,
0.0,
0.0,
0.0,
0.0,
0.0,
0.0,
0.0,
0.0,
0.0,
0.0,
0.0,
0.0,
0.0,
0.0,
0.0,
0.0,
0.0,
0.0,
0.0,
0.0,
0.0,
0.0,
0.0,
0.0,
0.0,
0.0,
0.0,
0.0,
0.0,
0.0,
0.0,
0.0,
0.0,
0.0,
0.0,
0.0,
0.0,
0.0,
0.0,
0.0,
0.0,
0.0,
0.0,
0.0,
0.0,
0.0,
0.0,
0.0,
0.0,
0.0,
0.0,
0.0,
0.0,
0.0,
0.0,
0.0,
0.0,
0.0,
0.0,
0.0,
0.0,
0.0,
0.0,
0.0,
0.0,
0.0,
0.0,
0.0,
0.0,
0.0,
0.0,
0.0,
0.0,
0.0,
0.0,
0.0,
0.0,
0.0,
0.0,
0.0,
0.0,
0.0,
0.0,
0.0,
0.0,
0.0,
0.0,
0.0,
0.0,
0.0,
0.0,
0.0,
0.0,
0.0,
0.0,
0.0,
0.0,
0.0,
0.0,
0.0,
0.0,
0.0,
0.0,
0.0,
0.0,
0.0,
0.0,
0.0,
0.0,
0.0,
0.0,
0.0,
0.0,
0.0,
0.0,
0.0,
0.0,
0.0,
0.0,
0.0,
0.0,
0.0,
0.0,
0.0,
0.0,
0.0,
0.0,
0.0,
0.0,
0.0,
0.0,
0.0,
0.0,
0.0,
0.0,
0.0,
0.0,
0.0,
0.0,
0.0,
0.0,
0.0,
0.0,
0.0,
0.0,
0.0,
0.0,
0.0,
0.0,
0.0,
0.0,
0.0,
0.0,
0.0,
0.0,
0.0,
0.0,
0.0,
0.0,
0.0,
0.0,
0.0,
0.0,
0.0,
0.0,
0.0,
0.0,
0.0,
0.0,
0.0,
0.0,
0.0,
0.0,
0.0,
0.0,
0.0,
0.0,
0.0,
0.0,
0.0,
0.0,
0.0,
0.0,
0.0,
0.0,
0.0,
0.0,
0.0,
0.0,
0.0,
0.0,
0.0,
0.0,
0.0,
0.0,
0.0,
0.0,
0.0,
0.0,
0.0,
0.0,
0.0,
0.0,
0.0,
0.0,
0.0,
0.0,
0.0,
0.0,
0.0,
0.0,
0.0,
0.0,
0.0,
0.0,
0.0,
0.0,
0.0,
0.0,
0.0,
0.0,
0.0,
0.0,
0.0,
0.0,
0.0,
0.0,
0.0,
0.0,
0.0,
0.0,
0.0,
0.0,
0.0,
0.0,
0.0,
0.0,
0.0,
0.0,
0.0,
0.0,
0.0,
0.0,
0.0,
0.0,
0.0,
0.0,
0.0,
0.0,
0.0,
0.0,
0.0,
0.0,
0.0,
0.0,
0.0,
0.0,
0.0,
0.0,
0.0,
0.0,
0.0,
0.0,
0.0,
0.0,
0.0,
0.0,
0.0,
0.0,
0.0,
0.0,
0.0,
0.0,
0.0,
0.0,
0.0,
0.0,
0.0,
0.0,
0.0,
0.0,
0.0,
0.0,
0.0,
0.0,
0.0,
0.0,
0.0,
0.0,
0.0,
0.0,
0.0,
0.0,
0.0,
0.0,
0.0,
0.0,
0.0,
0.0,
0.0,
0.0,
0.0,
0.0,
0.0,
0.0,
0.0,
0.0,
0.0,
0.0,
0.0,
0.0,
0.0,
0.0,
0.0,
0.0,
0.0,
0.0,
0.0,
0.0,
0.0,
0.0,
0.0,
0.0,
0.0,
0.0,
0.0,
0.0,
0.0,
0.0,
0.0,
0.0,
0.0,
0.0,
0.0,
0.0,
0.0,
0.0,
0.0,
0.0,
0.0,
0.0,
0.0,
0.0,
0.0,
0.0,
0.0,
0.0,
0.0,
0.0,
0.0,
0.0,
0.0,
0.0,
0.0,
0.0,
0.0,
0.0,
0.0,
0.0,
0.0,
0.0,
0.0,
0.0,
0.0,
0.0,
0.0,
0.0,
0.0,
0.0,
0.0,
0.0,
0.0,
0.0,
0.0,
0.0,
0.0,
0.0,
0.0,
0.0,
0.0,
0.0,
0.0,
0.0,
0.0,
0.0,
0.0,
0.0,
0.0,
0.0,
0.0,
0.0,
0.0,
0.0,
0.0,
0.0,
0.0,
0.0,
0.0,
0.0,
0.0,
0.0,
0.0,
0.0,
0.0,
0.0,
0.0,
0.0,
0.0,
0.0,
0.0,
0.0,
0.0,
0.0,
0.0,
0.0,
0.0,
0.0,
0.0,
0.0,
0.0,
0.0,
0.0,
0.0,
0.0,
0.0,
0.0,
0.0,
0.0,
0.0,
0.0,
0.0,
0.0,
0.0,
0.0,
0.0,
0.0,
0.0,
0.0,
0.0,
0.0,
0.0,
0.0,
0.0,
0.0,
0.0,
0.0,
0.0,
0.0,
0.0,
0.0,
0.0,
0.0,
0.0,
0.0,
0.0,
0.0,
0.0,
0.0,
0.0,
0.0,
0.0,
0.0,
0.0,
0.0,
0.0,
0.0,
0.0,
0.0,
0.0,
0.0,
0.0,
0.0,
0.0,
0.0,
0.0,
0.0,
0.0,
0.0,
0.0,
0.0,
0.0,
0.0,
0.0,
0.0,
0.0,
0.0,
0.0,
0.0,
0.0,
0.0,
0.0,
0.0,
0.0,
0.0,
0.0,
0.0,
0.0,
0.0,
0.0,
0.0,
0.0,
0.0,
0.0,
0.0,
0.0,
0.0,
0.0,
0.0,
0.0,
0.0,
0.0,
0.0,
0.0,
0.0,
0.0,
0.0,
0.0,
0.0,
0.0,
0.0,
0.0,
0.0,
0.0,
0.0,
0.0,
0.0,
0.0,
0.0,
0.0,
0.0,
0.0,
0.0,
0.0,
0.0,
0.0,
0.0,
0.0,
0.0,
0.0,
0.0,
0.0,
0.0,
0.0,
0.0,
0.0,
0.0,
0.0,
0.0,
0.0,
0.0,
0.0,
0.0,
0.0,
0.0,
0.0,
0.0,
0.0,
0.0,
0.0,
0.0,
0.0,
0.0,
0.0,
0.0,
0.0,
0.0,
0.0,
0.0,
0.0,
0.0,
0.0,
0.0,
0.0,
0.0,
0.0,
0.0,
0.0,
0.0,
0.0,
0.0,
0.0,
0.0,
0.0,
0.0,
0.0,
0.0,
0.0,
0.0,
0.0,
0.0,
0.0,
0.0,
0.0,
0.0,
0.0,
0.0,
0.0,
0.0,
0.0,
0.0,
0.0,
0.0,
0.0,
0.0,
0.0,
0.0,
0.0,
0.0,
0.0,
