1.0499999523162842,
1.0661704540252686,
1.0667928457260132,
1.0674136877059937,
1.0678893327713013,
1.0683733224868774,
1.068861961364746,
1.0691320896148682,
1.0693638324737549,
1.0695512294769287,
1.068374514579773,
1.0697840452194214,
1.0698236227035522,
1.069826364517212,
1.0697457790374756,
1.069947600364685,
1.0700937509536743,
1.0700722932815552,
1.070145845413208,
1.0700632333755493,
1.07010817527771,
1.0701121091842651,
1.0700815916061401,
1.0700165033340454,
1.0699893236160278,
1.0699710845947266,
1.069953203201294,
1.0698727369308472,
1.0696831941604614,
1.0698504447937012,
1.0698689222335815,
1.0697455406188965,
1.0698024034500122,
1.0697376728057861,
1.069657802581787,
1.069601058959961,
1.0696020126342773,
1.0695732831954956,
1.0694540739059448,
1.0694540739059448,
1.0694818496704102,
1.0694626569747925,
1.0694137811660767,
1.0692771673202515,
1.0692851543426514,
1.0691100358963013,
1.069089412689209,
1.0690512657165527,
1.0689088106155396,
1.0689219236373901,
1.0688115358352661,
1.06876540184021,
1.0675288438796997,
1.068813443183899,
1.0689895153045654,
1.069043517112732,
1.0690312385559082,
1.0685651302337646,
1.0683941841125488,
1.0682666301727295,
1.0682376623153687,
1.0681960582733154,
1.0680530071258545,
1.0680322647094727,
1.0679130554199219,
1.0678315162658691,
1.0677707195281982,
1.0676848888397217,
1.0675686597824097,
1.0674713850021362,
1.0673964023590088,
1.0673052072525024,
1.0672311782836914,
1.0671396255493164,
1.067055344581604,
1.0669147968292236,
1.0668820142745972,
1.06673264503479,
1.0666826963424683,
1.0665758848190308,
1.0664879083633423,
1.0663666725158691,
1.06620192527771,
1.066171646118164,
1.0662024021148682,
1.0658867359161377,
1.0658376216888428,
1.065811038017273,
1.06565523147583,
1.0655397176742554,
1.065584659576416,
1.0654103755950928,
1.0652178525924683,
1.0651042461395264,
1.0638232231140137,
1.0648335218429565,
1.0648431777954102,
1.0647006034851074,
1.0646114349365234,
1.0645273923873901,
1.0644009113311768,
1.0643240213394165,
1.064241647720337,
1.064078688621521,
1.06398344039917,
1.063838243484497,
1.0638093948364258,
1.0637245178222656,
1.0635141134262085,
1.0633938312530518,
1.063200831413269,
1.0630629062652588,
1.062920331954956,
1.0630086660385132,
1.0628385543823242,
1.062744379043579,
1.062627911567688,
1.0624988079071045,
1.0622745752334595,
1.0621755123138428,
1.061984658241272,
1.0619690418243408,
1.0618163347244263,
1.0617387294769287,
1.0615469217300415,
1.061477541923523,
1.0613353252410889,
1.0612183809280396,
1.0610393285751343,
1.0608856678009033,
1.0607171058654785,
1.0605568885803223,
1.06059730052948,
1.0603960752487183,
1.0602294206619263,
1.0601475238800049,
1.0587646961212158,
1.060014009475708,
1.059625506401062,
1.059586524963379,
1.059367299079895,
1.0592937469482422,
1.0590832233428955,
1.0590232610702515,
1.0590455532073975,
1.0588032007217407,
1.0586804151535034,
1.0584547519683838,
1.0583736896514893,
1.0582679510116577,
1.058027982711792,
1.057834267616272,
1.057762861251831,
1.0576095581054688,
1.05739426612854,
1.0574463605880737,
1.0572843551635742,
1.05690598487854,
1.0569404363632202,
1.0567656755447388,
1.0566706657409668,
1.0565121173858643,
1.0563418865203857,
1.0562255382537842,
1.0557054281234741,
1.0558557510375977,
1.055773377418518,
1.0556622743606567,
1.0556222200393677,
1.0550247430801392,
1.0554946660995483,
1.0553312301635742,
1.05494225025177,
1.0547760725021362,
1.0545430183410645,
1.0546152591705322,
1.0542277097702026,
1.0545654296875,
1.0535038709640503,
1.0544393062591553,
1.0543220043182373,
1.0539849996566772,
1.054028034210205,
1.053782343864441,
1.0534539222717285,
1.0532699823379517,
1.0531338453292847,
1.0529454946517944,
1.0527596473693848,
1.0526318550109863,
1.0522736310958862,
1.0523961782455444,
1.0522572994232178,
1.0519540309906006,
1.0519763231277466,
1.0519121885299683,
1.0519160032272339,
1.051893711090088,
1.0518581867218018,
1.0517020225524902,
1.0513675212860107,
1.051180362701416,
1.0509921312332153,
1.0507781505584717,
1.0506072044372559,
1.0448501110076904,
1.050532341003418,
1.0508418083190918,
1.0507980585098267,
1.0506972074508667,
1.0506318807601929,
1.050410270690918,
1.049946904182434,
1.0496776103973389,
1.0494475364685059,
1.0494112968444824,
1.0493122339248657,
1.0490845441818237,
1.0489705801010132,
1.0488463640213013,
1.048709511756897,
1.0486305952072144,
1.0484123229980469,
1.048237681388855,
1.0483531951904297,
1.0480848550796509,
1.0483683347702026,
1.0481981039047241,
1.0479121208190918,
1.0477025508880615,
1.04752779006958,
1.0474399328231812,
1.0473049879074097,
1.0474088191986084,
1.0470887422561646,
1.0467714071273804,
1.0470420122146606,
1.0469969511032104,
1.0469582080841064,
1.0468119382858276,
1.0465302467346191,
1.0462044477462769,
1.0460631847381592,
1.0460360050201416,
1.0459856986999512,
1.045852780342102,
1.045718789100647,
1.045438289642334,
1.0454366207122803,
1.04534113407135,
1.0453846454620361,
1.0447404384613037,
1.0449024438858032,
1.0446035861968994,
1.0449761152267456,
1.0450212955474854,
1.044775366783142,
1.0443960428237915,
1.0440837144851685,
1.044067144393921,
1.044121503829956,
1.0439507961273193,
1.044137716293335,
1.044114351272583,
1.043905258178711,
1.0431699752807617,
1.0439287424087524,
1.0436893701553345,
1.043480634689331,
1.0432639122009277,
1.042885661125183,
1.0428491830825806,
1.0427364110946655,
1.0424574613571167,
1.0424683094024658,
1.0421382188796997,
1.0422712564468384,
1.04181969165802,
1.0420037508010864,
1.041606068611145,
1.0418078899383545,
1.0417475700378418,
1.0417852401733398,
1.0414608716964722,
1.0412769317626953,
1.0413525104522705,
1.0410431623458862,
1.0411564111709595,
1.0410503149032593,
1.0406715869903564,
1.0408021211624146,
1.040557622909546,
1.0408893823623657,
1.0407299995422363,
1.0408490896224976,
1.0405299663543701,
1.0399075746536255,
1.0404002666473389,
1.0402251482009888,
1.0399725437164307,
1.0397204160690308,
1.0387524366378784,
1.0391913652420044,
1.0391147136688232,
1.0392664670944214,
1.0375518798828125,
1.0391863584518433,
1.0384951829910278,
1.0388675928115845,
1.038441777229309,
1.0386477708816528,
1.0382323265075684,
1.038116455078125,
1.0380289554595947,
1.0376760959625244,
1.0375251770019531,
1.0368280410766602,
1.0374341011047363,
1.0377668142318726,
1.0375304222106934,
1.0366326570510864,
1.0372015237808228,
1.0372446775436401,
1.0374696254730225,
1.036757469177246,
1.0373125076293945,
1.0365030765533447,
1.0364621877670288,
1.036600947380066,
1.036358118057251,
1.036266803741455,
1.0360779762268066,
1.0361216068267822,
1.0363187789916992,
1.036024808883667,
1.0359681844711304,
1.0357707738876343,
1.0354207754135132,
1.0353798866271973,
1.0354043245315552,
1.0360385179519653,
1.0359241962432861,
1.0361764430999756,
1.0350358486175537,
1.0351155996322632,
1.0343413352966309,
1.0353691577911377,
1.0346717834472656,
1.033950924873352,
1.034864068031311,
1.0357979536056519,
1.0355316400527954,
1.0359150171279907,
1.0357763767242432,
1.0356886386871338,
1.0351346731185913,
1.0346999168395996,
1.0344864130020142,
1.033747911453247,
1.0336782932281494,
1.033926010131836,
1.0340256690979004,
1.0334519147872925,
1.03333580493927,
1.0336333513259888,
1.0332664251327515,
1.033403992652893,
1.0333895683288574,
1.032941460609436,
1.0328253507614136,
1.0328865051269531,
1.0322808027267456,
1.0328174829483032,
1.0324703454971313,
1.0325289964675903,
1.0312860012054443,
1.0324769020080566,
1.0318849086761475,
1.032401204109192,
1.0321837663650513,
1.0315662622451782,
1.0319316387176514,
1.0314116477966309,
1.0322871208190918,
1.0308195352554321,
1.0311329364776611,
1.0310373306274414,
1.0312212705612183,
1.0303703546524048,
1.031114101409912,
1.0308313369750977,
1.0298703908920288,
1.0304301977157593,
1.0299060344696045,
1.0305461883544922,
1.0299807786941528,
1.030213475227356,
1.0298290252685547,
1.0293359756469727,
1.0292772054672241,
1.0292702913284302,
1.029520034790039,
1.0284078121185303,
1.028887391090393,
1.0292632579803467,
1.0287754535675049,
1.0279134511947632,
1.0285985469818115,
1.0285881757736206,
1.0288866758346558,
1.0285271406173706,
1.0287014245986938,
1.0290848016738892,
1.0285521745681763,
1.0280625820159912,
1.0283926725387573,
1.0274887084960938,
1.0273081064224243,
1.027166724205017,
1.027323842048645,
1.0261859893798828,
1.0263800621032715,
1.0265092849731445,
1.026771068572998,
1.0266622304916382,
1.0262523889541626,
1.0259379148483276,
1.0257900953292847,
1.025652527809143,
1.025376796722412,
1.0258539915084839,
1.025816559791565,
1.0254640579223633,
1.0256454944610596,
1.0251144170761108,
1.0253862142562866,
1.024922251701355,
1.0252176523208618,
1.0248589515686035,
1.0252045392990112,
1.0251082181930542,
1.0243463516235352,
1.0248790979385376,
1.0248653888702393,
1.0242174863815308,
1.023390531539917,
1.0242446660995483,
1.0238181352615356,
1.0233250856399536,
1.0232820510864258,
1.0232291221618652,
1.0228592157363892,
1.0230721235275269,
1.0226916074752808,
1.0223802328109741,
1.0220084190368652,
1.0220738649368286,
1.0221999883651733,
1.021553874015808,
1.0223345756530762,
1.021852731704712,
1.0210249423980713,
1.021093487739563,
1.0214669704437256,
1.021280288696289,
1.0199229717254639,
1.020673394203186,
1.0206351280212402,
1.0194412469863892,
1.020259141921997,
1.0201928615570068,
1.0201504230499268,
1.0200660228729248,
1.0198562145233154,
1.0195298194885254,
1.0200066566467285,
1.0190739631652832,
1.017647624015808,
1.0185198783874512,
1.0187559127807617,
1.017552137374878,
1.0169479846954346,
1.0179044008255005,
1.0182491540908813,
1.0178555250167847,
1.0173202753067017,
1.0169576406478882,
1.017390251159668,
1.0165965557098389,
1.0163518190383911,
1.0166560411453247,
1.0160452127456665,
1.0160256624221802,
1.0158790349960327,
1.0154502391815186,
1.0157346725463867,
1.0154987573623657,
1.0156323909759521,
1.0151594877243042,
1.0150904655456543,
1.015136480331421,
1.0150830745697021,
1.0148926973342896,
1.0143773555755615,
1.0144398212432861,
1.0143102407455444,
1.0141363143920898,
1.013670802116394,
1.012819766998291,
1.012900471687317,
1.0125653743743896,
1.0123473405838013,
1.0120681524276733,
1.01048743724823,
1.0097541809082031,
1.0082051753997803,
1.009752869606018,
1.008936882019043,
1.0098685026168823,
1.0096110105514526,
1.0093770027160645,
1.0087425708770752,
1.0077534914016724,
1.0080585479736328,
1.0080665349960327,
1.0079270601272583,
1.0072312355041504,
1.0067927837371826,
1.006555438041687,
1.0061323642730713,
1.006454586982727,
1.0063084363937378,
1.0058016777038574,
1.0060064792633057,
1.0056684017181396,
1.0054903030395508,
1.0046765804290771,
1.0040695667266846,
1.003922700881958,
1.0037657022476196,
1.0022988319396973,
1.00240159034729,
1.0022367238998413,
1.0028151273727417,
1.0018572807312012,
1.001691460609436,
1.0007990598678589,
1.0010080337524414,
1.000661849975586,
1.0002351999282837,
1.0000492334365845,
0.9995687007904053,
0.9994068741798401,
0.9988629817962646,
0.9983627200126648,
0.998116672039032,
0.997088611125946,
0.9976055026054382,
0.997000515460968,
0.9968863129615784,
0.996231734752655,
0.9959162473678589,
0.9953835606575012,
0.9950580596923828,
0.9947563409805298,
0.9942761063575745,
0.9940326809883118,
0.9932624697685242,
0.993401825428009,
0.99286949634552,
0.9919329881668091,
0.9914529323577881,
0.9909386038780212,
0.990975022315979,
0.9893969893455505,
0.9896572232246399,
0.9896679520606995,
0.9892888069152832,
0.9881414175033569,
0.9879401922225952,
0.9872905015945435,
0.9869490265846252,
0.9862434267997742,
0.98543381690979,
0.9850577712059021,
0.9845961332321167,
0.9842187762260437,
0.9837074875831604,
0.983460009098053,
0.9825085401535034,
0.982292890548706,
0.9812434315681458,
0.9808595776557922,
0.9800917506217957,
0.978759765625,
0.978672981262207,
0.9779940247535706,
0.976911723613739,
0.975766122341156,
0.9753692746162415,
0.9751392006874084,
0.9741578698158264,
0.9733314514160156,
0.9724605679512024,
0.9717783331871033,
0.970707893371582,
0.9697362780570984,
0.9691243171691895,
0.968287467956543,
0.9676232933998108,
0.9628078937530518,
0.9662008285522461,
0.9645764827728271,
0.9639713168144226,
0.9630275368690491,
0.9620055556297302,
0.9611870050430298,
0.9604013562202454,
0.9590646028518677,
0.9586291909217834,
0.957628071308136,
0.9562272429466248,
0.9551891684532166,
0.9540037512779236,
0.9533674120903015,
0.9520214796066284,
0.9506965279579163,
0.9496811628341675,
0.9479403495788574,
0.9467055797576904,
0.945885181427002,
0.9441577792167664,
0.9438550472259521,
0.9422814846038818,
0.9416124820709229,
0.9399608373641968,
0.9387760758399963,
0.9371965527534485,
0.9365814328193665,
0.935222327709198,
0.9342658519744873,
0.9327737092971802,
0.9311442971229553,
0.9304848909378052,
0.929364025592804,
0.9267168045043945,
0.926996648311615,
0.9258643984794617,
0.9245917201042175,
0.9235028028488159,
0.9223901033401489,
0.9215315580368042,
0.9199085235595703,
0.9187882542610168,
0.9176375865936279,
0.9170485734939575,
0.915776789188385,
0.9145492315292358,
0.9134376049041748,
0.9125423431396484,
0.9111694693565369,
0.9100152254104614,
0.9077879190444946,
0.9079111218452454,
0.906854510307312,
0.9057742953300476,
0.9047194719314575,
0.9036287665367126,
0.9027843475341797,
0.901515007019043,
0.9008034467697144,
0.8995310068130493,
0.8938270211219788,
0.8973734974861145,
0.8962345719337463,
0.8954647779464722,
0.8940714001655579,
0.8934745788574219,
0.892210066318512,
0.8914520144462585,
0.8901882171630859,
0.8891509771347046,
0.888198971748352,
0.8873249292373657,
0.8839695453643799,
0.880170464515686,
0.8842259645462036,
0.8810909390449524,
0.8823009729385376,
0.881144106388092,
0.881144106388092,
0.0,
0.0,
0.0,
0.0,
0.0,
0.0,
0.0,
0.0,
0.0,
0.0,
0.0,
0.0,
0.0,
0.0,
0.0,
0.0,
0.0,
0.0,
0.0,
0.0,
0.0,
0.0,
0.0,
0.0,
0.0,
0.0,
0.0,
0.0,
0.0,
0.0,
0.0,
0.0,
0.0,
0.0,
0.0,
0.0,
0.0,
0.0,
0.0,
0.0,
0.0,
0.0,
0.0,
0.0,
0.0,
0.0,
0.0,
0.0,
0.0,
0.0,
0.0,
0.0,
0.0,
0.0,
0.0,
0.0,
0.0,
0.0,
0.0,
0.0,
0.0,
0.0,
0.0,
0.0,
0.0,
0.0,
0.0,
0.0,
0.0,
0.0,
0.0,
0.0,
0.0,
0.0,
0.0,
0.0,
0.0,
0.0,
0.0,
0.0,
0.0,
0.0,
0.0,
0.0,
0.0,
0.0,
0.0,
0.0,
0.0,
0.0,
0.0,
0.0,
0.0,
0.0,
0.0,
0.0,
0.0,
0.0,
0.0,
0.0,
0.0,
0.0,
0.0,
0.0,
0.0,
0.0,
0.0,
0.0,
0.0,
0.0,
0.0,
0.0,
0.0,
0.0,
0.0,
0.0,
0.0,
0.0,
0.0,
0.0,
0.0,
0.0,
0.0,
0.0,
0.0,
0.0,
0.0,
0.0,
0.0,
0.0,
0.0,
0.0,
0.0,
0.0,
0.0,
0.0,
0.0,
0.0,
0.0,
0.0,
0.0,
0.0,
0.0,
0.0,
0.0,
0.0,
0.0,
0.0,
0.0,
0.0,
0.0,
0.0,
0.0,
0.0,
0.0,
0.0,
0.0,
0.0,
0.0,
0.0,
0.0,
0.0,
0.0,
0.0,
0.0,
0.0,
0.0,
0.0,
0.0,
0.0,
0.0,
0.0,
0.0,
0.0,
0.0,
0.0,
0.0,
0.0,
0.0,
0.0,
0.0,
0.0,
0.0,
0.0,
0.0,
0.0,
0.0,
0.0,
0.0,
0.0,
0.0,
0.0,
0.0,
0.0,
0.0,
0.0,
0.0,
0.0,
0.0,
0.0,
0.0,
0.0,
0.0,
0.0,
0.0,
0.0,
0.0,
0.0,
0.0,
0.0,
0.0,
0.0,
0.0,
0.0,
0.0,
0.0,
0.0,
0.0,
0.0,
0.0,
0.0,
0.0,
0.0,
0.0,
0.0,
0.0,
0.0,
0.0,
0.0,
0.0,
0.0,
0.0,
0.0,
0.0,
0.0,
0.0,
0.0,
0.0,
0.0,
0.0,
0.0,
0.0,
0.0,
0.0,
0.0,
0.0,
0.0,
0.0,
0.0,
0.0,
0.0,
0.0,
0.0,
0.0,
0.0,
0.0,
0.0,
0.0,
0.0,
0.0,
0.0,
0.0,
0.0,
0.0,
0.0,
0.0,
0.0,
0.0,
0.0,
0.0,
0.0,
0.0,
0.0,
0.0,
0.0,
0.0,
0.0,
0.0,
0.0,
0.0,
0.0,
0.0,
0.0,
0.0,
0.0,
0.0,
0.0,
0.0,
0.0,
0.0,
0.0,
0.0,
0.0,
0.0,
0.0,
0.0,
0.0,
0.0,
0.0,
0.0,
0.0,
0.0,
0.0,
0.0,
0.0,
0.0,
0.0,
0.0,
0.0,
0.0,
0.0,
0.0,
0.0,
0.0,
0.0,
0.0,
0.0,
0.0,
0.0,
0.0,
0.0,
0.0,
0.0,
0.0,
0.0,
0.0,
0.0,
0.0,
0.0,
0.0,
0.0,
0.0,
0.0,
0.0,
0.0,
0.0,
0.0,
0.0,
0.0,
0.0,
0.0,
0.0,
0.0,
0.0,
0.0,
0.0,
0.0,
0.0,
0.0,
0.0,
0.0,
0.0,
0.0,
0.0,
0.0,
0.0,
0.0,
0.0,
0.0,
0.0,
0.0,
0.0,
0.0,
0.0,
0.0,
0.0,
0.0,
0.0,
0.0,
0.0,
0.0,
0.0,
0.0,
0.0,
0.0,
0.0,
0.0,
0.0,
0.0,
0.0,
0.0,
0.0,
0.0,
0.0,
0.0,
0.0,
0.0,
0.0,
0.0,
0.0,
0.0,
0.0,
0.0,
0.0,
0.0,
0.0,
0.0,
0.0,
0.0,
0.0,
0.0,
0.0,
0.0,
0.0,
0.0,
0.0,
0.0,
0.0,
0.0,
0.0,
0.0,
0.0,
0.0,
0.0,
0.0,
0.0,
0.0,
0.0,
0.0,
0.0,
0.0,
0.0,
0.0,
0.0,
0.0,
0.0,
0.0,
0.0,
0.0,
0.0,
0.0,
0.0,
0.0,
0.0,
0.0,
0.0,
0.0,
0.0,
0.0,
0.0,
0.0,
0.0,
0.0,
0.0,
0.0,
0.0,
0.0,
0.0,
0.0,
0.0,
0.0,
0.0,
0.0,
0.0,
0.0,
0.0,
0.0,
0.0,
0.0,
0.0,
0.0,
0.0,
0.0,
0.0,
0.0,
0.0,
0.0,
0.0,
0.0,
0.0,
0.0,
0.0,
0.0,
0.0,
0.0,
0.0,
0.0,
0.0,
0.0,
0.0,
0.0,
0.0,
0.0,
0.0,
0.0,
0.0,
0.0,
0.0,
0.0,
0.0,
0.0,
0.0,
0.0,
0.0,
0.0,
0.0,
0.0,
0.0,
0.0,
0.0,
0.0,
0.0,
0.0,
0.0,
0.0,
0.0,
0.0,
0.0,
0.0,
0.0,
0.0,
0.0,
0.0,
0.0,
0.0,
0.0,
0.0,
0.0,
0.0,
0.0,
0.0,
0.0,
0.0,
0.0,
0.0,
0.0,
0.0,
0.0,
0.0,
0.0,
0.0,
0.0,
0.0,
0.0,
0.0,
0.0,
0.0,
0.0,
0.0,
0.0,
0.0,
0.0,
0.0,
0.0,
0.0,
0.0,
0.0,
0.0,
0.0,
0.0,
0.0,
0.0,
0.0,
0.0,
0.0,
0.0,
0.0,
0.0,
0.0,
0.0,
0.0,
0.0,
0.0,
0.0,
0.0,
0.0,
0.0,
0.0,
0.0,
0.0,
0.0,
0.0,
0.0,
0.0,
0.0,
0.0,
0.0,
0.0,
0.0,
0.0,
0.0,
0.0,
0.0,
0.0,
0.0,
0.0,
0.0,
0.0,
0.0,
0.0,
0.0,
0.0,
0.0,
0.0,
0.0,
0.0,
0.0,
0.0,
0.0,
0.0,
0.0,
0.0,
0.0,
0.0,
0.0,
0.0,
0.0,
0.0,
0.0,
0.0,
0.0,
0.0,
0.0,
0.0,
0.0,
0.0,
0.0,
0.0,
0.0,
0.0,
0.0,
0.0,
0.0,
0.0,
0.0,
0.0,
0.0,
0.0,
0.0,
0.0,
0.0,
0.0,
0.0,
0.0,
0.0,
0.0,
0.0,
0.0,
0.0,
0.0,
0.0,
0.0,
0.0,
0.0,
0.0,
0.0,
0.0,
0.0,
0.0,
0.0,
0.0,
0.0,
0.0,
0.0,
0.0,
0.0,
0.0,
0.0,
0.0,
0.0,
0.0,
0.0,
0.0,
0.0,
0.0,
0.0,
0.0,
0.0,
0.0,
0.0,
0.0,
0.0,
0.0,
0.0,
0.0,
0.0,
0.0,
0.0,
0.0,
0.0,
0.0,
0.0,
0.0,
0.0,
0.0,
0.0,
0.0,
0.0,
0.0,
0.0,
0.0,
0.0,
0.0,
0.0,
0.0,
0.0,
0.0,
0.0,
0.0,
0.0,
0.0,
0.0,
0.0,
0.0,
0.0,
0.0,
0.0,
0.0,
0.0,
0.0,
0.0,
0.0,
0.0,
0.0,
0.0,
0.0,
0.0,
0.0,
0.0,
0.0,
0.0,
0.0,
0.0,
0.0,
0.0,
0.0,
0.0,
0.0,
0.0,
0.0,
0.0,
0.0,
0.0,
0.0,
0.0,
0.0,
0.0,
0.0,
0.0,
0.0,
0.0,
0.0,
0.0,
0.0,
0.0,
0.0,
0.0,
0.0,
0.0,
0.0,
0.0,
0.0,
0.0,
0.0,
0.0,
0.0,
0.0,
0.0,
0.0,
0.0,
0.0,
0.0,
0.0,
0.0,
0.0,
0.0,
0.0,
0.0,
0.0,
0.0,
0.0,
0.0,
0.0,
0.0,
0.0,
0.0,
0.0,
0.0,
0.0,
0.0,
0.0,
0.0,
0.0,
0.0,
0.0,
0.0,
0.0,
0.0,
0.0,
0.0,
0.0,
0.0,
0.0,
0.0,
0.0,
0.0,
0.0,
0.0,
0.0,
0.0,
0.0,
0.0,
0.0,
0.0,
0.0,
0.0,
0.0,
0.0,
0.0,
0.0,
0.0,
0.0,
0.0,
0.0,
0.0,
0.0,
0.0,
0.0,
0.0,
0.0,
0.0,
0.0,
0.0,
0.0,
0.0,
0.0,
0.0,
0.0,
0.0,
0.0,
0.0,
0.0,
0.0,
0.0,
0.0,
0.0,
0.0,
0.0,
0.0,
0.0,
0.0,
0.0,
0.0,
0.0,
0.0,
0.0,
0.0,
0.0,
0.0,
0.0,
0.0,
0.0,
0.0,
0.0,
0.0,
0.0,
0.0,
0.0,
0.0,
0.0,
0.0,
0.0,
0.0,
0.0,
0.0,
0.0,
0.0,
0.0,
0.0,
0.0,
0.0,
0.0,
0.0,
0.0,
0.0,
0.0,
0.0,
0.0,
0.0,
0.0,
0.0,
0.0,
0.0,
0.0,
0.0,
0.0,
0.0,
0.0,
0.0,
0.0,
0.0,
0.0,
0.0,
0.0,
0.0,
0.0,
0.0,
0.0,
0.0,
0.0,
0.0,
0.0,
0.0,
0.0,
0.0,
0.0,
0.0,
0.0,
0.0,
0.0,
0.0,
0.0,
0.0,
0.0,
0.0,
0.0,
0.0,
0.0,
0.0,
0.0,
0.0,
0.0,
0.0,
0.0,
0.0,
0.0,
0.0,
0.0,
0.0,
0.0,
0.0,
0.0,
0.0,
0.0,
0.0,
0.0,
0.0,
0.0,
0.0,
0.0,
0.0,
0.0,
0.0,
0.0,
0.0,
0.0,
0.0,
0.0,
0.0,
0.0,
0.0,
0.0,
0.0,
0.0,
0.0,
0.0,
0.0,
0.0,
0.0,
0.0,
0.0,
0.0,
0.0,
0.0,
0.0,
0.0,
0.0,
0.0,
0.0,
0.0,
0.0,
0.0,
0.0,
0.0,
0.0,
0.0,
0.0,
0.0,
0.0,
0.0,
0.0,
0.0,
0.0,
0.0,
0.0,
0.0,
0.0,
0.0,
0.0,
0.0,
0.0,
0.0,
0.0,
0.0,
0.0,
0.0,
0.0,
0.0,
0.0,
0.0,
0.0,
0.0,
0.0,
0.0,
0.0,
0.0,
0.0,
0.0,
0.0,
0.0,
0.0,
0.0,
0.0,
0.0,
0.0,
0.0,
0.0,
0.0,
0.0,
0.0,
0.0,
0.0,
0.0,
0.0,
0.0,
0.0,
0.0,
0.0,
0.0,
0.0,
0.0,
0.0,
0.0,
0.0,
0.0,
0.0,
0.0,
0.0,
0.0,
0.0,
0.0,
0.0,
0.0,
0.0,
0.0,
0.0,
0.0,
0.0,
0.0,
0.0,
0.0,
0.0,
0.0,
0.0,
0.0,
0.0,
0.0,
0.0,
0.0,
0.0,
0.0,
0.0,
0.0,
0.0,
0.0,
0.0,
0.0,
0.0,
0.0,
0.0,
0.0,
0.0,
0.0,
0.0,
0.0,
0.0,
0.0,
0.0,
0.0,
0.0,
0.0,
0.0,
0.0,
0.0,
0.0,
0.0,
0.0,
0.0,
0.0,
0.0,
0.0,
0.0,
0.0,
0.0,
0.0,
0.0,
0.0,
0.0,
0.0,
0.0,
0.0,
0.0,
0.0,
0.0,
0.0,
0.0,
0.0,
0.0,
0.0,
0.0,
0.0,
0.0,
0.0,
0.0,
0.0,
0.0,
0.0,
0.0,
0.0,
0.0,
0.0,
0.0,
0.0,
0.0,
0.0,
0.0,
0.0,
0.0,
0.0,
0.0,
0.0,
0.0,
0.0,
0.0,
0.0,
0.0,
0.0,
0.0,
0.0,
0.0,
0.0,
0.0,
0.0,
0.0,
0.0,
0.0,
0.0,
0.0,
0.0,
0.0,
0.0,
0.0,
0.0,
0.0,
0.0,
0.0,
0.0,
0.0,
0.0,
0.0,
0.0,
0.0,
0.0,
0.0,
0.0,
0.0,
0.0,
0.0,
0.0,
0.0,
0.0,
0.0,
0.0,
0.0,
0.0,
0.0,
0.0,
0.0,
0.0,
0.0,
0.0,
0.0,
0.0,
0.0,
0.0,
0.0,
0.0,
0.0,
0.0,
0.0,
0.0,
0.0,
0.0,
0.0,
0.0,
0.0,
0.0,
0.0,
0.0,
0.0,
0.0,
0.0,
0.0,
0.0,
0.0,
0.0,
0.0,
0.0,
0.0,
0.0,
0.0,
0.0,
0.0,
0.0,
0.0,
0.0,
0.0,
0.0,
0.0,
0.0,
0.0,
0.0,
0.0,
0.0,
0.0,
0.0,
0.0,
0.0,
0.0,
0.0,
0.0,
0.0,
0.0,
0.0,
0.0,
0.0,
0.0,
0.0,
0.0,
0.0,
0.0,
0.0,
0.0,
0.0,
0.0,
0.0,
0.0,
0.0,
0.0,
0.0,
0.0,
0.0,
0.0,
0.0,
0.0,
0.0,
0.0,
0.0,
0.0,
0.0,
0.0,
0.0,
0.0,
0.0,
0.0,
0.0,
0.0,
0.0,
0.0,
0.0,
0.0,
0.0,
0.0,
0.0,
0.0,
0.0,
0.0,
0.0,
0.0,
0.0,
0.0,
0.0,
0.0,
0.0,
0.0,
0.0,
0.0,
0.0,
0.0,
0.0,
0.0,
0.0,
0.0,
0.0,
0.0,
0.0,
0.0,
0.0,
0.0,
0.0,
0.0,
0.0,
0.0,
0.0,
0.0,
0.0,
0.0,
0.0,
0.0,
0.0,
0.0,
0.0,
0.0,
0.0,
0.0,
0.0,
0.0,
0.0,
0.0,
0.0,
0.0,
0.0,
0.0,
0.0,
0.0,
0.0,
0.0,
0.0,
0.0,
0.0,
0.0,
0.0,
0.0,
0.0,
0.0,
0.0,
0.0,
0.0,
0.0,
0.0,
0.0,
0.0,
0.0,
0.0,
0.0,
0.0,
0.0,
0.0,
0.0,
0.0,
0.0,
0.0,
0.0,
0.0,
0.0,
0.0,
0.0,
0.0,
0.0,
0.0,
0.0,
0.0,
0.0,
0.0,
0.0,
0.0,
0.0,
0.0,
0.0,
0.0,
0.0,
0.0,
0.0,
0.0,
0.0,
0.0,
0.0,
0.0,
0.0,
0.0,
0.0,
0.0,
0.0,
0.0,
0.0,
0.0,
0.0,
0.0,
0.0,
0.0,
0.0,
0.0,
0.0,
0.0,
0.0,
0.0,
0.0,
0.0,
0.0,
0.0,
0.0,
0.0,
0.0,
0.0,
0.0,
0.0,
0.0,
0.0,
0.0,
0.0,
0.0,
0.0,
0.0,
0.0,
0.0,
0.0,
0.0,
0.0,
0.0,
0.0,
0.0,
0.0,
0.0,
0.0,
0.0,
0.0,
0.0,
0.0,
0.0,
0.0,
0.0,
0.0,
0.0,
0.0,
0.0,
0.0,
0.0,
0.0,
0.0,
0.0,
0.0,
0.0,
0.0,
0.0,
0.0,
0.0,
0.0,
0.0,
0.0,
0.0,
0.0,
0.0,
0.0,
0.0,
0.0,
0.0,
0.0,
0.0,
0.0,
0.0,
0.0,
0.0,
0.0,
0.0,
0.0,
0.0,
0.0,
0.0,
0.0,
0.0,
0.0,
0.0,
0.0,
0.0,
0.0,
0.0,
0.0,
0.0,
0.0,
0.0,
0.0,
0.0,
0.0,
0.0,
0.0,
0.0,
0.0,
0.0,
0.0,
0.0,
0.0,
0.0,
0.0,
0.0,
0.0,
0.0,
0.0,
0.0,
0.0,
0.0,
0.0,
0.0,
0.0,
0.0,
0.0,
0.0,
0.0,
0.0,
0.0,
0.0,
0.0,
0.0,
0.0,
0.0,
0.0,
0.0,
0.0,
0.0,
0.0,
0.0,
0.0,
0.0,
0.0,
0.0,
0.0,
0.0,
0.0,
0.0,
0.0,
0.0,
0.0,
0.0,
0.0,
0.0,
0.0,
0.0,
0.0,
0.0,
0.0,
0.0,
0.0,
0.0,
0.0,
0.0,
0.0,
0.0,
0.0,
0.0,
0.0,
0.0,
0.0,
0.0,
0.0,
0.0,
0.0,
0.0,
0.0,
0.0,
0.0,
0.0,
0.0,
0.0,
0.0,
0.0,
0.0,
0.0,
0.0,
0.0,
0.0,
0.0,
0.0,
0.0,
0.0,
0.0,
0.0,
0.0,
0.0,
0.0,
0.0,
0.0,
0.0,
0.0,
0.0,
0.0,
0.0,
0.0,
0.0,
0.0,
0.0,
0.0,
0.0,
0.0,
0.0,
0.0,
0.0,
0.0,
0.0,
0.0,
0.0,
0.0,
0.0,
0.0,
0.0,
0.0,
0.0,
0.0,
0.0,
0.0,
0.0,
0.0,
0.0,
0.0,
0.0,
