1.0499999523162842,
1.0499999523162842,
1.0499999523162842,
1.0833585262298584,
1.084089756011963,
1.0846543312072754,
1.0850183963775635,
1.085321068763733,
1.0855735540390015,
1.085784673690796,
1.0859966278076172,
1.0861808061599731,
1.081716537475586,
1.0834587812423706,
1.0843620300292969,
1.0848766565322876,
1.0853006839752197,
1.0856069326400757,
1.0858585834503174,
1.0859253406524658,
1.0861308574676514,
1.0862315893173218,
1.0863546133041382,
1.0864251852035522,
1.0865163803100586,
1.0866978168487549,
1.0866631269454956,
1.0867027044296265,
1.0867379903793335,
1.0867822170257568,
1.0868076086044312,
1.0867687463760376,
1.0868005752563477,
1.0867900848388672,
1.086861491203308,
1.0868685245513916,
1.0868844985961914,
1.0869214534759521,
1.0869550704956055,
1.0869437456130981,
1.0869485139846802,
1.0870132446289062,
1.0869790315628052,
1.0870182514190674,
1.087053656578064,
1.0870636701583862,
1.0870373249053955,
1.0870367288589478,
1.0870347023010254,
1.0870648622512817,
1.0871018171310425,
1.0871047973632812,
1.0870641469955444,
1.0871156454086304,
1.087081789970398,
1.0870980024337769,
1.0871328115463257,
1.087104082107544,
1.0870381593704224,
1.087030053138733,
1.0870014429092407,
1.0870686769485474,
1.0870113372802734,
1.087002158164978,
1.0870096683502197,
1.0870401859283447,
1.087827444076538,
1.0881296396255493,
1.0883718729019165,
1.0884907245635986,
1.0885919332504272,
1.08759605884552,
1.0871113538742065,
1.087057113647461,
1.0870360136032104,
1.0870250463485718,
1.086967945098877,
1.0869579315185547,
1.0869007110595703,
1.0869174003601074,
1.086830735206604,
1.0868372917175293,
1.086782455444336,
1.086776852607727,
1.086803674697876,
1.086767315864563,
1.086693286895752,
1.0866562128067017,
1.0866104364395142,
1.0865939855575562,
1.0865942239761353,
1.086537480354309,
1.086523413658142,
1.0864953994750977,
1.0864272117614746,
1.0864304304122925,
1.086400032043457,
1.086378574371338,
1.086311936378479,
1.0863206386566162,
1.0862480401992798,
1.0862727165222168,
1.0862318277359009,
1.0861890316009521,
1.086190104484558,
1.0861331224441528,
1.086113691329956,
1.0860772132873535,
1.086047887802124,
1.0860258340835571,
1.0860285758972168,
1.0860028266906738,
1.085972785949707,
1.0859028100967407,
1.085828423500061,
1.0858757495880127,
1.0858007669448853,
1.08579421043396,
1.085759162902832,
1.0857070684432983,
1.0857137441635132,
1.0856279134750366,
1.0856211185455322,
1.0855953693389893,
1.0854960680007935,
1.085458517074585,
1.085559606552124,
1.085472822189331,
1.0853965282440186,
1.0853846073150635,
1.0853259563446045,
1.085314154624939,
1.0852689743041992,
1.0852404832839966,
1.0852067470550537,
1.0851999521255493,
1.0851824283599854,
1.0851480960845947,
1.0851017236709595,
1.0850422382354736,
1.0850468873977661,
1.0849969387054443,
1.0849764347076416,
1.0849127769470215,
1.0848830938339233,
1.0848571062088013,
1.0848195552825928,
1.084762454032898,
1.0847166776657104,
1.084700107574463,
1.08464515209198,
1.0846614837646484,
1.0845495462417603,
1.0845106840133667,
1.0845228433609009,
1.0845493078231812,
1.084439754486084,
1.0843826532363892,
1.0843828916549683,
1.0843535661697388,
1.084283471107483,
1.0842242240905762,
1.0842012166976929,
1.0841656923294067,
1.084172010421753,
1.084096908569336,
1.084052562713623,
1.083992838859558,
1.0839729309082031,
1.0839289426803589,
1.0839076042175293,
1.0838799476623535,
1.0838143825531006,
1.0837775468826294,
1.0837106704711914,
1.0836666822433472,
1.0836118459701538,
1.083573341369629,
1.083528995513916,
1.0834996700286865,
1.0834877490997314,
1.0835144519805908,
1.0835528373718262,
1.0837550163269043,
1.083772897720337,
1.0836455821990967,
1.08348548412323,
1.083309531211853,
1.0832417011260986,
1.083162784576416,
1.0832992792129517,
1.083454966545105,
1.0835374593734741,
1.0835413932800293,
1.0834795236587524,
1.083438515663147,
1.0833290815353394,
1.0831875801086426,
1.0828696489334106,
1.0827444791793823,
1.0826703310012817,
1.0826005935668945,
1.0825432538986206,
1.0825072526931763,
1.0824440717697144,
1.0823673009872437,
1.0823194980621338,
1.082281470298767,
1.0822356939315796,
1.0822780132293701,
1.0823127031326294,
1.0824527740478516,
1.0825471878051758,
1.0825109481811523,
1.082394003868103,
1.0821518898010254,
1.0819509029388428,
1.08182954788208,
1.0819625854492188,
1.082232117652893,
1.082380771636963,
1.0824434757232666,
1.082478404045105,
1.082451581954956,
1.0823990106582642,
1.0822798013687134,
1.0820882320404053,
1.0816588401794434,
1.0814478397369385,
1.0814049243927002,
1.0813220739364624,
1.0812615156173706,
1.0812071561813354,
1.08115553855896,
1.0811039209365845,
1.0798274278640747,
1.0809811353683472,
1.0810024738311768,
1.080987811088562,
1.0810809135437012,
1.0811654329299927,
1.0812703371047974,
1.0811272859573364,
1.0808874368667603,
1.0806593894958496,
1.0805411338806152,
1.0804805755615234,
1.0805399417877197,
1.0806553363800049,
1.0807616710662842,
1.0807769298553467,
1.0807541608810425,
1.0806736946105957,
1.0806257724761963,
1.0805542469024658,
1.0802397727966309,
1.080012321472168,
1.0799674987792969,
1.0798977613449097,
1.0798256397247314,
1.0797556638717651,
1.079689621925354,
1.0796443223953247,
1.0796103477478027,
1.0795998573303223,
1.079541802406311,
1.079588532447815,
1.0795623064041138,
1.0796183347702026,
1.0797760486602783,
1.0797830820083618,
1.079613208770752,
1.079405665397644,
1.07919442653656,
1.0791302919387817,
1.0791088342666626,
1.0792367458343506,
1.0793341398239136,
1.07941472530365,
1.079404354095459,
1.0793734788894653,
1.0793150663375854,
1.0792465209960938,
1.0791226625442505,
1.0787937641143799,
1.0786076784133911,
1.0785129070281982,
1.0784575939178467,
1.078383207321167,
1.07833993434906,
1.0782564878463745,
1.0781517028808594,
1.0781351327896118,
1.0781383514404297,
1.0780613422393799,
1.0780055522918701,
1.0779935121536255,
1.0780665874481201,
1.078163504600525,
1.0780677795410156,
1.0778617858886719,
1.0777033567428589,
1.0776915550231934,
1.0775727033615112,
1.0776021480560303,
1.077695608139038,
1.0777784585952759,
1.0778638124465942,
1.077904224395752,
1.0779112577438354,
1.0778974294662476,
1.0778735876083374,
1.077675461769104,
1.0773096084594727,
1.0770847797393799,
1.076972484588623,
1.076906442642212,
1.0768587589263916,
1.0768052339553833,
1.0767207145690918,
1.0754077434539795,
1.0766117572784424,
1.076523780822754,
1.0764455795288086,
1.0763766765594482,
1.0763287544250488,
1.0763190984725952,
1.0762728452682495,
1.0761847496032715,
1.0761288404464722,
1.0760375261306763,
1.0759820938110352,
1.0758785009384155,
1.075921893119812,
1.0759624242782593,
1.0759772062301636,
1.0760118961334229,
1.0759902000427246,
1.0759347677230835,
1.0758898258209229,
1.0758694410324097,
1.075671911239624,
1.0753093957901,
1.0752761363983154,
1.0752241611480713,
1.0751075744628906,
1.0750651359558105,
1.0749967098236084,
1.074941873550415,
1.074912428855896,
1.0748341083526611,
1.0747679471969604,
1.074683427810669,
1.0749001502990723,
1.0757414102554321,
1.0761563777923584,
1.0762721300125122,
1.0762110948562622,
1.0761299133300781,
1.076062560081482,
1.0759695768356323,
1.076086401939392,
1.0763078927993774,
1.0765098333358765,
1.076661467552185,
1.0767253637313843,
1.0767872333526611,
1.0767875909805298,
1.0767284631729126,
1.0766514539718628,
1.076305627822876,
1.0759533643722534,
1.0756725072860718,
1.0754632949829102,
1.0753251314163208,
1.075222373008728,
1.075101613998413,
1.0750186443328857,
1.0749852657318115,
1.0749210119247437,
1.07491135597229,
1.0747684240341187,
1.074724555015564,
1.0747811794281006,
1.0747138261795044,
1.0746991634368896,
1.0745127201080322,
1.0744258165359497,
1.0742863416671753,
1.0742286443710327,
1.0743436813354492,
1.074486255645752,
1.0745983123779297,
1.074669599533081,
1.0746866464614868,
1.074696660041809,
1.0746914148330688,
1.0746859312057495,
1.0744884014129639,
1.0741406679153442,
1.0738993883132935,
1.0737156867980957,
1.0735602378845215,
1.0734195709228516,
1.0733345746994019,
1.0720161199569702,
1.0731847286224365,
1.0731518268585205,
1.073082447052002,
1.073069453239441,
1.0730046033859253,
1.0730372667312622,
1.0730468034744263,
1.0730321407318115,
1.0728904008865356,
1.0727187395095825,
1.0725412368774414,
1.0724449157714844,
1.0723927021026611,
1.0725061893463135,
1.0721369981765747,
1.072585940361023,
1.0727577209472656,
1.0727742910385132,
1.0728461742401123,
1.0727630853652954,
1.0727128982543945,
1.0724165439605713,
1.0720912218093872,
1.0718374252319336,
1.071420669555664,
1.0714854001998901,
1.0713962316513062,
1.0713170766830444,
1.0712312459945679,
1.0711191892623901,
1.0710784196853638,
1.071061611175537,
1.0709998607635498,
1.0709822177886963,
1.0710407495498657,
1.0711181163787842,
1.0710303783416748,
1.0708309412002563,
1.0706747770309448,
1.070480465888977,
1.070338487625122,
1.0703787803649902,
1.0704132318496704,
1.0706168413162231,
1.070703148841858,
1.070786714553833,
1.07070791721344,
1.0702167749404907,
1.0705344676971436,
1.0704103708267212,
1.0701035261154175,
1.0698710680007935,
1.0693682432174683,
1.069433569908142,
1.0693211555480957,
1.0692461729049683,
1.0690983533859253,
1.0690219402313232,
1.0689963102340698,
1.0688865184783936,
1.0688856840133667,
1.068831205368042,
1.0687601566314697,
1.0687130689620972,
1.0684714317321777,
1.0686743259429932,
1.0684961080551147,
1.0683406591415405,
1.0682164430618286,
1.06813645362854,
1.0679570436477661,
1.0680210590362549,
1.0680407285690308,
1.0678110122680664,
1.0682127475738525,
1.068181037902832,
1.0681676864624023,
1.0681072473526,
1.0679965019226074,
1.0675758123397827,
1.0673884153366089,
1.0670932531356812,
1.0670729875564575,
1.0670174360275269,
1.066919207572937,
1.066882610321045,
1.0667848587036133,
1.066684603691101,
1.066603660583496,
1.0664801597595215,
1.0664076805114746,
1.066222071647644,
1.0662355422973633,
1.0661627054214478,
1.0660685300827026,
1.065906286239624,
1.0658506155014038,
1.0657577514648438,
1.0657060146331787,
1.0658797025680542,
1.0659433603286743,
1.0652916431427002,
1.0658460855484009,
1.0660709142684937,
1.066259503364563,
1.0662841796875,
1.0655300617218018,
1.0655572414398193,
1.065523386001587,
1.0649865865707397,
1.0644829273223877,
1.0643583536148071,
1.064508318901062,
1.0644946098327637,
1.0639913082122803,
1.0627726316452026,
1.0619884729385376,
1.060161828994751,
1.0623056888580322,
1.0612839460372925,
1.0620143413543701,
1.061928153038025,
1.0618112087249756,
1.0617340803146362,
1.0616285800933838,
1.0615450143814087,
1.061443567276001,
1.0600825548171997,
1.061254620552063,
1.061408281326294,
1.0614159107208252,
1.061460256576538,
1.0614240169525146,
1.0613744258880615,
1.0612558126449585,
1.0613138675689697,
1.0608241558074951,
1.0604623556137085,
1.060338020324707,
1.0601338148117065,
1.0592666864395142,
1.0597470998764038,
1.059744954109192,
1.0596046447753906,
1.059512734413147,
1.0593897104263306,
1.0590007305145264,
1.0591318607330322,
1.0590499639511108,
1.0589827299118042,
1.0589864253997803,
1.058827519416809,
1.0581610202789307,
1.0584434270858765,
1.058283805847168,
1.0582373142242432,
1.0578569173812866,
1.0580474138259888,
1.058066964149475,
1.0580564737319946,
1.0577545166015625,
1.0576896667480469,
1.0576903820037842,
1.0574438571929932,
1.0571727752685547,
1.0571154356002808,
1.0568383932113647,
1.0565341711044312,
1.0563158988952637,
1.0563105344772339,
1.0562512874603271,
1.056110143661499,
1.0559756755828857,
1.0556870698928833,
1.0556724071502686,
1.0554953813552856,
1.0551677942276,
1.0552451610565186,
1.054993987083435,
1.055094599723816,
1.0550224781036377,
1.0547332763671875,
1.0545762777328491,
1.0544596910476685,
1.0542224645614624,
1.0539906024932861,
1.0541317462921143,
1.0538504123687744,
1.0541197061538696,
1.0540223121643066,
1.053680658340454,
1.0536373853683472,
1.053778052330017,
1.053364634513855,
1.053173542022705,
1.0524282455444336,
1.0522736310958862,
1.0520228147506714,
1.0518196821212769,
1.0518192052841187,
1.0515168905258179,
1.051475167274475,
1.051324486732483,
1.0511300563812256,
1.0505670309066772,
1.0504093170166016,
1.0505902767181396,
1.0500842332839966,
1.0503019094467163,
1.0501693487167358,
1.0499125719070435,
1.0496255159378052,
1.0492846965789795,
1.049109935760498,
1.049176573753357,
1.048652172088623,
1.0488176345825195,
1.0481635332107544,
1.0488032102584839,
1.0486855506896973,
1.0481165647506714,
1.0482537746429443,
1.0476287603378296,
1.0471583604812622,
1.0469030141830444,
1.046850562095642,
1.0464597940444946,
1.0461238622665405,
1.046230673789978,
1.0459147691726685,
1.0454567670822144,
1.045193076133728,
1.0448015928268433,
1.0446515083312988,
1.0447018146514893,
1.0442487001419067,
1.0444198846817017,
1.043908715248108,
1.043681263923645,
1.043769121170044,
1.0432378053665161,
1.0432183742523193,
1.042778491973877,
1.0422707796096802,
1.0419055223464966,
1.0420252084732056,
1.0416555404663086,
1.0416154861450195,
1.0414198637008667,
1.0407774448394775,
1.0406866073608398,
1.040250301361084,
1.0402201414108276,
1.039765477180481,
1.0396018028259277,
1.039594292640686,
1.038800835609436,
1.0383819341659546,
1.0381942987442017,
1.0383940935134888,
1.0380417108535767,
1.0371066331863403,
1.0370872020721436,
1.037130355834961,
1.0364586114883423,
1.0359792709350586,
1.0354310274124146,
1.035805344581604,
1.0349127054214478,
1.034917950630188,
1.0347987413406372,
1.0341684818267822,
1.0340309143066406,
1.0334279537200928,
1.0323675870895386,
1.032724142074585,
1.0329922437667847,
1.0323835611343384,
1.0319095849990845,
1.031827449798584,
1.0309770107269287,
1.0305548906326294,
1.030138373374939,
1.0298537015914917,
1.0296846628189087,
1.0286039113998413,
1.0287054777145386,
1.028162956237793,
1.027851939201355,
1.0271177291870117,
1.0268117189407349,
1.02599036693573,
1.0255297422409058,
1.0253682136535645,
1.0245920419692993,
1.0244479179382324,
1.0236743688583374,
1.0231655836105347,
1.0226943492889404,
1.0213481187820435,
1.0219120979309082,
1.0212585926055908,
1.0207722187042236,
1.0202324390411377,
1.019587755203247,
1.018996238708496,
1.0181689262390137,
1.0178805589675903,
1.0171382427215576,
1.0165141820907593,
1.0161688327789307,
1.0159201622009277,
1.0149277448654175,
1.014079213142395,
1.0136120319366455,
1.0130369663238525,
1.0120187997817993,
1.011472225189209,
1.0113121271133423,
1.0102108716964722,
1.009703516960144,
1.0089173316955566,
1.008017659187317,
1.0075780153274536,
1.0069912672042847,
1.0057867765426636,
1.005041480064392,
1.0044173002243042,
1.0036377906799316,
1.003114104270935,
1.002102017402649,
1.0013015270233154,
1.0001673698425293,
0.9997323155403137,
0.9988004565238953,
0.9979338645935059,
0.9968583583831787,
0.9964333176612854,
0.995235800743103,
0.994545042514801,
0.993494987487793,
0.9923077821731567,
0.991528332233429,
0.9908587336540222,
0.9896841049194336,
0.9888378381729126,
0.9878808259963989,
0.9872176647186279,
0.9863860011100769,
0.9859303832054138,
0.9846095442771912,
0.9835320115089417,
0.9831034541130066,
0.9823169708251953,
0.9813807606697083,
0.9804881811141968,
0.979637086391449,
0.9785155653953552,
0.9775501489639282,
0.9762713313102722,
0.9755769371986389,
0.9745447635650635,
0.9739264845848083,
0.972944974899292,
0.9721508026123047,
0.9715816378593445,
0.9707998633384705,
0.9696459174156189,
0.9687641859054565,
0.9680182337760925,
0.9670621156692505,
0.9659258723258972,
0.9646884202957153,
0.9639047980308533,
0.9628937244415283,
0.9618103504180908,
0.9609317779541016,
0.9595538973808289,
0.9589847326278687,
0.9576746225357056,
0.9571061134338379,
0.9558627605438232,
0.9548729062080383,
0.9537943005561829,
0.9528618454933167,
0.9520013332366943,
0.9510172605514526,
0.9499749541282654,
0.9490648508071899,
0.9480880498886108,
0.9460528492927551,
0.946287214756012,
0.9453155994415283,
0.9443486928939819,
0.9435576796531677,
0.9425086975097656,
0.9417587518692017,
0.940798282623291,
0.9399741888046265,
0.9388567209243774,
0.9379701018333435,
0.9372017979621887,
0.9362943768501282,
0.9351685643196106,
0.9341170191764832,
0.9329429864883423,
0.9319548606872559,
0.9308109879493713,
0.9297505617141724,
0.9287024736404419,
0.9279805421829224,
0.9269732236862183,
0.9256513714790344,
0.924582839012146,
0.9236817359924316,
0.9224968552589417,
0.9215156435966492,
0.9204380512237549,
0.9195775985717773,
0.9185608625411987,
0.9174854755401611,
0.9162733554840088,
0.9148638248443604,
0.9142058491706848,
0.9132042527198792,
0.9120000004768372,
0.9112176299095154,
0.9104185700416565,
0.9092307090759277,
0.9082624912261963,
0.9075554609298706,
0.9065732955932617,
0.9053844213485718,
0.9041953086853027,
0.9031252264976501,
0.9023417830467224,
0.9012847542762756,
0.8999574780464172,
0.8987357020378113,
0.8975585103034973,
0.8966712355613708,
0.8954998254776001,
0.894465982913971,
0.8933596014976501,
0.8920663595199585,
0.8911722302436829,
0.8900920748710632,
0.8886697888374329,
0.8879746198654175,
0.8868048787117004,
0.8855809569358826,
0.884393036365509,
0.8832276463508606,
0.8821462988853455,
0.8809657692909241,
0.0,
0.0,
0.0,
0.0,
0.0,
0.0,
0.0,
0.0,
0.0,
0.0,
0.0,
0.0,
0.0,
0.0,
0.0,
0.0,
0.0,
0.0,
0.0,
0.0,
0.0,
0.0,
0.0,
0.0,
0.0,
0.0,
0.0,
0.0,
0.0,
0.0,
0.0,
0.0,
0.0,
0.0,
0.0,
0.0,
0.0,
0.0,
0.0,
0.0,
0.0,
0.0,
0.0,
0.0,
0.0,
0.0,
0.0,
0.0,
0.0,
0.0,
0.0,
0.0,
0.0,
0.0,
0.0,
0.0,
0.0,
0.0,
0.0,
0.0,
0.0,
0.0,
0.0,
0.0,
0.0,
0.0,
0.0,
0.0,
0.0,
0.0,
0.0,
0.0,
0.0,
0.0,
0.0,
0.0,
0.0,
0.0,
0.0,
0.0,
0.0,
0.0,
0.0,
0.0,
0.0,
0.0,
0.0,
0.0,
0.0,
0.0,
0.0,
0.0,
0.0,
0.0,
0.0,
0.0,
0.0,
0.0,
0.0,
0.0,
0.0,
0.0,
0.0,
0.0,
0.0,
0.0,
0.0,
0.0,
0.0,
0.0,
0.0,
0.0,
0.0,
0.0,
0.0,
0.0,
0.0,
0.0,
0.0,
0.0,
0.0,
0.0,
0.0,
0.0,
0.0,
0.0,
0.0,
0.0,
0.0,
0.0,
0.0,
0.0,
0.0,
0.0,
0.0,
0.0,
0.0,
0.0,
0.0,
0.0,
0.0,
0.0,
0.0,
0.0,
0.0,
0.0,
0.0,
0.0,
0.0,
0.0,
0.0,
0.0,
0.0,
0.0,
0.0,
0.0,
0.0,
0.0,
0.0,
0.0,
0.0,
0.0,
0.0,
0.0,
0.0,
0.0,
0.0,
0.0,
0.0,
0.0,
0.0,
0.0,
0.0,
0.0,
0.0,
0.0,
0.0,
0.0,
0.0,
0.0,
0.0,
0.0,
0.0,
0.0,
0.0,
0.0,
0.0,
0.0,
0.0,
0.0,
0.0,
0.0,
0.0,
0.0,
0.0,
0.0,
0.0,
0.0,
0.0,
0.0,
0.0,
0.0,
0.0,
0.0,
0.0,
0.0,
0.0,
0.0,
0.0,
0.0,
0.0,
0.0,
0.0,
0.0,
0.0,
0.0,
0.0,
0.0,
0.0,
0.0,
0.0,
0.0,
0.0,
0.0,
0.0,
0.0,
0.0,
0.0,
0.0,
0.0,
0.0,
0.0,
0.0,
0.0,
0.0,
0.0,
0.0,
0.0,
0.0,
0.0,
0.0,
0.0,
0.0,
0.0,
0.0,
0.0,
0.0,
0.0,
0.0,
0.0,
0.0,
0.0,
0.0,
0.0,
0.0,
0.0,
0.0,
0.0,
0.0,
0.0,
0.0,
0.0,
0.0,
0.0,
0.0,
0.0,
0.0,
0.0,
0.0,
0.0,
0.0,
0.0,
0.0,
0.0,
0.0,
0.0,
0.0,
0.0,
0.0,
0.0,
0.0,
0.0,
0.0,
0.0,
0.0,
0.0,
0.0,
0.0,
0.0,
0.0,
0.0,
0.0,
0.0,
0.0,
0.0,
0.0,
0.0,
0.0,
0.0,
0.0,
0.0,
0.0,
0.0,
0.0,
0.0,
0.0,
0.0,
0.0,
0.0,
0.0,
0.0,
0.0,
0.0,
0.0,
0.0,
0.0,
0.0,
0.0,
0.0,
0.0,
0.0,
0.0,
0.0,
0.0,
0.0,
0.0,
0.0,
0.0,
0.0,
0.0,
0.0,
0.0,
0.0,
0.0,
0.0,
0.0,
0.0,
0.0,
0.0,
0.0,
0.0,
0.0,
0.0,
0.0,
0.0,
0.0,
0.0,
0.0,
0.0,
0.0,
0.0,
0.0,
0.0,
0.0,
0.0,
0.0,
0.0,
0.0,
0.0,
0.0,
0.0,
0.0,
0.0,
0.0,
0.0,
0.0,
0.0,
0.0,
0.0,
0.0,
0.0,
0.0,
0.0,
0.0,
0.0,
0.0,
0.0,
0.0,
0.0,
0.0,
0.0,
0.0,
0.0,
0.0,
0.0,
0.0,
0.0,
0.0,
0.0,
0.0,
0.0,
0.0,
0.0,
0.0,
0.0,
0.0,
0.0,
0.0,
0.0,
0.0,
0.0,
0.0,
0.0,
0.0,
0.0,
0.0,
0.0,
0.0,
0.0,
0.0,
0.0,
0.0,
0.0,
0.0,
0.0,
0.0,
0.0,
0.0,
0.0,
0.0,
0.0,
0.0,
0.0,
0.0,
0.0,
0.0,
0.0,
0.0,
0.0,
0.0,
0.0,
0.0,
0.0,
0.0,
0.0,
0.0,
0.0,
0.0,
0.0,
0.0,
0.0,
0.0,
0.0,
0.0,
0.0,
0.0,
0.0,
0.0,
0.0,
0.0,
0.0,
0.0,
0.0,
0.0,
0.0,
0.0,
0.0,
0.0,
0.0,
0.0,
0.0,
0.0,
0.0,
0.0,
0.0,
0.0,
0.0,
0.0,
0.0,
0.0,
0.0,
0.0,
0.0,
0.0,
0.0,
0.0,
0.0,
0.0,
0.0,
0.0,
0.0,
0.0,
0.0,
0.0,
0.0,
0.0,
0.0,
0.0,
0.0,
0.0,
0.0,
0.0,
0.0,
0.0,
0.0,
0.0,
0.0,
0.0,
0.0,
0.0,
0.0,
0.0,
0.0,
0.0,
0.0,
0.0,
0.0,
0.0,
0.0,
0.0,
0.0,
0.0,
0.0,
0.0,
0.0,
0.0,
0.0,
0.0,
0.0,
0.0,
0.0,
0.0,
0.0,
0.0,
0.0,
0.0,
0.0,
0.0,
0.0,
0.0,
0.0,
0.0,
0.0,
0.0,
0.0,
0.0,
0.0,
0.0,
0.0,
0.0,
0.0,
0.0,
0.0,
0.0,
0.0,
0.0,
0.0,
0.0,
0.0,
0.0,
0.0,
0.0,
0.0,
0.0,
0.0,
0.0,
0.0,
0.0,
0.0,
0.0,
0.0,
0.0,
0.0,
0.0,
0.0,
0.0,
0.0,
0.0,
0.0,
0.0,
0.0,
0.0,
0.0,
0.0,
0.0,
0.0,
0.0,
0.0,
0.0,
0.0,
0.0,
0.0,
0.0,
0.0,
0.0,
0.0,
0.0,
0.0,
0.0,
0.0,
0.0,
0.0,
0.0,
0.0,
0.0,
0.0,
0.0,
0.0,
0.0,
0.0,
0.0,
0.0,
0.0,
0.0,
0.0,
0.0,
0.0,
0.0,
0.0,
0.0,
0.0,
0.0,
0.0,
0.0,
0.0,
0.0,
0.0,
0.0,
0.0,
0.0,
0.0,
0.0,
0.0,
0.0,
0.0,
0.0,
0.0,
0.0,
0.0,
0.0,
0.0,
0.0,
0.0,
0.0,
0.0,
0.0,
0.0,
0.0,
0.0,
0.0,
0.0,
0.0,
0.0,
0.0,
0.0,
0.0,
0.0,
0.0,
0.0,
0.0,
0.0,
0.0,
0.0,
0.0,
0.0,
0.0,
0.0,
0.0,
0.0,
0.0,
0.0,
0.0,
0.0,
0.0,
0.0,
0.0,
0.0,
0.0,
0.0,
0.0,
0.0,
0.0,
0.0,
0.0,
0.0,
0.0,
0.0,
0.0,
0.0,
0.0,
0.0,
0.0,
0.0,
0.0,
0.0,
0.0,
0.0,
0.0,
0.0,
0.0,
0.0,
0.0,
0.0,
0.0,
0.0,
0.0,
0.0,
0.0,
0.0,
0.0,
0.0,
0.0,
0.0,
0.0,
0.0,
0.0,
0.0,
0.0,
0.0,
0.0,
0.0,
0.0,
0.0,
0.0,
0.0,
0.0,
0.0,
0.0,
0.0,
0.0,
0.0,
0.0,
0.0,
0.0,
0.0,
0.0,
0.0,
0.0,
0.0,
0.0,
0.0,
0.0,
0.0,
0.0,
0.0,
0.0,
0.0,
0.0,
0.0,
0.0,
0.0,
0.0,
0.0,
0.0,
0.0,
0.0,
0.0,
0.0,
0.0,
0.0,
0.0,
0.0,
0.0,
0.0,
0.0,
0.0,
0.0,
0.0,
0.0,
0.0,
0.0,
0.0,
0.0,
0.0,
0.0,
0.0,
0.0,
0.0,
0.0,
0.0,
0.0,
0.0,
0.0,
0.0,
0.0,
0.0,
0.0,
0.0,
0.0,
0.0,
0.0,
0.0,
0.0,
0.0,
0.0,
0.0,
0.0,
0.0,
0.0,
0.0,
0.0,
0.0,
0.0,
0.0,
0.0,
0.0,
0.0,
0.0,
0.0,
0.0,
0.0,
0.0,
0.0,
0.0,
0.0,
0.0,
0.0,
0.0,
0.0,
0.0,
0.0,
0.0,
0.0,
0.0,
0.0,
0.0,
0.0,
0.0,
0.0,
0.0,
0.0,
0.0,
0.0,
0.0,
0.0,
0.0,
0.0,
0.0,
0.0,
0.0,
0.0,
0.0,
0.0,
0.0,
0.0,
0.0,
0.0,
0.0,
0.0,
0.0,
0.0,
0.0,
0.0,
0.0,
0.0,
0.0,
0.0,
0.0,
0.0,
0.0,
0.0,
0.0,
0.0,
0.0,
0.0,
0.0,
0.0,
0.0,
0.0,
0.0,
0.0,
0.0,
0.0,
0.0,
0.0,
0.0,
0.0,
0.0,
0.0,
0.0,
0.0,
0.0,
0.0,
0.0,
0.0,
0.0,
0.0,
0.0,
0.0,
0.0,
0.0,
0.0,
0.0,
0.0,
0.0,
0.0,
0.0,
0.0,
0.0,
0.0,
0.0,
0.0,
0.0,
0.0,
0.0,
0.0,
0.0,
0.0,
0.0,
0.0,
0.0,
0.0,
0.0,
0.0,
0.0,
0.0,
0.0,
0.0,
0.0,
0.0,
0.0,
0.0,
0.0,
0.0,
0.0,
0.0,
0.0,
0.0,
0.0,
0.0,
0.0,
0.0,
0.0,
0.0,
0.0,
0.0,
0.0,
0.0,
0.0,
0.0,
0.0,
0.0,
0.0,
0.0,
0.0,
0.0,
0.0,
0.0,
0.0,
0.0,
0.0,
0.0,
0.0,
0.0,
0.0,
0.0,
0.0,
0.0,
0.0,
0.0,
0.0,
0.0,
0.0,
0.0,
0.0,
0.0,
0.0,
0.0,
0.0,
0.0,
0.0,
0.0,
0.0,
0.0,
0.0,
0.0,
0.0,
0.0,
0.0,
0.0,
0.0,
0.0,
0.0,
0.0,
0.0,
0.0,
0.0,
0.0,
0.0,
0.0,
0.0,
0.0,
0.0,
0.0,
0.0,
0.0,
0.0,
0.0,
0.0,
0.0,
0.0,
0.0,
0.0,
0.0,
0.0,
0.0,
0.0,
0.0,
0.0,
0.0,
0.0,
0.0,
0.0,
0.0,
0.0,
0.0,
0.0,
0.0,
0.0,
0.0,
0.0,
0.0,
0.0,
0.0,
0.0,
0.0,
0.0,
0.0,
0.0,
0.0,
0.0,
0.0,
0.0,
0.0,
0.0,
0.0,
0.0,
0.0,
0.0,
0.0,
0.0,
0.0,
0.0,
0.0,
0.0,
0.0,
0.0,
0.0,
0.0,
0.0,
0.0,
0.0,
0.0,
0.0,
0.0,
0.0,
0.0,
0.0,
0.0,
0.0,
0.0,
0.0,
0.0,
0.0,
0.0,
0.0,
0.0,
0.0,
0.0,
0.0,
0.0,
0.0,
0.0,
0.0,
0.0,
0.0,
0.0,
0.0,
0.0,
0.0,
0.0,
0.0,
0.0,
0.0,
0.0,
0.0,
0.0,
0.0,
0.0,
0.0,
0.0,
0.0,
0.0,
0.0,
0.0,
0.0,
0.0,
0.0,
0.0,
0.0,
0.0,
0.0,
0.0,
0.0,
0.0,
0.0,
0.0,
0.0,
0.0,
0.0,
0.0,
0.0,
0.0,
0.0,
0.0,
0.0,
0.0,
0.0,
0.0,
0.0,
0.0,
0.0,
0.0,
0.0,
0.0,
0.0,
0.0,
0.0,
0.0,
0.0,
0.0,
0.0,
0.0,
0.0,
0.0,
0.0,
0.0,
0.0,
0.0,
0.0,
0.0,
0.0,
0.0,
0.0,
0.0,
0.0,
0.0,
0.0,
0.0,
0.0,
0.0,
0.0,
0.0,
0.0,
0.0,
0.0,
0.0,
0.0,
0.0,
0.0,
0.0,
0.0,
0.0,
0.0,
0.0,
0.0,
0.0,
0.0,
0.0,
0.0,
0.0,
0.0,
0.0,
0.0,
0.0,
0.0,
0.0,
0.0,
0.0,
0.0,
0.0,
0.0,
0.0,
0.0,
0.0,
0.0,
0.0,
0.0,
0.0,
0.0,
0.0,
0.0,
0.0,
0.0,
0.0,
0.0,
0.0,
0.0,
0.0,
0.0,
0.0,
0.0,
0.0,
0.0,
0.0,
0.0,
0.0,
0.0,
0.0,
0.0,
0.0,
0.0,
0.0,
0.0,
0.0,
0.0,
0.0,
0.0,
0.0,
0.0,
0.0,
0.0,
0.0,
0.0,
0.0,
0.0,
0.0,
0.0,
0.0,
0.0,
0.0,
0.0,
0.0,
0.0,
0.0,
0.0,
0.0,
0.0,
0.0,
0.0,
0.0,
0.0,
0.0,
0.0,
0.0,
0.0,
0.0,
0.0,
0.0,
0.0,
0.0,
0.0,
0.0,
0.0,
0.0,
0.0,
0.0,
0.0,
0.0,
0.0,
0.0,
0.0,
0.0,
0.0,
0.0,
0.0,
0.0,
0.0,
0.0,
0.0,
0.0,
0.0,
0.0,
0.0,
0.0,
0.0,
0.0,
0.0,
0.0,
0.0,
0.0,
0.0,
0.0,
0.0,
0.0,
0.0,
0.0,
0.0,
0.0,
0.0,
0.0,
0.0,
0.0,
0.0,
0.0,
0.0,
0.0,
0.0,
0.0,
0.0,
0.0,
0.0,
0.0,
0.0,
0.0,
0.0,
0.0,
0.0,
0.0,
0.0,
0.0,
0.0,
0.0,
0.0,
0.0,
0.0,
0.0,
0.0,
0.0,
0.0,
0.0,
0.0,
0.0,
0.0,
0.0,
0.0,
0.0,
0.0,
0.0,
0.0,
0.0,
0.0,
0.0,
0.0,
0.0,
0.0,
0.0,
0.0,
0.0,
0.0,
0.0,
0.0,
0.0,
0.0,
0.0,
0.0,
0.0,
0.0,
0.0,
0.0,
0.0,
0.0,
0.0,
0.0,
0.0,
0.0,
0.0,
0.0,
0.0,
0.0,
0.0,
0.0,
0.0,
0.0,
0.0,
0.0,
0.0,
0.0,
0.0,
0.0,
0.0,
0.0,
0.0,
0.0,
0.0,
0.0,
0.0,
0.0,
0.0,
0.0,
0.0,
0.0,
0.0,
0.0,
0.0,
0.0,
0.0,
0.0,
0.0,
0.0,
0.0,
0.0,
0.0,
0.0,
0.0,
0.0,
0.0,
0.0,
0.0,
0.0,
0.0,
0.0,
0.0,
0.0,
0.0,
0.0,
0.0,
0.0,
0.0,
0.0,
0.0,
0.0,
0.0,
0.0,
0.0,
0.0,
0.0,
0.0,
0.0,
0.0,
0.0,
0.0,
0.0,
0.0,
0.0,
0.0,
0.0,
0.0,
0.0,
0.0,
0.0,
0.0,
0.0,
0.0,
0.0,
0.0,
0.0,
0.0,
0.0,
0.0,
0.0,
0.0,
0.0,
0.0,
0.0,
0.0,
0.0,
0.0,
0.0,
0.0,
0.0,
0.0,
0.0,
