1.0499999523162842,
1.072052001953125,
1.0732841491699219,
1.0739229917526245,
1.074507474899292,
1.0748941898345947,
1.0751569271087646,
1.0753995180130005,
1.0756207704544067,
1.0757509469985962,
1.0747439861297607,
1.0761592388153076,
1.0763016939163208,
1.0764002799987793,
1.0765279531478882,
1.0765961408615112,
1.0767459869384766,
1.0768239498138428,
1.0769038200378418,
1.076934576034546,
1.0770049095153809,
1.077135443687439,
1.0771535634994507,
1.0771024227142334,
1.077153205871582,
1.077193021774292,
1.077290654182434,
1.0772778987884521,
1.0773371458053589,
1.0774694681167603,
1.0774261951446533,
1.0774168968200684,
1.0774787664413452,
1.077467441558838,
1.0774797201156616,
1.0774943828582764,
1.0774943828582764,
1.077470064163208,
1.0774537324905396,
1.0774670839309692,
1.077501893043518,
1.0775153636932373,
1.0774778127670288,
1.0775139331817627,
1.0775545835494995,
1.0775586366653442,
1.0775290727615356,
1.077634334564209,
1.0775353908538818,
1.0774972438812256,
1.0775216817855835,
1.0779532194137573,
1.0785940885543823,
1.0789154767990112,
1.0790674686431885,
1.079225778579712,
1.0791963338851929,
1.0779671669006348,
1.0777899026870728,
1.077733039855957,
1.0776900053024292,
1.0776487588882446,
1.0776398181915283,
1.077628493309021,
1.0775516033172607,
1.0775562524795532,
1.0775678157806396,
1.077498197555542,
1.0775094032287598,
1.0775196552276611,
1.0774919986724854,
1.0774518251419067,
1.077504277229309,
1.077538013458252,
1.0774537324905396,
1.0774284601211548,
1.0774139165878296,
1.0774179697036743,
1.0774002075195312,
1.07737135887146,
1.0772984027862549,
1.0772559642791748,
1.077236533164978,
1.077213168144226,
1.0771937370300293,
1.0771948099136353,
1.077142596244812,
1.0771479606628418,
1.0771074295043945,
1.0771108865737915,
1.0771018266677856,
1.0770949125289917,
1.0770606994628906,
1.0770835876464844,
1.0770939588546753,
1.077077031135559,
1.0770463943481445,
1.077016830444336,
1.0770071744918823,
1.0769762992858887,
1.0769712924957275,
1.0769623517990112,
1.076912522315979,
1.0769054889678955,
1.0768367052078247,
1.0768362283706665,
1.0768241882324219,
1.076761245727539,
1.0767154693603516,
1.0766863822937012,
1.076662302017212,
1.0767682790756226,
1.0767109394073486,
1.0766602754592896,
1.076634407043457,
1.0766295194625854,
1.0765928030014038,
1.076578140258789,
1.0765507221221924,
1.0765845775604248,
1.0765342712402344,
1.0765209197998047,
1.076491355895996,
1.0763916969299316,
1.0763883590698242,
1.076358675956726,
1.076350450515747,
1.0762815475463867,
1.0762416124343872,
1.0761916637420654,
1.076169729232788,
1.0761442184448242,
1.0760992765426636,
1.07606840133667,
1.0760687589645386,
1.0760027170181274,
1.076003909111023,
1.0759351253509521,
1.0759238004684448,
1.0758955478668213,
1.0759364366531372,
1.0758668184280396,
1.0758061408996582,
1.075812816619873,
1.0757445096969604,
1.0757158994674683,
1.075667381286621,
1.0756871700286865,
1.0757025480270386,
1.0756345987319946,
1.0755603313446045,
1.075531244277954,
1.0755457878112793,
1.075520634651184,
1.075504183769226,
1.0754314661026,
1.0754673480987549,
1.0753756761550903,
1.0753692388534546,
1.0753172636032104,
1.075268268585205,
1.0752564668655396,
1.075186848640442,
1.0751428604125977,
1.0751138925552368,
1.075104832649231,
1.0750762224197388,
1.075196623802185,
1.0754042863845825,
1.0753796100616455,
1.0752910375595093,
1.0751118659973145,
1.0749377012252808,
1.0748329162597656,
1.0748107433319092,
1.0750163793563843,
1.0751773118972778,
1.0751848220825195,
1.0752637386322021,
1.075207233428955,
1.0751349925994873,
1.0749770402908325,
1.0748610496520996,
1.0745738744735718,
1.074527621269226,
1.0744613409042358,
1.0744123458862305,
1.0743846893310547,
1.0743489265441895,
1.0743286609649658,
1.0742454528808594,
1.0742183923721313,
1.0742086172103882,
1.0741755962371826,
1.0742082595825195,
1.0742465257644653,
1.0744380950927734,
1.0744867324829102,
1.0744426250457764,
1.074226975440979,
1.0740740299224854,
1.0739353895187378,
1.0738576650619507,
1.0740892887115479,
1.0743613243103027,
1.0744086503982544,
1.074517011642456,
1.0744768381118774,
1.074476718902588,
1.0743589401245117,
1.0742470026016235,
1.0738273859024048,
1.0735472440719604,
1.0734667778015137,
1.0734219551086426,
1.073355793952942,
1.073289394378662,
1.0731948614120483,
1.0731620788574219,
1.0731277465820312,
1.0731258392333984,
1.0731052160263062,
1.0731167793273926,
1.0731663703918457,
1.073310375213623,
1.0734174251556396,
1.0733758211135864,
1.073124885559082,
1.072906255722046,
1.0727256536483765,
1.0726513862609863,
1.0727251768112183,
1.0728880167007446,
1.0729674100875854,
1.0730435848236084,
1.0730137825012207,
1.0729397535324097,
1.072922945022583,
1.0728572607040405,
1.0725561380386353,
1.072286605834961,
1.0722401142120361,
1.0722098350524902,
1.0721538066864014,
1.0721029043197632,
1.072033405303955,
1.0719571113586426,
1.071911096572876,
1.0719062089920044,
1.0718176364898682,
1.071894884109497,
1.0718517303466797,
1.0719236135482788,
1.0720691680908203,
1.0720674991607666,
1.071918249130249,
1.071678876876831,
1.0714974403381348,
1.0714083909988403,
1.071408987045288,
1.0715545415878296,
1.071669340133667,
1.0718051195144653,
1.0717419385910034,
1.0717436075210571,
1.071667194366455,
1.071609377861023,
1.071489691734314,
1.0711138248443604,
1.0709718465805054,
1.07089364528656,
1.0708599090576172,
1.0707716941833496,
1.0707184076309204,
1.0706359148025513,
1.0705909729003906,
1.0705212354660034,
1.0705034732818604,
1.070469617843628,
1.0704139471054077,
1.0704299211502075,
1.070550560951233,
1.070573329925537,
1.07045316696167,
1.0702567100524902,
1.0701485872268677,
1.0701384544372559,
1.0700266361236572,
1.0700998306274414,
1.0702390670776367,
1.0703543424606323,
1.0704326629638672,
1.0704498291015625,
1.07047700881958,
1.0704303979873657,
1.0704360008239746,
1.0701085329055786,
1.0697362422943115,
1.0696032047271729,
1.0695164203643799,
1.069449782371521,
1.069381594657898,
1.0693119764328003,
1.0692821741104126,
1.0692189931869507,
1.0692030191421509,
1.0691370964050293,
1.0691391229629517,
1.0690568685531616,
1.0690324306488037,
1.0690240859985352,
1.0688709020614624,
1.068839430809021,
1.0687642097473145,
1.068710207939148,
1.068660855293274,
1.0686613321304321,
1.068666934967041,
1.0687320232391357,
1.0687323808670044,
1.0687404870986938,
1.0687288045883179,
1.0686358213424683,
1.0686804056167603,
1.068448543548584,
1.0681222677230835,
1.0680980682373047,
1.0680066347122192,
1.0679668188095093,
1.0679289102554321,
1.06786048412323,
1.067825198173523,
1.0677286386489868,
1.0676592588424683,
1.067579746246338,
1.067487120628357,
1.0674833059310913,
1.068607211112976,
1.0690295696258545,
1.0691534280776978,
1.0691370964050293,
1.0690319538116455,
1.0689730644226074,
1.0689144134521484,
1.0689759254455566,
1.0692239999771118,
1.0693994760513306,
1.0695369243621826,
1.0696461200714111,
1.0697470903396606,
1.0697218179702759,
1.0696481466293335,
1.0696061849594116,
1.069236159324646,
1.0688858032226562,
1.068638801574707,
1.068427324295044,
1.068302035331726,
1.0681874752044678,
1.0680865049362183,
1.0680795907974243,
1.067949652671814,
1.0679278373718262,
1.0678588151931763,
1.0677961111068726,
1.0677070617675781,
1.0677721500396729,
1.0678330659866333,
1.067733645439148,
1.067602276802063,
1.0674827098846436,
1.0673493146896362,
1.0672615766525269,
1.067375659942627,
1.0675753355026245,
1.0675729513168335,
1.0677424669265747,
1.067740797996521,
1.0677554607391357,
1.0677521228790283,
1.0677653551101685,
1.0675196647644043,
1.067215085029602,
1.0669618844985962,
1.0667529106140137,
1.0666093826293945,
1.0664825439453125,
1.0664148330688477,
1.0663318634033203,
1.0662826299667358,
1.0662288665771484,
1.066190242767334,
1.0661234855651855,
1.066080927848816,
1.0661283731460571,
1.066190481185913,
1.0661141872406006,
1.0659830570220947,
1.0658115148544312,
1.0656567811965942,
1.0655345916748047,
1.065565824508667,
1.0657274723052979,
1.0658372640609741,
1.0659536123275757,
1.0659939050674438,
1.0660037994384766,
1.0658745765686035,
1.0659159421920776,
1.0658564567565918,
1.0655080080032349,
1.065225601196289,
1.0650116205215454,
1.0648595094680786,
1.0647492408752441,
1.064644694328308,
1.0645545721054077,
1.0644800662994385,
1.0644292831420898,
1.0643718242645264,
1.0643329620361328,
1.0642741918563843,
1.064288854598999,
1.064367413520813,
1.0643608570098877,
1.0642287731170654,
1.0640486478805542,
1.0638912916183472,
1.0637176036834717,
1.0636423826217651,
1.0625418424606323,
1.0639052391052246,
1.0640140771865845,
1.0640681982040405,
1.0640654563903809,
1.06405770778656,
1.0639530420303345,
1.063869833946228,
1.0635995864868164,
1.0632954835891724,
1.0630701780319214,
1.0628595352172852,
1.0627219676971436,
1.0626468658447266,
1.0625629425048828,
1.0624909400939941,
1.062408685684204,
1.0623321533203125,
1.0622940063476562,
1.0622358322143555,
1.0621635913848877,
1.0621933937072754,
1.0622698068618774,
1.0621757507324219,
1.0619521141052246,
1.0618259906768799,
1.061716079711914,
1.0615917444229126,
1.0615818500518799,
1.061708927154541,
1.061742901802063,
1.0617365837097168,
1.0617444515228271,
1.061723232269287,
1.0616692304611206,
1.0615661144256592,
1.061490774154663,
1.0609959363937378,
1.0609660148620605,
1.0607657432556152,
1.0606555938720703,
1.0605261325836182,
1.0604252815246582,
1.060356616973877,
1.0602436065673828,
1.0601270198822021,
1.0600574016571045,
1.0599653720855713,
1.059874176979065,
1.0597825050354004,
1.0597184896469116,
1.0596455335617065,
1.059552788734436,
1.0594379901885986,
1.0593338012695312,
1.0592596530914307,
1.059165596961975,
1.059348464012146,
1.059532880783081,
1.0596593618392944,
1.0597282648086548,
1.0596369504928589,
1.059748888015747,
1.0597058534622192,
1.059580683708191,
1.0593875646591187,
1.0589890480041504,
1.0586788654327393,
1.0584301948547363,
1.058263897895813,
1.0581541061401367,
1.0580079555511475,
1.0563527345657349,
1.0561864376068115,
1.0548824071884155,
1.053514003753662,
1.0556846857070923,
1.054987907409668,
1.055450439453125,
1.0552810430526733,
1.0551365613937378,
1.055104374885559,
1.0550000667572021,
1.054928183555603,
1.0541785955429077,
1.0546014308929443,
1.0546612739562988,
1.0547401905059814,
1.0547248125076294,
1.0547068119049072,
1.054711937904358,
1.0546154975891113,
1.054632306098938,
1.0546168088912964,
1.0542259216308594,
1.053876519203186,
1.0535684823989868,
1.0533995628356934,
1.053284764289856,
1.053159475326538,
1.0530340671539307,
1.0529029369354248,
1.0527856349945068,
1.0526893138885498,
1.052600622177124,
1.0525096654891968,
1.052433967590332,
1.0524073839187622,
1.0523444414138794,
1.0521568059921265,
1.051931381225586,
1.0514287948608398,
1.0516108274459839,
1.0514963865280151,
1.0514826774597168,
1.0515344142913818,
1.0515568256378174,
1.051493525505066,
1.0514216423034668,
1.0513176918029785,
1.0511306524276733,
1.0509991645812988,
1.0508134365081787,
1.0504270792007446,
1.0502506494522095,
1.0499848127365112,
1.0499495267868042,
1.049810767173767,
1.0496941804885864,
1.049534559249878,
1.0493979454040527,
1.0492377281188965,
1.0490872859954834,
1.0489897727966309,
1.0488072633743286,
1.0486724376678467,
1.0486470460891724,
1.048396348953247,
1.0482841730117798,
1.0480611324310303,
1.047836422920227,
1.0477567911148071,
1.0475585460662842,
1.0475813150405884,
1.0476878881454468,
1.0476733446121216,
1.0476878881454468,
1.0475653409957886,
1.0472384691238403,
1.0473240613937378,
1.0472263097763062,
1.0468113422393799,
1.0462656021118164,
1.0459972620010376,
1.0458389520645142,
1.0456833839416504,
1.0454498529434204,
1.0452797412872314,
1.0451374053955078,
1.044989824295044,
1.0448236465454102,
1.0443979501724243,
1.0444533824920654,
1.0443133115768433,
1.0439367294311523,
1.0440175533294678,
1.0438652038574219,
1.0436235666275024,
1.0432096719741821,
1.0431607961654663,
1.04301917552948,
1.042910099029541,
1.042907476425171,
1.0427815914154053,
1.0428193807601929,
1.0425422191619873,
1.0425281524658203,
1.0423418283462524,
1.0417696237564087,
1.0415319204330444,
1.0414108037948608,
1.041076421737671,
1.0408557653427124,
1.0403060913085938,
1.0404071807861328,
1.0400364398956299,
1.040035605430603,
1.0399025678634644,
1.0395561456680298,
1.0392504930496216,
1.0389046669006348,
1.038961410522461,
1.0383291244506836,
1.0385315418243408,
1.0375720262527466,
1.037800669670105,
1.0379130840301514,
1.0377132892608643,
1.0374552011489868,
1.0369362831115723,
1.0369952917099,
1.036399483680725,
1.036542296409607,
1.0362991094589233,
1.0361219644546509,
1.0358140468597412,
1.0355621576309204,
1.0349854230880737,
1.0346180200576782,
1.034733533859253,
1.034551978111267,
1.033852458000183,
1.0337281227111816,
1.0335283279418945,
1.0332162380218506,
1.0327214002609253,
1.0324615240097046,
1.0322006940841675,
1.0323097705841064,
1.0322489738464355,
1.0319818258285522,
1.0314524173736572,
1.0310437679290771,
1.0304042100906372,
1.0307601690292358,
1.030056118965149,
1.0300676822662354,
1.0298230648040771,
1.029405117034912,
1.0289313793182373,
1.0283321142196655,
1.0285314321517944,
1.0281223058700562,
1.027712106704712,
1.0272749662399292,
1.0270146131515503,
1.0267218351364136,
1.0263519287109375,
1.0257922410964966,
1.0257253646850586,
1.0250130891799927,
1.0250425338745117,
1.0242851972579956,
1.0242912769317627,
1.0235921144485474,
1.023756504058838,
1.0235085487365723,
1.02279531955719,
1.0226407051086426,
1.0216004848480225,
1.0217037200927734,
1.0208607912063599,
1.0209219455718994,
1.0203238725662231,
1.0196707248687744,
1.0193558931350708,
1.0177006721496582,
1.018791675567627,
1.0179338455200195,
1.0175150632858276,
1.0168616771697998,
1.0169435739517212,
1.016441822052002,
1.0156848430633545,
1.0155130624771118,
1.014359712600708,
1.014338731765747,
1.013554573059082,
1.0129259824752808,
1.0125067234039307,
1.0122371912002563,
1.011315107345581,
1.0106385946273804,
1.0098917484283447,
1.0098249912261963,
1.0093059539794922,
1.0082271099090576,
1.0078258514404297,
1.0069280862808228,
1.0063790082931519,
1.0058135986328125,
1.0051008462905884,
1.0043889284133911,
1.0039324760437012,
1.0037364959716797,
1.002664566040039,
1.001815676689148,
1.0012916326522827,
1.0005285739898682,
1.000064492225647,
0.9992703199386597,
0.9987925291061401,
0.9981870651245117,
0.9975026845932007,
0.996614396572113,
0.9961662292480469,
0.9951856732368469,
0.9940559267997742,
0.9938229918479919,
0.992884635925293,
0.990593433380127,
0.9911280870437622,
0.9902039766311646,
0.9895237684249878,
0.9888518452644348,
0.9885038733482361,
0.9878733158111572,
0.9872607588768005,
0.9862726330757141,
0.9853811264038086,
0.9848510026931763,
0.9838703274726868,
0.9830952882766724,
0.982211172580719,
0.9817121028900146,
0.9807685613632202,
0.9793776869773865,
0.9787701964378357,
0.9780771732330322,
0.9774845838546753,
0.9764434099197388,
0.9756665229797363,
0.9753689169883728,
0.974366307258606,
0.9737433791160583,
0.9727973341941833,
0.9718461036682129,
0.970926821231842,
0.9703053832054138,
0.9693615436553955,
0.968316912651062,
0.9674187898635864,
0.9660680294036865,
0.9654433131217957,
0.9643884897232056,
0.963337779045105,
0.9623585343360901,
0.9618617296218872,
0.9607174396514893,
0.9599556922912598,
0.9590680003166199,
0.9581407904624939,
0.9575378894805908,
0.9567354917526245,
0.9550951719284058,
0.9549248218536377,
0.9541719555854797,
0.9531455039978027,
0.9524519443511963,
0.9516096711158752,
0.9505767226219177,
0.9501188397407532,
0.9491478204727173,
0.9486055374145508,
0.9476960897445679,
0.94681715965271,
0.9461153149604797,
0.9449330568313599,
0.9442191123962402,
0.9434101581573486,
0.9425915479660034,
0.9416442513465881,
0.940488338470459,
0.9398307800292969,
0.9386337995529175,
0.9378385543823242,
0.9369652271270752,
0.9361332058906555,
0.9353396892547607,
0.9341776371002197,
0.9336028099060059,
0.9326095581054688,
0.931705117225647,
0.9307712912559509,
0.9300608038902283,
0.9292482733726501,
0.9282007813453674,
0.9274011254310608,
0.926400899887085,
0.9257710576057434,
0.9246181845664978,
0.9237444996833801,
0.9227080345153809,
0.922180712223053,
0.9214459657669067,
0.9208146333694458,
0.9197592735290527,
0.9191597104072571,
0.9179987907409668,
0.9172190427780151,
0.9165237545967102,
0.915469765663147,
0.9144769310951233,
0.9136956930160522,
0.9125207662582397,
0.9105297327041626,
0.9103581309318542,
0.9097809195518494,
0.9087079167366028,
0.9079746007919312,
0.9067555069923401,
0.9059786796569824,
0.9048839211463928,
0.9042038917541504,
0.9030953049659729,
0.9023746252059937,
0.9014047384262085,
0.9002813696861267,
0.8991818428039551,
0.8984556198120117,
0.8974966406822205,
0.8964152336120605,
0.8954841494560242,
0.8944675326347351,
0.8935527801513672,
0.8925428986549377,
0.8916446566581726,
0.8907546401023865,
0.8898585438728333,
0.8889756202697754,
0.887874960899353,
0.8871219158172607,
0.8861782550811768,
0.8852623701095581,
0.8842954635620117,
0.883246898651123,
0.883246898651123,
0.883246898651123,
0.0,
0.0,
0.0,
0.0,
0.0,
0.0,
0.0,
0.0,
0.0,
0.0,
0.0,
0.0,
0.0,
0.0,
0.0,
0.0,
0.0,
0.0,
0.0,
0.0,
0.0,
0.0,
0.0,
0.0,
0.0,
0.0,
0.0,
0.0,
0.0,
0.0,
0.0,
0.0,
0.0,
0.0,
0.0,
0.0,
0.0,
0.0,
0.0,
0.0,
0.0,
0.0,
0.0,
0.0,
0.0,
0.0,
0.0,
0.0,
0.0,
0.0,
0.0,
0.0,
0.0,
0.0,
0.0,
0.0,
0.0,
0.0,
0.0,
0.0,
0.0,
0.0,
0.0,
0.0,
0.0,
0.0,
0.0,
0.0,
0.0,
0.0,
0.0,
0.0,
0.0,
0.0,
0.0,
0.0,
0.0,
0.0,
0.0,
0.0,
0.0,
0.0,
0.0,
0.0,
0.0,
0.0,
0.0,
0.0,
0.0,
0.0,
0.0,
0.0,
0.0,
0.0,
0.0,
0.0,
0.0,
0.0,
0.0,
0.0,
0.0,
0.0,
0.0,
0.0,
0.0,
0.0,
0.0,
0.0,
0.0,
0.0,
0.0,
0.0,
0.0,
0.0,
0.0,
0.0,
0.0,
0.0,
0.0,
0.0,
0.0,
0.0,
0.0,
0.0,
0.0,
0.0,
0.0,
0.0,
0.0,
0.0,
0.0,
0.0,
0.0,
0.0,
0.0,
0.0,
0.0,
0.0,
0.0,
0.0,
0.0,
0.0,
0.0,
0.0,
0.0,
0.0,
0.0,
0.0,
0.0,
0.0,
0.0,
0.0,
0.0,
0.0,
0.0,
0.0,
0.0,
0.0,
0.0,
0.0,
0.0,
0.0,
0.0,
0.0,
0.0,
0.0,
0.0,
0.0,
0.0,
0.0,
0.0,
0.0,
0.0,
0.0,
0.0,
0.0,
0.0,
0.0,
0.0,
0.0,
0.0,
0.0,
0.0,
0.0,
0.0,
0.0,
0.0,
0.0,
0.0,
0.0,
0.0,
0.0,
0.0,
0.0,
0.0,
0.0,
0.0,
0.0,
0.0,
0.0,
0.0,
0.0,
0.0,
0.0,
0.0,
0.0,
0.0,
0.0,
0.0,
0.0,
0.0,
0.0,
0.0,
0.0,
0.0,
0.0,
0.0,
0.0,
0.0,
0.0,
0.0,
0.0,
0.0,
0.0,
0.0,
0.0,
0.0,
0.0,
0.0,
0.0,
0.0,
0.0,
0.0,
0.0,
0.0,
0.0,
0.0,
0.0,
0.0,
0.0,
0.0,
0.0,
0.0,
0.0,
0.0,
0.0,
0.0,
0.0,
0.0,
0.0,
0.0,
0.0,
0.0,
0.0,
0.0,
0.0,
0.0,
0.0,
0.0,
0.0,
0.0,
0.0,
0.0,
0.0,
0.0,
0.0,
0.0,
0.0,
0.0,
0.0,
0.0,
0.0,
0.0,
0.0,
0.0,
0.0,
0.0,
0.0,
0.0,
0.0,
0.0,
0.0,
0.0,
0.0,
0.0,
0.0,
0.0,
0.0,
0.0,
0.0,
0.0,
0.0,
0.0,
0.0,
0.0,
0.0,
0.0,
0.0,
0.0,
0.0,
0.0,
0.0,
0.0,
0.0,
0.0,
0.0,
0.0,
0.0,
0.0,
0.0,
0.0,
0.0,
0.0,
0.0,
0.0,
0.0,
0.0,
0.0,
0.0,
0.0,
0.0,
0.0,
0.0,
0.0,
0.0,
0.0,
0.0,
0.0,
0.0,
0.0,
0.0,
0.0,
0.0,
0.0,
0.0,
0.0,
0.0,
0.0,
0.0,
0.0,
0.0,
0.0,
0.0,
0.0,
0.0,
0.0,
0.0,
0.0,
0.0,
0.0,
0.0,
0.0,
0.0,
0.0,
0.0,
0.0,
0.0,
0.0,
0.0,
0.0,
0.0,
0.0,
0.0,
0.0,
0.0,
0.0,
0.0,
0.0,
0.0,
0.0,
0.0,
0.0,
0.0,
0.0,
0.0,
0.0,
0.0,
0.0,
0.0,
0.0,
0.0,
0.0,
0.0,
0.0,
0.0,
0.0,
0.0,
0.0,
0.0,
0.0,
0.0,
0.0,
0.0,
0.0,
0.0,
0.0,
0.0,
0.0,
0.0,
0.0,
0.0,
0.0,
0.0,
0.0,
0.0,
0.0,
0.0,
0.0,
0.0,
0.0,
0.0,
0.0,
0.0,
0.0,
0.0,
0.0,
0.0,
0.0,
0.0,
0.0,
0.0,
0.0,
0.0,
0.0,
0.0,
0.0,
0.0,
0.0,
0.0,
0.0,
0.0,
0.0,
0.0,
0.0,
0.0,
0.0,
0.0,
0.0,
0.0,
0.0,
0.0,
0.0,
0.0,
0.0,
0.0,
0.0,
0.0,
0.0,
0.0,
0.0,
0.0,
0.0,
0.0,
0.0,
0.0,
0.0,
0.0,
0.0,
0.0,
0.0,
0.0,
0.0,
0.0,
0.0,
0.0,
0.0,
0.0,
0.0,
0.0,
0.0,
0.0,
0.0,
0.0,
0.0,
0.0,
0.0,
0.0,
0.0,
0.0,
0.0,
0.0,
0.0,
0.0,
0.0,
0.0,
0.0,
0.0,
0.0,
0.0,
0.0,
0.0,
0.0,
0.0,
0.0,
0.0,
0.0,
0.0,
0.0,
0.0,
0.0,
0.0,
0.0,
0.0,
0.0,
0.0,
0.0,
0.0,
0.0,
0.0,
0.0,
0.0,
0.0,
0.0,
0.0,
0.0,
0.0,
0.0,
0.0,
0.0,
0.0,
0.0,
0.0,
0.0,
0.0,
0.0,
0.0,
0.0,
0.0,
0.0,
0.0,
0.0,
0.0,
0.0,
0.0,
0.0,
0.0,
0.0,
0.0,
0.0,
0.0,
0.0,
0.0,
0.0,
0.0,
0.0,
0.0,
0.0,
0.0,
0.0,
0.0,
0.0,
0.0,
0.0,
0.0,
0.0,
0.0,
0.0,
0.0,
0.0,
0.0,
0.0,
0.0,
0.0,
0.0,
0.0,
0.0,
0.0,
0.0,
0.0,
0.0,
0.0,
0.0,
0.0,
0.0,
0.0,
0.0,
0.0,
0.0,
0.0,
0.0,
0.0,
0.0,
0.0,
0.0,
0.0,
0.0,
0.0,
0.0,
0.0,
0.0,
0.0,
0.0,
0.0,
0.0,
0.0,
0.0,
0.0,
0.0,
0.0,
0.0,
0.0,
0.0,
0.0,
0.0,
0.0,
0.0,
0.0,
0.0,
0.0,
0.0,
0.0,
0.0,
0.0,
0.0,
0.0,
0.0,
0.0,
0.0,
0.0,
0.0,
0.0,
0.0,
0.0,
0.0,
0.0,
0.0,
0.0,
0.0,
0.0,
0.0,
0.0,
0.0,
0.0,
0.0,
0.0,
0.0,
0.0,
0.0,
0.0,
0.0,
0.0,
0.0,
0.0,
0.0,
0.0,
0.0,
0.0,
0.0,
0.0,
0.0,
0.0,
0.0,
0.0,
0.0,
0.0,
0.0,
0.0,
0.0,
0.0,
0.0,
0.0,
0.0,
0.0,
0.0,
0.0,
0.0,
0.0,
0.0,
0.0,
0.0,
0.0,
0.0,
0.0,
0.0,
0.0,
0.0,
0.0,
0.0,
0.0,
0.0,
0.0,
0.0,
0.0,
0.0,
0.0,
0.0,
0.0,
0.0,
0.0,
0.0,
0.0,
0.0,
0.0,
0.0,
0.0,
0.0,
0.0,
0.0,
0.0,
0.0,
0.0,
0.0,
0.0,
0.0,
0.0,
0.0,
0.0,
0.0,
0.0,
0.0,
0.0,
0.0,
0.0,
0.0,
0.0,
0.0,
0.0,
0.0,
0.0,
0.0,
0.0,
0.0,
0.0,
0.0,
0.0,
0.0,
0.0,
0.0,
0.0,
0.0,
0.0,
0.0,
0.0,
0.0,
0.0,
0.0,
0.0,
0.0,
0.0,
0.0,
0.0,
0.0,
0.0,
0.0,
0.0,
0.0,
0.0,
0.0,
0.0,
0.0,
0.0,
0.0,
0.0,
0.0,
0.0,
0.0,
0.0,
0.0,
0.0,
0.0,
0.0,
0.0,
0.0,
0.0,
0.0,
0.0,
0.0,
0.0,
0.0,
0.0,
0.0,
0.0,
0.0,
0.0,
0.0,
0.0,
0.0,
0.0,
0.0,
0.0,
0.0,
0.0,
0.0,
0.0,
0.0,
0.0,
0.0,
0.0,
0.0,
0.0,
0.0,
0.0,
0.0,
0.0,
0.0,
0.0,
0.0,
0.0,
0.0,
0.0,
0.0,
0.0,
0.0,
0.0,
0.0,
0.0,
0.0,
0.0,
0.0,
0.0,
0.0,
0.0,
0.0,
0.0,
0.0,
0.0,
0.0,
0.0,
0.0,
0.0,
0.0,
0.0,
0.0,
0.0,
0.0,
0.0,
0.0,
0.0,
0.0,
0.0,
0.0,
0.0,
0.0,
0.0,
0.0,
0.0,
0.0,
0.0,
0.0,
0.0,
0.0,
0.0,
0.0,
0.0,
0.0,
0.0,
0.0,
0.0,
0.0,
0.0,
0.0,
0.0,
0.0,
0.0,
0.0,
0.0,
0.0,
0.0,
0.0,
0.0,
0.0,
0.0,
0.0,
0.0,
0.0,
0.0,
0.0,
0.0,
0.0,
0.0,
0.0,
0.0,
0.0,
0.0,
0.0,
0.0,
0.0,
0.0,
0.0,
0.0,
0.0,
0.0,
0.0,
0.0,
0.0,
0.0,
0.0,
0.0,
0.0,
0.0,
0.0,
0.0,
0.0,
0.0,
0.0,
0.0,
0.0,
0.0,
0.0,
0.0,
0.0,
0.0,
0.0,
0.0,
0.0,
0.0,
0.0,
0.0,
0.0,
0.0,
0.0,
0.0,
0.0,
0.0,
0.0,
0.0,
0.0,
0.0,
0.0,
0.0,
0.0,
0.0,
0.0,
0.0,
0.0,
0.0,
0.0,
0.0,
0.0,
0.0,
0.0,
0.0,
0.0,
0.0,
0.0,
0.0,
0.0,
0.0,
0.0,
0.0,
0.0,
0.0,
0.0,
0.0,
0.0,
0.0,
0.0,
0.0,
0.0,
0.0,
0.0,
0.0,
0.0,
0.0,
0.0,
0.0,
0.0,
0.0,
0.0,
0.0,
0.0,
0.0,
0.0,
0.0,
0.0,
0.0,
0.0,
0.0,
0.0,
0.0,
0.0,
0.0,
0.0,
0.0,
0.0,
0.0,
0.0,
0.0,
0.0,
0.0,
0.0,
0.0,
0.0,
0.0,
0.0,
0.0,
0.0,
0.0,
0.0,
0.0,
0.0,
0.0,
0.0,
0.0,
0.0,
0.0,
0.0,
0.0,
0.0,
0.0,
0.0,
0.0,
0.0,
0.0,
0.0,
0.0,
0.0,
0.0,
0.0,
0.0,
0.0,
0.0,
0.0,
0.0,
0.0,
0.0,
0.0,
0.0,
0.0,
0.0,
0.0,
0.0,
0.0,
0.0,
0.0,
0.0,
0.0,
0.0,
0.0,
0.0,
0.0,
0.0,
0.0,
0.0,
0.0,
0.0,
0.0,
0.0,
0.0,
0.0,
0.0,
0.0,
0.0,
0.0,
0.0,
0.0,
0.0,
0.0,
0.0,
0.0,
0.0,
0.0,
0.0,
0.0,
0.0,
0.0,
0.0,
0.0,
0.0,
0.0,
0.0,
0.0,
0.0,
0.0,
0.0,
0.0,
0.0,
0.0,
0.0,
0.0,
0.0,
0.0,
0.0,
0.0,
0.0,
0.0,
0.0,
0.0,
0.0,
0.0,
0.0,
0.0,
0.0,
0.0,
0.0,
0.0,
0.0,
0.0,
0.0,
0.0,
0.0,
0.0,
0.0,
0.0,
0.0,
0.0,
0.0,
0.0,
0.0,
0.0,
0.0,
0.0,
0.0,
0.0,
0.0,
0.0,
0.0,
0.0,
0.0,
0.0,
0.0,
0.0,
0.0,
0.0,
0.0,
0.0,
0.0,
0.0,
0.0,
0.0,
0.0,
0.0,
0.0,
0.0,
0.0,
0.0,
0.0,
0.0,
0.0,
0.0,
0.0,
0.0,
0.0,
0.0,
0.0,
0.0,
0.0,
0.0,
0.0,
0.0,
0.0,
0.0,
0.0,
0.0,
0.0,
0.0,
0.0,
0.0,
0.0,
0.0,
0.0,
0.0,
0.0,
0.0,
0.0,
0.0,
0.0,
0.0,
0.0,
0.0,
0.0,
0.0,
0.0,
0.0,
0.0,
0.0,
0.0,
0.0,
0.0,
0.0,
0.0,
0.0,
0.0,
0.0,
0.0,
0.0,
0.0,
0.0,
0.0,
0.0,
0.0,
0.0,
0.0,
0.0,
0.0,
0.0,
0.0,
0.0,
0.0,
0.0,
0.0,
0.0,
0.0,
0.0,
0.0,
0.0,
0.0,
0.0,
0.0,
0.0,
0.0,
0.0,
0.0,
0.0,
0.0,
0.0,
0.0,
0.0,
0.0,
0.0,
0.0,
0.0,
0.0,
0.0,
0.0,
0.0,
0.0,
0.0,
0.0,
0.0,
0.0,
0.0,
0.0,
0.0,
0.0,
0.0,
0.0,
0.0,
0.0,
0.0,
0.0,
0.0,
0.0,
0.0,
0.0,
0.0,
0.0,
0.0,
0.0,
0.0,
0.0,
0.0,
0.0,
0.0,
0.0,
0.0,
0.0,
0.0,
0.0,
0.0,
0.0,
0.0,
0.0,
0.0,
0.0,
0.0,
0.0,
0.0,
0.0,
0.0,
0.0,
0.0,
0.0,
0.0,
0.0,
0.0,
0.0,
0.0,
0.0,
0.0,
0.0,
0.0,
0.0,
0.0,
0.0,
0.0,
0.0,
0.0,
0.0,
0.0,
0.0,
0.0,
0.0,
0.0,
0.0,
0.0,
0.0,
0.0,
0.0,
0.0,
0.0,
0.0,
0.0,
0.0,
0.0,
0.0,
0.0,
0.0,
0.0,
0.0,
0.0,
0.0,
0.0,
0.0,
0.0,
0.0,
0.0,
0.0,
0.0,
0.0,
0.0,
0.0,
0.0,
0.0,
0.0,
0.0,
0.0,
0.0,
0.0,
0.0,
0.0,
0.0,
0.0,
0.0,
0.0,
0.0,
0.0,
0.0,
0.0,
0.0,
0.0,
0.0,
0.0,
0.0,
0.0,
0.0,
0.0,
0.0,
0.0,
0.0,
0.0,
0.0,
0.0,
0.0,
0.0,
0.0,
0.0,
0.0,
0.0,
0.0,
0.0,
0.0,
0.0,
0.0,
0.0,
0.0,
0.0,
0.0,
0.0,
0.0,
0.0,
0.0,
0.0,
0.0,
0.0,
0.0,
0.0,
0.0,
0.0,
0.0,
0.0,
0.0,
0.0,
0.0,
0.0,
0.0,
0.0,
0.0,
0.0,
0.0,
0.0,
0.0,
0.0,
0.0,
0.0,
0.0,
0.0,
0.0,
0.0,
0.0,
0.0,
0.0,
0.0,
0.0,
0.0,
0.0,
0.0,
0.0,
0.0,
0.0,
0.0,
0.0,
0.0,
0.0,
0.0,
0.0,
0.0,
0.0,
0.0,
0.0,
0.0,
0.0,
0.0,
0.0,
0.0,
0.0,
0.0,
0.0,
0.0,
0.0,
0.0,
0.0,
0.0,
0.0,
0.0,
0.0,
0.0,
0.0,
0.0,
0.0,
0.0,
0.0,
0.0,
0.0,
0.0,
0.0,
0.0,
0.0,
0.0,
0.0,
0.0,
0.0,
0.0,
0.0,
0.0,
0.0,
