1.0499999523162842,
1.0537786483764648,
1.0550323724746704,
1.0558786392211914,
1.056444764137268,
1.0570793151855469,
1.0575226545333862,
1.057706594467163,
1.0579442977905273,
1.0581003427505493,
1.0582160949707031,
1.0632389783859253,
1.0546724796295166,
1.058191180229187,
1.059251308441162,
1.0594340562820435,
1.0597636699676514,
1.059873342514038,
1.0600342750549316,
1.0601168870925903,
1.060204029083252,
1.0603255033493042,
1.060370922088623,
1.060410976409912,
1.0604972839355469,
1.0605816841125488,
1.0606207847595215,
1.0606646537780762,
1.060591220855713,
1.0606566667556763,
1.0607417821884155,
1.06076180934906,
1.060728907585144,
1.0608155727386475,
1.060783863067627,
1.060778021812439,
1.0608571767807007,
1.0607986450195312,
1.0607476234436035,
1.0607280731201172,
1.0607801675796509,
1.0608294010162354,
1.0607998371124268,
1.0608656406402588,
1.060835361480713,
1.0608410835266113,
1.06080162525177,
1.0607895851135254,
1.0607409477233887,
1.0607975721359253,
1.0608243942260742,
1.0608104467391968,
1.060860514640808,
1.0608683824539185,
1.0608322620391846,
1.0608420372009277,
1.0608373880386353,
1.0607976913452148,
1.0608158111572266,
1.060775637626648,
1.0608080625534058,
1.0608055591583252,
1.0607936382293701,
1.0607446432113647,
1.0607894659042358,
1.0609766244888306,
1.061232566833496,
1.0613044500350952,
1.0613276958465576,
1.0609632730484009,
1.0606472492218018,
1.0606212615966797,
1.0605559349060059,
1.060573697090149,
1.0605041980743408,
1.060492753982544,
1.0604749917984009,
1.0604627132415771,
1.0604251623153687,
1.0603855848312378,
1.0603554248809814,
1.0603200197219849,
1.0602574348449707,
1.0602065324783325,
1.060262680053711,
1.060207486152649,
1.060139775276184,
1.0601214170455933,
1.0601019859313965,
1.060095191001892,
1.060043454170227,
1.0600589513778687,
1.0600465536117554,
1.0600254535675049,
1.0599967241287231,
1.0600069761276245,
1.0599943399429321,
1.0599642992019653,
1.0599472522735596,
1.0599719285964966,
1.0599170923233032,
1.059844970703125,
1.0597978830337524,
1.0598119497299194,
1.0597833395004272,
1.059757113456726,
1.059749960899353,
1.0597739219665527,
1.0597341060638428,
1.0596957206726074,
1.0596286058425903,
1.0596083402633667,
1.0595273971557617,
1.0595297813415527,
1.0594072341918945,
1.0594333410263062,
1.0593947172164917,
1.0593342781066895,
1.059288501739502,
1.0592691898345947,
1.0592035055160522,
1.0590994358062744,
1.0590784549713135,
1.0590746402740479,
1.0590516328811646,
1.0589752197265625,
1.0589889287948608,
1.0589873790740967,
1.0588767528533936,
1.0588458776474,
1.0587748289108276,
1.0587824583053589,
1.0587979555130005,
1.0587680339813232,
1.058735966682434,
1.0587279796600342,
1.0587127208709717,
1.058623194694519,
1.0585591793060303,
1.0585273504257202,
1.058455467224121,
1.0584464073181152,
1.058380126953125,
1.0583592653274536,
1.0582914352416992,
1.0582305192947388,
1.0581789016723633,
1.0581228733062744,
1.0580816268920898,
1.058012843132019,
1.057993769645691,
1.0579559803009033,
1.0579698085784912,
1.0579575300216675,
1.0579307079315186,
1.0578429698944092,
1.0577752590179443,
1.0577349662780762,
1.0577116012573242,
1.0576727390289307,
1.0576324462890625,
1.0575668811798096,
1.0574557781219482,
1.0574911832809448,
1.0575015544891357,
1.0574424266815186,
1.0573930740356445,
1.057341456413269,
1.0573111772537231,
1.0572679042816162,
1.0571779012680054,
1.05714750289917,
1.0570462942123413,
1.0569781064987183,
1.0569597482681274,
1.0569324493408203,
1.0569990873336792,
1.0571329593658447,
1.0571249723434448,
1.0570842027664185,
1.0568938255310059,
1.0567370653152466,
1.0566679239273071,
1.056597113609314,
1.0567030906677246,
1.056811809539795,
1.056858777999878,
1.056862235069275,
1.0567669868469238,
1.0566835403442383,
1.0566065311431885,
1.0563955307006836,
1.0562459230422974,
1.0562127828598022,
1.056167721748352,
1.0561091899871826,
1.0560601949691772,
1.0560332536697388,
1.0559298992156982,
1.0558710098266602,
1.0557829141616821,
1.0557613372802734,
1.0557336807250977,
1.0557574033737183,
1.0558651685714722,
1.055956482887268,
1.0559237003326416,
1.055774450302124,
1.0556285381317139,
1.0555050373077393,
1.0554293394088745,
1.0555768013000488,
1.0557637214660645,
1.0558491945266724,
1.0558803081512451,
1.0558655261993408,
1.0558037757873535,
1.0557016134262085,
1.055549144744873,
1.0552352666854858,
1.0550585985183716,
1.0549709796905518,
1.0549352169036865,
1.05488121509552,
1.0548014640808105,
1.0547603368759155,
1.0547146797180176,
1.054628610610962,
1.054632544517517,
1.0546462535858154,
1.0546350479125977,
1.0547010898590088,
1.054809331893921,
1.0547935962677002,
1.0546045303344727,
1.054384708404541,
1.0542610883712769,
1.054168701171875,
1.0541648864746094,
1.0542573928833008,
1.05436372756958,
1.0544047355651855,
1.054318904876709,
1.0542982816696167,
1.054249882698059,
1.0541566610336304,
1.0539121627807617,
1.0537806749343872,
1.0537116527557373,
1.0536506175994873,
1.0535825490951538,
1.0535216331481934,
1.0534615516662598,
1.0533801317214966,
1.0533314943313599,
1.0533030033111572,
1.0532928705215454,
1.0532456636428833,
1.053252935409546,
1.053366780281067,
1.0534377098083496,
1.0532857179641724,
1.0531065464019775,
1.0529232025146484,
1.0528732538223267,
1.0526540279388428,
1.0528976917266846,
1.0529998540878296,
1.0530492067337036,
1.052958369255066,
1.0529887676239014,
1.0529417991638184,
1.0528839826583862,
1.0527477264404297,
1.0524972677230835,
1.052425742149353,
1.0523570775985718,
1.0522876977920532,
1.0522308349609375,
1.0521512031555176,
1.0521223545074463,
1.0520305633544922,
1.0519659519195557,
1.0519256591796875,
1.051859974861145,
1.051788568496704,
1.051838755607605,
1.0518797636032104,
1.051847219467163,
1.0516688823699951,
1.05160653591156,
1.0515702962875366,
1.0514378547668457,
1.0514452457427979,
1.0514200925827026,
1.0515496730804443,
1.051590919494629,
1.0516247749328613,
1.05160391330719,
1.0515828132629395,
1.0515300035476685,
1.051259160041809,
1.0510063171386719,
1.0509783029556274,
1.0509157180786133,
1.0508278608322144,
1.0507997274398804,
1.0506904125213623,
1.0505503416061401,
1.0505661964416504,
1.0504915714263916,
1.0504212379455566,
1.0503779649734497,
1.050287127494812,
1.050100326538086,
1.050177812576294,
1.0498621463775635,
1.0501058101654053,
1.0501190423965454,
1.0500565767288208,
1.0499393939971924,
1.0499420166015625,
1.0499573945999146,
1.0499320030212402,
1.0499155521392822,
1.049894094467163,
1.0493073463439941,
1.049808144569397,
1.0494091510772705,
1.0494049787521362,
1.0492357015609741,
1.049290418624878,
1.0492242574691772,
1.0491721630096436,
1.0491281747817993,
1.0490515232086182,
1.0488181114196777,
1.0489450693130493,
1.0488849878311157,
1.048833966255188,
1.0490989685058594,
1.0495072603225708,
1.0497136116027832,
1.0497069358825684,
1.0491973161697388,
1.0494747161865234,
1.0494920015335083,
1.0494730472564697,
1.0496258735656738,
1.0494338274002075,
1.0498695373535156,
1.049999713897705,
1.0497761964797974,
1.0498294830322266,
1.0499345064163208,
1.0497139692306519,
1.0495532751083374,
1.0492503643035889,
1.0485138893127441,
1.0486536026000977,
1.0483636856079102,
1.0485106706619263,
1.048385739326477,
1.0481476783752441,
1.0483160018920898,
1.0482609272003174,
1.047573208808899,
1.0477066040039062,
1.0477231740951538,
1.04767644405365,
1.0480730533599854,
1.047690749168396,
1.0477800369262695,
1.0477524995803833,
1.047230839729309,
1.0476607084274292,
1.047851324081421,
1.047875165939331,
1.0480098724365234,
1.0478085279464722,
1.0477982759475708,
1.047853946685791,
1.0478873252868652,
1.0473231077194214,
1.0474278926849365,
1.047163486480713,
1.0469446182250977,
1.046759009361267,
1.0460164546966553,
1.0466748476028442,
1.0460222959518433,
1.0462623834609985,
1.0461227893829346,
1.0461797714233398,
1.0462030172348022,
1.045838475227356,
1.0462197065353394,
1.0463974475860596,
1.046294927597046,
1.0457146167755127,
1.045937418937683,
1.0454630851745605,
1.0453826189041138,
1.0449602603912354,
1.0458612442016602,
1.0458083152770996,
1.0457885265350342,
1.0457737445831299,
1.046047568321228,
1.0457614660263062,
1.0458096265792847,
1.0454808473587036,
1.0451494455337524,
1.045192837715149,
1.0445307493209839,
1.0448100566864014,
1.0447028875350952,
1.044661045074463,
1.0441397428512573,
1.044191837310791,
1.0441256761550903,
1.0441045761108398,
1.044195532798767,
1.0439114570617676,
1.0439296960830688,
1.0437228679656982,
1.0441340208053589,
1.0439696311950684,
1.0435044765472412,
1.0430833101272583,
1.0432008504867554,
1.043123483657837,
1.0434532165527344,
1.0434324741363525,
1.0430389642715454,
1.0431047677993774,
1.0431890487670898,
1.0426102876663208,
1.0428800582885742,
1.0426371097564697,
1.0425752401351929,
1.0427042245864868,
1.0426726341247559,
1.042112112045288,
1.0422917604446411,
1.0421398878097534,
1.0415087938308716,
1.04195237159729,
1.0417866706848145,
1.0417420864105225,
1.0416772365570068,
1.0412087440490723,
1.0409022569656372,
1.0409504175186157,
1.0412856340408325,
1.0411062240600586,
1.0408635139465332,
1.0409977436065674,
1.040285587310791,
1.040367841720581,
1.0405473709106445,
1.0408560037612915,
1.040664553642273,
1.0405550003051758,
1.040802001953125,
1.0403342247009277,
1.0399539470672607,
1.0402089357376099,
1.0397735834121704,
1.0399832725524902,
1.0398967266082764,
1.0393786430358887,
1.039223074913025,
1.0392731428146362,
1.0390691757202148,
1.039130449295044,
1.0393223762512207,
1.039177656173706,
1.0386428833007812,
1.037811279296875,
1.0381858348846436,
1.0387547016143799,
1.0382003784179688,
1.0381810665130615,
1.0374424457550049,
1.0374983549118042,
1.0372289419174194,
1.037992238998413,
1.0376088619232178,
1.0379796028137207,
1.0373793840408325,
1.0370148420333862,
1.038354754447937,
1.0377594232559204,
1.037291169166565,
1.0371023416519165,
1.0365148782730103,
1.0370115041732788,
1.0359264612197876,
1.0358797311782837,
1.035838007926941,
1.036159634590149,
1.0351617336273193,
1.0352144241333008,
1.033629298210144,
1.0321815013885498,
1.0345499515533447,
1.0337457656860352,
1.0338144302368164,
1.0336785316467285,
1.0338208675384521,
1.033205509185791,
1.033108115196228,
1.0338162183761597,
1.0330661535263062,
1.0326547622680664,
1.0327098369598389,
1.0326637029647827,
1.033390998840332,
1.0325616598129272,
1.0327749252319336,
1.03240966796875,
1.0327481031417847,
1.0324219465255737,
1.0322242975234985,
1.0318480730056763,
1.0313235521316528,
1.0314332246780396,
1.0309672355651855,
1.0310273170471191,
1.0301933288574219,
1.0303632020950317,
1.0296263694763184,
1.030022382736206,
1.0302042961120605,
1.0301556587219238,
1.0297722816467285,
1.0298484563827515,
1.029305100440979,
1.029670000076294,
1.0290576219558716,
1.0292506217956543,
1.0289562940597534,
1.0286915302276611,
1.028439998626709,
1.0282789468765259,
1.0285491943359375,
1.0282485485076904,
1.0273666381835938,
1.0276612043380737,
1.0278329849243164,
1.0275152921676636,
1.0274322032928467,
1.027247428894043,
1.0267555713653564,
1.0260288715362549,
1.0260926485061646,
1.0261441469192505,
1.025579810142517,
1.0253305435180664,
1.0252256393432617,
1.025022268295288,
1.0245615243911743,
1.024653673171997,
1.0244141817092896,
1.0242550373077393,
1.0239771604537964,
1.0240510702133179,
1.0233899354934692,
1.0231655836105347,
1.0233638286590576,
1.0229592323303223,
1.022017478942871,
1.0221867561340332,
1.0221645832061768,
1.0220746994018555,
1.0217149257659912,
1.0217238664627075,
1.0211783647537231,
1.0211665630340576,
1.0209863185882568,
1.0203843116760254,
1.019640564918518,
1.0194638967514038,
1.01864755153656,
1.018845558166504,
1.0180792808532715,
1.017767310142517,
1.017585277557373,
1.0174527168273926,
1.0173110961914062,
1.016599178314209,
1.0163308382034302,
1.0166056156158447,
1.0162214040756226,
1.016129493713379,
1.0159823894500732,
1.0152276754379272,
1.0151454210281372,
1.0146234035491943,
1.0140219926834106,
1.0138378143310547,
1.0133767127990723,
1.0135071277618408,
1.0129656791687012,
1.0128158330917358,
1.0125672817230225,
1.0122255086898804,
1.0118600130081177,
1.0113871097564697,
1.0113210678100586,
1.0100172758102417,
1.0097640752792358,
1.0096911191940308,
1.008774995803833,
1.008852481842041,
1.0084172487258911,
1.0081777572631836,
1.00779390335083,
1.0071104764938354,
1.007206678390503,
1.0063085556030273,
1.0059854984283447,
1.0056601762771606,
1.005339503288269,
1.0054378509521484,
1.005052924156189,
1.0041614770889282,
1.004015564918518,
1.0039012432098389,
1.002886176109314,
1.0024722814559937,
1.0025253295898438,
1.0019419193267822,
1.0012980699539185,
1.000644564628601,
1.0003396272659302,
1.0000823736190796,
0.9990271925926208,
0.9996797442436218,
0.9989113211631775,
0.9981698393821716,
0.9976729154586792,
0.9973061680793762,
0.9967751502990723,
0.9957817792892456,
0.9956720471382141,
0.9952174425125122,
0.9945833683013916,
0.9932366609573364,
0.993414580821991,
0.992906391620636,
0.9926097989082336,
0.9918093085289001,
0.9910510778427124,
0.9908291101455688,
0.9899402260780334,
0.9892663955688477,
0.9886768460273743,
0.9874390959739685,
0.9872360825538635,
0.9862412810325623,
0.985701858997345,
0.9847689867019653,
0.9839293956756592,
0.9835245013237,
0.9828324913978577,
0.982120156288147,
0.9811740517616272,
0.9802692532539368,
0.9795776605606079,
0.9788175225257874,
0.977907657623291,
0.977190375328064,
0.9763219952583313,
0.9754635095596313,
0.9748331904411316,
0.9738839864730835,
0.9731436371803284,
0.9719280004501343,
0.9712151885032654,
0.9706949591636658,
0.9693652987480164,
0.9689964652061462,
0.9677568078041077,
0.9675097465515137,
0.9663215279579163,
0.9654527902603149,
0.9647094011306763,
0.963681161403656,
0.9629475474357605,
0.9625398516654968,
0.9617242217063904,
0.9610117673873901,
0.9597418904304504,
0.9591997265815735,
0.9585310220718384,
0.9574835300445557,
0.9567903280258179,
0.956244170665741,
0.9552714824676514,
0.954573929309845,
0.9537885785102844,
0.9530006051063538,
0.952330470085144,
0.9515716433525085,
0.9505401849746704,
0.9498773217201233,
0.9489356279373169,
0.9480652809143066,
0.9469727277755737,
0.9466068148612976,
0.9459386467933655,
0.9454256892204285,
0.944464921951294,
0.9437578916549683,
0.942681610584259,
0.9422012567520142,
0.9411172866821289,
0.9408942461013794,
0.9399505853652954,
0.9391661286354065,
0.9384357333183289,
0.9374043345451355,
0.9366663098335266,
0.9356688261032104,
0.9348949193954468,
0.934247612953186,
0.9336748719215393,
0.9329944849014282,
0.9320276975631714,
0.931259274482727,
0.9303392767906189,
0.9294057488441467,
0.9284756183624268,
0.9278466105461121,
0.9271191954612732,
0.9260589480400085,
0.9251285791397095,
0.924419105052948,
0.9236981272697449,
0.9228739142417908,
0.9221680760383606,
0.9210968613624573,
0.9202452301979065,
0.9195133447647095,
0.9183945655822754,
0.9175469279289246,
0.9167575240135193,
0.9156444668769836,
0.9151641726493835,
0.9142988920211792,
0.913277268409729,
0.9123363494873047,
0.911251425743103,
0.9103848934173584,
0.9096200466156006,
0.9089913964271545,
0.9082388281822205,
0.9076786637306213,
0.9067506194114685,
0.9058781266212463,
0.9050102233886719,
0.9040888547897339,
0.9035329818725586,
0.9023222327232361,
0.9014594554901123,
0.9001914858818054,
0.8992329239845276,
0.8979647755622864,
0.8968532681465149,
0.8959726095199585,
0.8948891162872314,
0.8936623334884644,
0.8932039141654968,
0.8917374014854431,
0.891179621219635,
0.8897508382797241,
0.8888115286827087,
0.887690007686615,
0.8868421912193298,
0.8858131766319275,
0.8848686218261719,
0.883550226688385,
0.8827997446060181,
0.8817304372787476,
0.88054358959198,
0.88054358959198,
0.88054358959198,
0.0,
0.0,
0.0,
0.0,
0.0,
0.0,
0.0,
0.0,
0.0,
0.0,
0.0,
0.0,
0.0,
0.0,
0.0,
0.0,
0.0,
0.0,
0.0,
0.0,
0.0,
0.0,
0.0,
0.0,
0.0,
0.0,
0.0,
0.0,
0.0,
0.0,
0.0,
0.0,
0.0,
0.0,
0.0,
0.0,
0.0,
0.0,
0.0,
0.0,
0.0,
0.0,
0.0,
0.0,
0.0,
0.0,
0.0,
0.0,
0.0,
0.0,
0.0,
0.0,
0.0,
0.0,
0.0,
0.0,
0.0,
0.0,
0.0,
0.0,
0.0,
0.0,
0.0,
0.0,
0.0,
0.0,
0.0,
0.0,
0.0,
0.0,
0.0,
0.0,
0.0,
0.0,
0.0,
0.0,
0.0,
0.0,
0.0,
0.0,
0.0,
0.0,
0.0,
0.0,
0.0,
0.0,
0.0,
0.0,
0.0,
0.0,
0.0,
0.0,
0.0,
0.0,
0.0,
0.0,
0.0,
0.0,
0.0,
0.0,
0.0,
0.0,
0.0,
0.0,
0.0,
0.0,
0.0,
0.0,
0.0,
0.0,
0.0,
0.0,
0.0,
0.0,
0.0,
0.0,
0.0,
0.0,
0.0,
0.0,
0.0,
0.0,
0.0,
0.0,
0.0,
0.0,
0.0,
0.0,
0.0,
0.0,
0.0,
0.0,
0.0,
0.0,
0.0,
0.0,
0.0,
0.0,
0.0,
0.0,
0.0,
0.0,
0.0,
0.0,
0.0,
0.0,
0.0,
0.0,
0.0,
0.0,
0.0,
0.0,
0.0,
0.0,
0.0,
0.0,
0.0,
0.0,
0.0,
0.0,
0.0,
0.0,
0.0,
0.0,
0.0,
0.0,
0.0,
0.0,
0.0,
0.0,
0.0,
0.0,
0.0,
0.0,
0.0,
0.0,
0.0,
0.0,
0.0,
0.0,
0.0,
0.0,
0.0,
0.0,
0.0,
0.0,
0.0,
0.0,
0.0,
0.0,
0.0,
0.0,
0.0,
0.0,
0.0,
0.0,
0.0,
0.0,
0.0,
0.0,
0.0,
0.0,
0.0,
0.0,
0.0,
0.0,
0.0,
0.0,
0.0,
0.0,
0.0,
0.0,
0.0,
0.0,
0.0,
0.0,
0.0,
0.0,
0.0,
0.0,
0.0,
0.0,
0.0,
0.0,
0.0,
0.0,
0.0,
0.0,
0.0,
0.0,
0.0,
0.0,
0.0,
0.0,
0.0,
0.0,
0.0,
0.0,
0.0,
0.0,
0.0,
0.0,
0.0,
0.0,
0.0,
0.0,
0.0,
0.0,
0.0,
0.0,
0.0,
0.0,
0.0,
0.0,
0.0,
0.0,
0.0,
0.0,
0.0,
0.0,
0.0,
0.0,
0.0,
0.0,
0.0,
0.0,
0.0,
0.0,
0.0,
0.0,
0.0,
0.0,
0.0,
0.0,
0.0,
0.0,
0.0,
0.0,
0.0,
0.0,
0.0,
0.0,
0.0,
0.0,
0.0,
0.0,
0.0,
0.0,
0.0,
0.0,
0.0,
0.0,
0.0,
0.0,
0.0,
0.0,
0.0,
0.0,
0.0,
0.0,
0.0,
0.0,
0.0,
0.0,
0.0,
0.0,
0.0,
0.0,
0.0,
0.0,
0.0,
0.0,
0.0,
0.0,
0.0,
0.0,
0.0,
0.0,
0.0,
0.0,
0.0,
0.0,
0.0,
0.0,
0.0,
0.0,
0.0,
0.0,
0.0,
0.0,
0.0,
0.0,
0.0,
0.0,
0.0,
0.0,
0.0,
0.0,
0.0,
0.0,
0.0,
0.0,
0.0,
0.0,
0.0,
0.0,
0.0,
0.0,
0.0,
0.0,
0.0,
0.0,
0.0,
0.0,
0.0,
0.0,
0.0,
0.0,
0.0,
0.0,
0.0,
0.0,
0.0,
0.0,
0.0,
0.0,
0.0,
0.0,
0.0,
0.0,
0.0,
0.0,
0.0,
0.0,
0.0,
0.0,
0.0,
0.0,
0.0,
0.0,
0.0,
0.0,
0.0,
0.0,
0.0,
0.0,
0.0,
0.0,
0.0,
0.0,
0.0,
0.0,
0.0,
0.0,
0.0,
0.0,
0.0,
0.0,
0.0,
0.0,
0.0,
0.0,
0.0,
0.0,
0.0,
0.0,
0.0,
0.0,
0.0,
0.0,
0.0,
0.0,
0.0,
0.0,
0.0,
0.0,
0.0,
0.0,
0.0,
0.0,
0.0,
0.0,
0.0,
0.0,
0.0,
0.0,
0.0,
0.0,
0.0,
0.0,
0.0,
0.0,
0.0,
0.0,
0.0,
0.0,
0.0,
0.0,
0.0,
0.0,
0.0,
0.0,
0.0,
0.0,
0.0,
0.0,
0.0,
0.0,
0.0,
0.0,
0.0,
0.0,
0.0,
0.0,
0.0,
0.0,
0.0,
0.0,
0.0,
0.0,
0.0,
0.0,
0.0,
0.0,
0.0,
0.0,
0.0,
0.0,
0.0,
0.0,
0.0,
0.0,
0.0,
0.0,
0.0,
0.0,
0.0,
0.0,
0.0,
0.0,
0.0,
0.0,
0.0,
0.0,
0.0,
0.0,
0.0,
0.0,
0.0,
0.0,
0.0,
0.0,
0.0,
0.0,
0.0,
0.0,
0.0,
0.0,
0.0,
0.0,
0.0,
0.0,
0.0,
0.0,
0.0,
0.0,
0.0,
0.0,
0.0,
0.0,
0.0,
0.0,
0.0,
0.0,
0.0,
0.0,
0.0,
0.0,
0.0,
0.0,
0.0,
0.0,
0.0,
0.0,
0.0,
0.0,
0.0,
0.0,
0.0,
0.0,
0.0,
0.0,
0.0,
0.0,
0.0,
0.0,
0.0,
0.0,
0.0,
0.0,
0.0,
0.0,
0.0,
0.0,
0.0,
0.0,
0.0,
0.0,
0.0,
0.0,
0.0,
0.0,
0.0,
0.0,
0.0,
0.0,
0.0,
0.0,
0.0,
0.0,
0.0,
0.0,
0.0,
0.0,
0.0,
0.0,
0.0,
0.0,
0.0,
0.0,
0.0,
0.0,
0.0,
0.0,
0.0,
0.0,
0.0,
0.0,
0.0,
0.0,
0.0,
0.0,
0.0,
0.0,
0.0,
0.0,
0.0,
0.0,
0.0,
0.0,
0.0,
0.0,
0.0,
0.0,
0.0,
0.0,
0.0,
0.0,
0.0,
0.0,
0.0,
0.0,
0.0,
0.0,
0.0,
0.0,
0.0,
0.0,
0.0,
0.0,
0.0,
0.0,
0.0,
0.0,
0.0,
0.0,
0.0,
0.0,
0.0,
0.0,
0.0,
0.0,
0.0,
0.0,
0.0,
0.0,
0.0,
0.0,
0.0,
0.0,
0.0,
0.0,
0.0,
0.0,
0.0,
0.0,
0.0,
0.0,
0.0,
0.0,
0.0,
0.0,
0.0,
0.0,
0.0,
0.0,
0.0,
0.0,
0.0,
0.0,
0.0,
0.0,
0.0,
0.0,
0.0,
0.0,
0.0,
0.0,
0.0,
0.0,
0.0,
0.0,
0.0,
0.0,
0.0,
0.0,
0.0,
0.0,
0.0,
0.0,
0.0,
0.0,
0.0,
0.0,
0.0,
0.0,
0.0,
0.0,
0.0,
0.0,
0.0,
0.0,
0.0,
0.0,
0.0,
0.0,
0.0,
0.0,
0.0,
0.0,
0.0,
0.0,
0.0,
0.0,
0.0,
0.0,
0.0,
0.0,
0.0,
0.0,
0.0,
0.0,
0.0,
0.0,
0.0,
0.0,
0.0,
0.0,
0.0,
0.0,
0.0,
0.0,
0.0,
0.0,
0.0,
0.0,
0.0,
0.0,
0.0,
0.0,
0.0,
0.0,
0.0,
0.0,
0.0,
0.0,
0.0,
0.0,
0.0,
0.0,
0.0,
0.0,
0.0,
0.0,
0.0,
0.0,
0.0,
0.0,
0.0,
0.0,
0.0,
0.0,
0.0,
0.0,
0.0,
0.0,
0.0,
0.0,
0.0,
0.0,
0.0,
0.0,
0.0,
0.0,
0.0,
0.0,
0.0,
0.0,
0.0,
0.0,
0.0,
0.0,
0.0,
0.0,
0.0,
0.0,
0.0,
0.0,
0.0,
0.0,
0.0,
0.0,
0.0,
0.0,
0.0,
0.0,
0.0,
0.0,
0.0,
0.0,
0.0,
0.0,
0.0,
0.0,
0.0,
0.0,
0.0,
0.0,
0.0,
0.0,
0.0,
0.0,
0.0,
0.0,
0.0,
0.0,
0.0,
0.0,
0.0,
0.0,
0.0,
0.0,
0.0,
0.0,
0.0,
0.0,
0.0,
0.0,
0.0,
0.0,
0.0,
0.0,
0.0,
0.0,
0.0,
0.0,
0.0,
0.0,
0.0,
0.0,
0.0,
0.0,
0.0,
0.0,
0.0,
0.0,
0.0,
0.0,
0.0,
0.0,
0.0,
0.0,
0.0,
0.0,
0.0,
0.0,
0.0,
0.0,
0.0,
0.0,
0.0,
0.0,
0.0,
0.0,
0.0,
0.0,
0.0,
0.0,
0.0,
0.0,
0.0,
0.0,
0.0,
0.0,
0.0,
0.0,
0.0,
0.0,
0.0,
0.0,
0.0,
0.0,
0.0,
0.0,
0.0,
0.0,
0.0,
0.0,
0.0,
0.0,
0.0,
0.0,
0.0,
0.0,
0.0,
0.0,
0.0,
0.0,
0.0,
0.0,
0.0,
0.0,
0.0,
0.0,
0.0,
0.0,
0.0,
0.0,
0.0,
0.0,
0.0,
0.0,
0.0,
0.0,
0.0,
0.0,
0.0,
0.0,
0.0,
0.0,
0.0,
0.0,
0.0,
0.0,
0.0,
0.0,
0.0,
0.0,
0.0,
0.0,
0.0,
0.0,
0.0,
0.0,
0.0,
0.0,
0.0,
0.0,
0.0,
0.0,
0.0,
0.0,
0.0,
0.0,
0.0,
0.0,
0.0,
0.0,
0.0,
0.0,
0.0,
0.0,
0.0,
0.0,
0.0,
0.0,
0.0,
0.0,
0.0,
0.0,
0.0,
0.0,
0.0,
0.0,
0.0,
0.0,
0.0,
0.0,
0.0,
0.0,
0.0,
0.0,
0.0,
0.0,
0.0,
0.0,
0.0,
0.0,
0.0,
0.0,
0.0,
0.0,
0.0,
0.0,
0.0,
0.0,
0.0,
0.0,
0.0,
0.0,
0.0,
0.0,
0.0,
0.0,
0.0,
0.0,
0.0,
0.0,
0.0,
0.0,
0.0,
0.0,
0.0,
0.0,
0.0,
0.0,
0.0,
0.0,
0.0,
0.0,
0.0,
0.0,
0.0,
0.0,
0.0,
0.0,
0.0,
0.0,
0.0,
0.0,
0.0,
0.0,
0.0,
0.0,
0.0,
0.0,
0.0,
0.0,
0.0,
0.0,
0.0,
0.0,
0.0,
0.0,
0.0,
0.0,
0.0,
0.0,
0.0,
0.0,
0.0,
0.0,
0.0,
0.0,
0.0,
0.0,
0.0,
0.0,
0.0,
0.0,
0.0,
0.0,
0.0,
0.0,
0.0,
0.0,
0.0,
0.0,
0.0,
0.0,
0.0,
0.0,
0.0,
0.0,
0.0,
0.0,
0.0,
0.0,
0.0,
0.0,
0.0,
0.0,
0.0,
0.0,
0.0,
0.0,
0.0,
0.0,
0.0,
0.0,
0.0,
0.0,
0.0,
0.0,
0.0,
0.0,
0.0,
0.0,
0.0,
0.0,
0.0,
0.0,
0.0,
0.0,
0.0,
0.0,
0.0,
0.0,
0.0,
0.0,
0.0,
0.0,
0.0,
0.0,
0.0,
0.0,
0.0,
0.0,
0.0,
0.0,
0.0,
0.0,
0.0,
0.0,
0.0,
0.0,
0.0,
0.0,
0.0,
0.0,
0.0,
0.0,
0.0,
0.0,
0.0,
0.0,
0.0,
0.0,
0.0,
0.0,
0.0,
0.0,
0.0,
0.0,
0.0,
0.0,
0.0,
0.0,
0.0,
0.0,
0.0,
0.0,
0.0,
0.0,
0.0,
0.0,
0.0,
0.0,
0.0,
0.0,
0.0,
0.0,
0.0,
0.0,
0.0,
0.0,
0.0,
0.0,
0.0,
0.0,
0.0,
0.0,
0.0,
0.0,
0.0,
0.0,
0.0,
0.0,
0.0,
0.0,
0.0,
0.0,
0.0,
0.0,
0.0,
0.0,
0.0,
0.0,
0.0,
0.0,
0.0,
0.0,
0.0,
0.0,
0.0,
0.0,
0.0,
0.0,
0.0,
0.0,
0.0,
0.0,
0.0,
0.0,
0.0,
0.0,
0.0,
0.0,
0.0,
0.0,
0.0,
0.0,
0.0,
0.0,
0.0,
0.0,
0.0,
0.0,
0.0,
0.0,
0.0,
0.0,
0.0,
0.0,
0.0,
0.0,
0.0,
0.0,
0.0,
0.0,
0.0,
0.0,
0.0,
0.0,
0.0,
0.0,
0.0,
0.0,
0.0,
0.0,
0.0,
0.0,
0.0,
0.0,
0.0,
0.0,
0.0,
0.0,
0.0,
0.0,
0.0,
0.0,
0.0,
0.0,
0.0,
0.0,
0.0,
0.0,
0.0,
0.0,
0.0,
0.0,
0.0,
0.0,
0.0,
0.0,
0.0,
0.0,
0.0,
0.0,
0.0,
0.0,
0.0,
0.0,
0.0,
0.0,
0.0,
0.0,
0.0,
0.0,
0.0,
0.0,
0.0,
0.0,
0.0,
0.0,
0.0,
0.0,
0.0,
0.0,
0.0,
0.0,
0.0,
0.0,
0.0,
0.0,
0.0,
0.0,
0.0,
0.0,
0.0,
0.0,
0.0,
0.0,
0.0,
0.0,
0.0,
0.0,
0.0,
0.0,
0.0,
0.0,
0.0,
0.0,
0.0,
0.0,
0.0,
0.0,
0.0,
0.0,
0.0,
0.0,
0.0,
0.0,
0.0,
0.0,
0.0,
0.0,
0.0,
0.0,
0.0,
0.0,
0.0,
0.0,
0.0,
0.0,
0.0,
0.0,
0.0,
0.0,
0.0,
0.0,
0.0,
0.0,
0.0,
0.0,
0.0,
0.0,
0.0,
0.0,
0.0,
0.0,
0.0,
0.0,
0.0,
0.0,
0.0,
0.0,
0.0,
0.0,
0.0,
0.0,
0.0,
0.0,
0.0,
0.0,
0.0,
0.0,
0.0,
0.0,
0.0,
0.0,
0.0,
0.0,
0.0,
0.0,
0.0,
0.0,
0.0,
0.0,
0.0,
0.0,
0.0,
0.0,
0.0,
0.0,
0.0,
0.0,
0.0,
0.0,
0.0,
0.0,
0.0,
0.0,
0.0,
0.0,
0.0,
0.0,
0.0,
0.0,
0.0,
0.0,
0.0,
0.0,
0.0,
0.0,
0.0,
0.0,
0.0,
0.0,
0.0,
0.0,
0.0,
0.0,
0.0,
0.0,
0.0,
0.0,
0.0,
0.0,
0.0,
0.0,
0.0,
0.0,
0.0,
0.0,
0.0,
0.0,
0.0,
0.0,
0.0,
0.0,
0.0,
0.0,
0.0,
0.0,
0.0,
0.0,
0.0,
0.0,
0.0,
0.0,
0.0,
0.0,
0.0,
0.0,
0.0,
0.0,
0.0,
0.0,
0.0,
0.0,
0.0,
0.0,
0.0,
0.0,
0.0,
0.0,
0.0,
0.0,
0.0,
0.0,
0.0,
0.0,
0.0,
0.0,
0.0,
0.0,
0.0,
0.0,
0.0,
0.0,
0.0,
0.0,
0.0,
0.0,
0.0,
0.0,
0.0,
0.0,
0.0,
0.0,
0.0,
0.0,
0.0,
0.0,
0.0,
0.0,
0.0,
0.0,
0.0,
0.0,
0.0,
0.0,
0.0,
0.0,
0.0,
0.0,
0.0,
0.0,
0.0,
0.0,
0.0,
0.0,
0.0,
0.0,
0.0,
0.0,
0.0,
0.0,
0.0,
0.0,
0.0,
0.0,
0.0,
0.0,
0.0,
0.0,
0.0,
0.0,
0.0,
0.0,
0.0,
0.0,
0.0,
0.0,
0.0,
0.0,
0.0,
0.0,
0.0,
0.0,
0.0,
0.0,
0.0,
0.0,
0.0,
0.0,
0.0,
0.0,
0.0,
0.0,
0.0,
0.0,
0.0,
