1.0499999523162842,
1.070966124534607,
1.072108507156372,
1.0724824666976929,
1.073392629623413,
1.0739668607711792,
1.0743963718414307,
1.0747878551483154,
1.075049638748169,
1.0752021074295044,
1.0754467248916626,
1.0755879878997803,
1.0708272457122803,
1.0733058452606201,
1.0742125511169434,
1.0746660232543945,
1.0750019550323486,
1.0752209424972534,
1.0754371881484985,
1.075548529624939,
1.0757278203964233,
1.0758341550827026,
1.0759633779525757,
1.0760383605957031,
1.0761058330535889,
1.0761520862579346,
1.076238989830017,
1.0763022899627686,
1.076290249824524,
1.0763169527053833,
1.0763752460479736,
1.0763734579086304,
1.0764148235321045,
1.0764453411102295,
1.0765239000320435,
1.07649827003479,
1.0764902830123901,
1.0765081644058228,
1.076526165008545,
1.076512336730957,
1.0765719413757324,
1.0765539407730103,
1.0765997171401978,
1.076642394065857,
1.076646327972412,
1.076660394668579,
1.0766721963882446,
1.0766946077346802,
1.0766773223876953,
1.0766748189926147,
1.0766805410385132,
1.0767028331756592,
1.076717495918274,
1.0767239332199097,
1.0767396688461304,
1.0767297744750977,
1.0766966342926025,
1.076672911643982,
1.0767030715942383,
1.0767072439193726,
1.076718807220459,
1.0767186880111694,
1.076746940612793,
1.0767278671264648,
1.076698660850525,
1.077169418334961,
1.0774824619293213,
1.0776736736297607,
1.0777957439422607,
1.0778437852859497,
1.0774096250534058,
1.076836347579956,
1.0767422914505005,
1.07673978805542,
1.0767203569412231,
1.0766925811767578,
1.0767031908035278,
1.0766834020614624,
1.0766711235046387,
1.0766680240631104,
1.0766470432281494,
1.0766024589538574,
1.0765674114227295,
1.0765575170516968,
1.0765196084976196,
1.0765129327774048,
1.0764760971069336,
1.0764645338058472,
1.0764338970184326,
1.0764236450195312,
1.0763458013534546,
1.0763781070709229,
1.0763343572616577,
1.0763227939605713,
1.0762875080108643,
1.0762664079666138,
1.0762461423873901,
1.0762311220169067,
1.0762139558792114,
1.0762015581130981,
1.0761762857437134,
1.0761610269546509,
1.0761111974716187,
1.076090931892395,
1.0760748386383057,
1.076026201248169,
1.076059103012085,
1.0760024785995483,
1.0759764909744263,
1.0759356021881104,
1.075903058052063,
1.0758726596832275,
1.0758473873138428,
1.075850009918213,
1.075783133506775,
1.0757547616958618,
1.0757238864898682,
1.0757107734680176,
1.0756893157958984,
1.075647234916687,
1.0756235122680664,
1.0755705833435059,
1.0755319595336914,
1.0755071640014648,
1.075552225112915,
1.0755075216293335,
1.0754748582839966,
1.0754371881484985,
1.0753811597824097,
1.0753787755966187,
1.0753058195114136,
1.0753144025802612,
1.0752723217010498,
1.0752439498901367,
1.07524836063385,
1.0752015113830566,
1.0751736164093018,
1.0751776695251465,
1.0751038789749146,
1.0750826597213745,
1.07503080368042,
1.075002670288086,
1.074960470199585,
1.0749043226242065,
1.0748999118804932,
1.0748443603515625,
1.0748029947280884,
1.0747841596603394,
1.0747134685516357,
1.0746711492538452,
1.0746270418167114,
1.0745747089385986,
1.0745742321014404,
1.074568510055542,
1.074475884437561,
1.0744519233703613,
1.0744081735610962,
1.0743712186813354,
1.0743236541748047,
1.074285626411438,
1.0742660760879517,
1.074239730834961,
1.0741788148880005,
1.0740470886230469,
1.0740742683410645,
1.0740742683410645,
1.0740714073181152,
1.0740225315093994,
1.0739576816558838,
1.073927640914917,
1.0739110708236694,
1.0738654136657715,
1.0738035440444946,
1.0737320184707642,
1.0737242698669434,
1.0736483335494995,
1.0736223459243774,
1.0735957622528076,
1.0736082792282104,
1.0736430883407593,
1.0737971067428589,
1.0738000869750977,
1.0737314224243164,
1.0735785961151123,
1.0733598470687866,
1.073286771774292,
1.0732418298721313,
1.0734155178070068,
1.0735269784927368,
1.0735628604888916,
1.073583960533142,
1.073156714439392,
1.0733940601348877,
1.0732839107513428,
1.0731501579284668,
1.0729066133499146,
1.0728343725204468,
1.072803258895874,
1.0727319717407227,
1.0726642608642578,
1.0726478099822998,
1.0725675821304321,
1.072544813156128,
1.0724796056747437,
1.072447419166565,
1.072414755821228,
1.0724276304244995,
1.0724987983703613,
1.0726131200790405,
1.0726436376571655,
1.0725451707839966,
1.0723755359649658,
1.0719386339187622,
1.0719783306121826,
1.0720449686050415,
1.072290062904358,
1.0723621845245361,
1.0725486278533936,
1.0725715160369873,
1.072523593902588,
1.0724399089813232,
1.0723567008972168,
1.07216215133667,
1.0717991590499878,
1.0715889930725098,
1.071532964706421,
1.071451187133789,
1.0713006258010864,
1.0713237524032593,
1.071295976638794,
1.0712257623672485,
1.0711560249328613,
1.0711671113967896,
1.071084976196289,
1.0711781978607178,
1.071239709854126,
1.0714014768600464,
1.071413278579712,
1.0710822343826294,
1.0709969997406006,
1.070771336555481,
1.0707321166992188,
1.070663571357727,
1.0707401037216187,
1.0708807706832886,
1.0709501504898071,
1.070238709449768,
1.070815920829773,
1.070192813873291,
1.0706002712249756,
1.0702937841415405,
1.0697096586227417,
1.0700633525848389,
1.0700429677963257,
1.069861650466919,
1.0699406862258911,
1.0698950290679932,
1.0697921514511108,
1.0695708990097046,
1.0697128772735596,
1.0695639848709106,
1.069654941558838,
1.069668173789978,
1.0690275430679321,
1.069779396057129,
1.0697822570800781,
1.0696905851364136,
1.0691381692886353,
1.0692235231399536,
1.069191813468933,
1.069159746170044,
1.0692687034606934,
1.0691102743148804,
1.0693093538284302,
1.0693304538726807,
1.0692390203475952,
1.069136142730713,
1.0691924095153809,
1.0685046911239624,
1.0686323642730713,
1.0684393644332886,
1.0685077905654907,
1.0684913396835327,
1.0683969259262085,
1.068241000175476,
1.0682806968688965,
1.0681917667388916,
1.0681077241897583,
1.0680787563323975,
1.0680279731750488,
1.0676696300506592,
1.0679315328598022,
1.0675089359283447,
1.0678101778030396,
1.0679104328155518,
1.0677112340927124,
1.0675268173217773,
1.0675835609436035,
1.0675158500671387,
1.0673627853393555,
1.0676077604293823,
1.0674110651016235,
1.0671690702438354,
1.0675655603408813,
1.0677374601364136,
1.0678001642227173,
1.0677447319030762,
1.0674560070037842,
1.0671755075454712,
1.066781759262085,
1.0668330192565918,
1.0666894912719727,
1.0664809942245483,
1.0662462711334229,
1.066577672958374,
1.0664451122283936,
1.066217064857483,
1.066332221031189,
1.0663799047470093,
1.0663480758666992,
1.0663328170776367,
1.0663210153579712,
1.0661941766738892,
1.0660061836242676,
1.0657137632369995,
1.065958857536316,
1.0658023357391357,
1.0655052661895752,
1.0659043788909912,
1.0659420490264893,
1.0655611753463745,
1.0657552480697632,
1.0658632516860962,
1.0656367540359497,
1.0655642747879028,
1.0654057264328003,
1.0652270317077637,
1.0652896165847778,
1.065028429031372,
1.065114974975586,
1.0646026134490967,
1.064945936203003,
1.0646042823791504,
1.0643086433410645,
1.0644690990447998,
1.0641987323760986,
1.0642222166061401,
1.0647411346435547,
1.0651183128356934,
1.0656893253326416,
1.065521001815796,
1.0654581785202026,
1.0649062395095825,
1.0654654502868652,
1.0648021697998047,
1.0645887851715088,
1.0653281211853027,
1.0655418634414673,
1.0653560161590576,
1.0655505657196045,
1.0655723810195923,
1.0653605461120605,
1.0653408765792847,
1.065545916557312,
1.064711093902588,
1.0650436878204346,
1.0642112493515015,
1.0642753839492798,
1.0640798807144165,
1.064370036125183,
1.0638010501861572,
1.0640947818756104,
1.0638962984085083,
1.0640414953231812,
1.0633147954940796,
1.0634351968765259,
1.063528060913086,
1.0638628005981445,
1.0636563301086426,
1.063286304473877,
1.0634337663650513,
1.0634452104568481,
1.0633044242858887,
1.0629769563674927,
1.063194990158081,
1.0633870363235474,
1.0633201599121094,
1.0636894702911377,
1.0638902187347412,
1.0639183521270752,
1.0631545782089233,
1.0629656314849854,
1.063206434249878,
1.0623315572738647,
1.0629239082336426,
1.062698483467102,
1.0622283220291138,
1.0624364614486694,
1.062004566192627,
1.0621297359466553,
1.061302900314331,
1.0614407062530518,
1.061842918395996,
1.0620291233062744,
1.0615284442901611,
1.0610389709472656,
1.061824083328247,
1.0612919330596924,
1.0618516206741333,
1.0619087219238281,
1.061288833618164,
1.0610026121139526,
1.0611135959625244,
1.0610218048095703,
1.0610493421554565,
1.0613667964935303,
1.0609967708587646,
1.0607072114944458,
1.0615153312683105,
1.0614815950393677,
1.0611226558685303,
1.0610475540161133,
1.0604082345962524,
1.0605595111846924,
1.0599308013916016,
1.0601915121078491,
1.060245394706726,
1.0596038103103638,
1.060238003730774,
1.05964195728302,
1.0597591400146484,
1.0595382452011108,
1.0601335763931274,
1.0594477653503418,
1.0593098402023315,
1.0590850114822388,
1.058990240097046,
1.0597050189971924,
1.059024691581726,
1.05899977684021,
1.0587390661239624,
1.0581622123718262,
1.0584322214126587,
1.0589863061904907,
1.0590033531188965,
1.0588629245758057,
1.058562159538269,
1.058675765991211,
1.0588128566741943,
1.0584691762924194,
1.0587249994277954,
1.058330774307251,
1.0583826303482056,
1.0578643083572388,
1.0577728748321533,
1.0576850175857544,
1.0573488473892212,
1.057373046875,
1.057246208190918,
1.0574512481689453,
1.0571149587631226,
1.0568170547485352,
1.0571163892745972,
1.057207465171814,
1.057464361190796,
1.0568089485168457,
1.0567326545715332,
1.0561513900756836,
1.0564303398132324,
1.056103229522705,
1.056313157081604,
1.0558156967163086,
1.056622862815857,
1.056500792503357,
1.0564526319503784,
1.0562583208084106,
1.0564972162246704,
1.0558738708496094,
1.0560426712036133,
1.0560452938079834,
1.0559638738632202,
1.0556219816207886,
1.0552300214767456,
1.0553511381149292,
1.0551695823669434,
1.054718255996704,
1.0548985004425049,
1.0549795627593994,
1.0545897483825684,
1.0545485019683838,
1.0540928840637207,
1.054575800895691,
1.0546022653579712,
1.054491400718689,
1.0545825958251953,
1.0541117191314697,
1.05379319190979,
1.053828239440918,
1.0537511110305786,
1.053361415863037,
1.0536549091339111,
1.0538145303726196,
1.0538794994354248,
1.0537347793579102,
1.054449200630188,
1.053868055343628,
1.0539621114730835,
1.0540095567703247,
1.0540275573730469,
1.0534754991531372,
1.0534762144088745,
1.0534684658050537,
1.0527513027191162,
1.0527031421661377,
1.0523806810379028,
1.0525354146957397,
1.0519765615463257,
1.0502867698669434,
1.0510071516036987,
1.050188660621643,
1.048952579498291,
1.050640344619751,
1.0498006343841553,
1.0503636598587036,
1.0500783920288086,
1.050378441810608,
1.050206184387207,
1.0499149560928345,
1.0490440130233765,
1.0495762825012207,
1.0496174097061157,
1.0496361255645752,
1.0494712591171265,
1.0498378276824951,
1.0498558282852173,
1.0496774911880493,
1.0494847297668457,
1.049350619316101,
1.0497262477874756,
1.0483890771865845,
1.0486820936203003,
1.04877769947052,
1.0484423637390137,
1.0482003688812256,
1.0483739376068115,
1.0483391284942627,
1.0478451251983643,
1.0477516651153564,
1.0475550889968872,
1.0475703477859497,
1.0475423336029053,
1.047500491142273,
1.047217607498169,
1.0470789670944214,
1.0473521947860718,
1.04721200466156,
1.0465410947799683,
1.0467005968093872,
1.045903205871582,
1.04666006565094,
1.0466036796569824,
1.0464352369308472,
1.046083688735962,
1.0464434623718262,
1.0463769435882568,
1.0462762117385864,
1.0461276769638062,
1.0459401607513428,
1.0460779666900635,
1.0451934337615967,
1.0453025102615356,
1.0451509952545166,
1.0450119972229004,
1.0445797443389893,
1.044384479522705,
1.0447351932525635,
1.0438860654830933,
1.0441839694976807,
1.0442602634429932,
1.0440489053726196,
1.0440564155578613,
1.044128179550171,
1.0438313484191895,
1.0436793565750122,
1.0431382656097412,
1.0431264638900757,
1.043108344078064,
1.0430256128311157,
1.042810320854187,
1.0429729223251343,
1.0422080755233765,
1.0425642728805542,
1.0423178672790527,
1.0421591997146606,
1.0427651405334473,
1.0423283576965332,
1.0422554016113281,
1.0421570539474487,
1.0417853593826294,
1.0416111946105957,
1.041444182395935,
1.0410791635513306,
1.040489673614502,
1.0404154062271118,
1.0398870706558228,
1.0399597883224487,
1.0400571823120117,
1.039871096611023,
1.0396472215652466,
1.0397974252700806,
1.0396045446395874,
1.0385642051696777,
1.0385642051696777,
1.0391209125518799,
1.0385533571243286,
1.0384236574172974,
1.038254737854004,
1.0380207300186157,
1.0377395153045654,
1.03781259059906,
1.0376369953155518,
1.0374213457107544,
1.0373719930648804,
1.0372610092163086,
1.0367343425750732,
1.0361982583999634,
1.036534309387207,
1.0362643003463745,
1.036059021949768,
1.035770297050476,
1.0346274375915527,
1.0346577167510986,
1.0346193313598633,
1.0349091291427612,
1.034691333770752,
1.0342429876327515,
1.0340943336486816,
1.0334465503692627,
1.0333447456359863,
1.0330724716186523,
1.0326542854309082,
1.0324244499206543,
1.0329984426498413,
1.032486915588379,
1.0323998928070068,
1.0322811603546143,
1.0319898128509521,
1.0316269397735596,
1.0312631130218506,
1.0308014154434204,
1.030537724494934,
1.0306979417800903,
1.0302557945251465,
1.0298471450805664,
1.0297777652740479,
1.0293980836868286,
1.0289617776870728,
1.0288259983062744,
1.0282167196273804,
1.0279062986373901,
1.027424693107605,
1.02754545211792,
1.0267698764801025,
1.0268337726593018,
1.0266740322113037,
1.0263396501541138,
1.0261963605880737,
1.0256003141403198,
1.0249507427215576,
1.024836778640747,
1.0246542692184448,
1.024019479751587,
1.0239179134368896,
1.0231578350067139,
1.022878646850586,
1.022944450378418,
1.022647500038147,
1.0222522020339966,
1.0216530561447144,
1.0211553573608398,
1.0209977626800537,
1.0210230350494385,
1.0206798315048218,
1.0201480388641357,
1.019554615020752,
1.0193434953689575,
1.018733263015747,
1.0182883739471436,
1.0177059173583984,
1.017108678817749,
1.0170042514801025,
1.0165935754776,
1.0160845518112183,
1.0156176090240479,
1.0153361558914185,
1.014712929725647,
1.014276385307312,
1.0137665271759033,
1.0132699012756348,
1.0124871730804443,
1.0123919248580933,
1.0118906497955322,
1.0112870931625366,
1.0109217166900635,
1.010213851928711,
1.0094060897827148,
1.009032964706421,
1.008697748184204,
1.0078246593475342,
1.007460594177246,
1.0067601203918457,
1.0068297386169434,
1.005479335784912,
1.0045926570892334,
1.0044407844543457,
1.0040777921676636,
1.0033049583435059,
1.0024902820587158,
1.002061367034912,
1.0014220476150513,
1.0005767345428467,
0.9997841119766235,
0.9991233944892883,
0.9984240531921387,
0.9978805184364319,
0.997221052646637,
0.9964556097984314,
0.9956182241439819,
0.9952161908149719,
0.9943258762359619,
0.9936113357543945,
0.9933274388313293,
0.9919085502624512,
0.9912405610084534,
0.9906659126281738,
0.9899784922599792,
0.98918217420578,
0.9886356592178345,
0.9876495599746704,
0.9869951009750366,
0.9862202405929565,
0.9855093955993652,
0.9844532012939453,
0.9838037490844727,
0.983715832233429,
0.982776939868927,
0.9820477962493896,
0.9814307689666748,
0.9806442260742188,
0.9799147248268127,
0.9789865016937256,
0.9780991077423096,
0.9772925972938538,
0.976725697517395,
0.9758707880973816,
0.9752379059791565,
0.9742763042449951,
0.9739450216293335,
0.9735086560249329,
0.9725308418273926,
0.9720728397369385,
0.9710416197776794,
0.9706085324287415,
0.9702139496803284,
0.9694046974182129,
0.968447744846344,
0.9678516983985901,
0.9670905470848083,
0.965969979763031,
0.9656835198402405,
0.9650654196739197,
0.964160144329071,
0.963434100151062,
0.9630305767059326,
0.9624943733215332,
0.961803138256073,
0.9610924124717712,
0.9605278968811035,
0.9599741101264954,
0.9592910408973694,
0.9586791396141052,
0.9579718112945557,
0.9570959806442261,
0.9561101794242859,
0.9553328156471252,
0.9542133808135986,
0.9537560939788818,
0.95268714427948,
0.952087938785553,
0.9513389468193054,
0.9504619836807251,
0.9502413272857666,
0.9494604468345642,
0.9487329721450806,
0.9476091265678406,
0.9474042654037476,
0.946534276008606,
0.9456771016120911,
0.9447057247161865,
0.9442094564437866,
0.9435451626777649,
0.942966878414154,
0.9422667622566223,
0.9414845705032349,
0.9409244060516357,
0.9401139616966248,
0.9394569396972656,
0.93885338306427,
0.9385377168655396,
0.9378523230552673,
0.9367131590843201,
0.9359633922576904,
0.9355543255805969,
0.9349644780158997,
0.9340052604675293,
0.9333537220954895,
0.9324782490730286,
0.9317810535430908,
0.930748462677002,
0.9299593567848206,
0.9293632507324219,
0.9284495711326599,
0.9278287887573242,
0.9268046021461487,
0.9261077046394348,
0.9253939390182495,
0.9246782064437866,
0.9239124059677124,
0.9227452874183655,
0.9221876859664917,
0.9214145541191101,
0.9206228852272034,
0.919899046421051,
0.9193000197410583,
0.9183703064918518,
0.9175406098365784,
0.9166763424873352,
0.915816068649292,
0.9152173399925232,
0.91473788022995,
0.9138074517250061,
0.913343071937561,
0.912290096282959,
0.9116648435592651,
0.910843551158905,
0.9094701409339905,
0.9093074798583984,
0.908250093460083,
0.9072275757789612,
0.9067294597625732,
0.9056132435798645,
0.904608964920044,
0.904079020023346,
0.903282880783081,
0.9018192887306213,
0.9009936451911926,
0.9003333449363708,
0.8994609117507935,
0.8985872268676758,
0.8977393507957458,
0.896611213684082,
0.8959150910377502,
0.8952045440673828,
0.8942533135414124,
0.8932065367698669,
0.8921073079109192,
0.891343891620636,
0.8901950120925903,
0.8894065022468567,
0.8881029486656189,
0.8871902823448181,
0.8864273428916931,
0.8854807019233704,
0.8847271800041199,
0.8834063410758972,
0.8828678131103516,
0.8818017840385437,
0.8809189200401306,
0.8800649046897888,
0.8800649046897888,
0.8800649046897888,
0.0,
0.0,
0.0,
0.0,
0.0,
0.0,
0.0,
0.0,
0.0,
0.0,
0.0,
0.0,
0.0,
0.0,
0.0,
0.0,
0.0,
0.0,
0.0,
0.0,
0.0,
0.0,
0.0,
0.0,
0.0,
0.0,
0.0,
0.0,
0.0,
0.0,
0.0,
0.0,
0.0,
0.0,
0.0,
0.0,
0.0,
0.0,
0.0,
0.0,
0.0,
0.0,
0.0,
0.0,
0.0,
0.0,
0.0,
0.0,
0.0,
0.0,
0.0,
0.0,
0.0,
0.0,
0.0,
0.0,
0.0,
0.0,
0.0,
0.0,
0.0,
0.0,
0.0,
0.0,
0.0,
0.0,
0.0,
0.0,
0.0,
0.0,
0.0,
0.0,
0.0,
0.0,
0.0,
0.0,
0.0,
0.0,
0.0,
0.0,
0.0,
0.0,
0.0,
0.0,
0.0,
0.0,
0.0,
0.0,
0.0,
0.0,
0.0,
0.0,
0.0,
0.0,
0.0,
0.0,
0.0,
0.0,
0.0,
0.0,
0.0,
0.0,
0.0,
0.0,
0.0,
0.0,
0.0,
0.0,
0.0,
0.0,
0.0,
0.0,
0.0,
0.0,
0.0,
0.0,
0.0,
0.0,
0.0,
0.0,
0.0,
0.0,
0.0,
0.0,
0.0,
0.0,
0.0,
0.0,
0.0,
0.0,
0.0,
0.0,
0.0,
0.0,
0.0,
0.0,
0.0,
0.0,
0.0,
0.0,
0.0,
0.0,
0.0,
0.0,
0.0,
0.0,
0.0,
0.0,
0.0,
0.0,
0.0,
0.0,
0.0,
0.0,
0.0,
0.0,
0.0,
0.0,
0.0,
0.0,
0.0,
0.0,
0.0,
0.0,
0.0,
0.0,
0.0,
0.0,
0.0,
0.0,
0.0,
0.0,
0.0,
0.0,
0.0,
0.0,
0.0,
0.0,
0.0,
0.0,
0.0,
0.0,
0.0,
0.0,
0.0,
0.0,
0.0,
0.0,
0.0,
0.0,
0.0,
0.0,
0.0,
0.0,
0.0,
0.0,
0.0,
0.0,
0.0,
0.0,
0.0,
0.0,
0.0,
0.0,
0.0,
0.0,
0.0,
0.0,
0.0,
0.0,
0.0,
0.0,
0.0,
0.0,
0.0,
0.0,
0.0,
0.0,
0.0,
0.0,
0.0,
0.0,
0.0,
0.0,
0.0,
0.0,
0.0,
0.0,
0.0,
0.0,
0.0,
0.0,
0.0,
0.0,
0.0,
0.0,
0.0,
0.0,
0.0,
0.0,
0.0,
0.0,
0.0,
0.0,
0.0,
0.0,
0.0,
0.0,
0.0,
0.0,
0.0,
0.0,
0.0,
0.0,
0.0,
0.0,
0.0,
0.0,
0.0,
0.0,
0.0,
0.0,
0.0,
0.0,
0.0,
0.0,
0.0,
0.0,
0.0,
0.0,
0.0,
0.0,
0.0,
0.0,
0.0,
0.0,
0.0,
0.0,
0.0,
0.0,
0.0,
0.0,
0.0,
0.0,
0.0,
0.0,
0.0,
0.0,
0.0,
0.0,
0.0,
0.0,
0.0,
0.0,
0.0,
0.0,
0.0,
0.0,
0.0,
0.0,
0.0,
0.0,
0.0,
0.0,
0.0,
0.0,
0.0,
0.0,
0.0,
0.0,
0.0,
0.0,
0.0,
0.0,
0.0,
0.0,
0.0,
0.0,
0.0,
0.0,
0.0,
0.0,
0.0,
0.0,
0.0,
0.0,
0.0,
0.0,
0.0,
0.0,
0.0,
0.0,
0.0,
0.0,
0.0,
0.0,
0.0,
0.0,
0.0,
0.0,
0.0,
0.0,
0.0,
0.0,
0.0,
0.0,
0.0,
0.0,
0.0,
0.0,
0.0,
0.0,
0.0,
0.0,
0.0,
0.0,
0.0,
0.0,
0.0,
0.0,
0.0,
0.0,
0.0,
0.0,
0.0,
0.0,
0.0,
0.0,
0.0,
0.0,
0.0,
0.0,
0.0,
0.0,
0.0,
0.0,
0.0,
0.0,
0.0,
0.0,
0.0,
0.0,
0.0,
0.0,
0.0,
0.0,
0.0,
0.0,
0.0,
0.0,
0.0,
0.0,
0.0,
0.0,
0.0,
0.0,
0.0,
0.0,
0.0,
0.0,
0.0,
0.0,
0.0,
0.0,
0.0,
0.0,
0.0,
0.0,
0.0,
0.0,
0.0,
0.0,
0.0,
0.0,
0.0,
0.0,
0.0,
0.0,
0.0,
0.0,
0.0,
0.0,
0.0,
0.0,
0.0,
0.0,
0.0,
0.0,
0.0,
0.0,
0.0,
0.0,
0.0,
0.0,
0.0,
0.0,
0.0,
0.0,
0.0,
0.0,
0.0,
0.0,
0.0,
0.0,
0.0,
0.0,
0.0,
0.0,
0.0,
0.0,
0.0,
0.0,
0.0,
0.0,
0.0,
0.0,
0.0,
0.0,
0.0,
0.0,
0.0,
0.0,
0.0,
0.0,
0.0,
0.0,
0.0,
0.0,
0.0,
0.0,
0.0,
0.0,
0.0,
0.0,
0.0,
0.0,
0.0,
0.0,
0.0,
0.0,
0.0,
0.0,
0.0,
0.0,
0.0,
0.0,
0.0,
0.0,
0.0,
0.0,
0.0,
0.0,
0.0,
0.0,
0.0,
0.0,
0.0,
0.0,
0.0,
0.0,
0.0,
0.0,
0.0,
0.0,
0.0,
0.0,
0.0,
0.0,
0.0,
0.0,
0.0,
0.0,
0.0,
0.0,
0.0,
0.0,
0.0,
0.0,
0.0,
0.0,
0.0,
0.0,
0.0,
0.0,
0.0,
0.0,
0.0,
0.0,
0.0,
0.0,
0.0,
0.0,
0.0,
0.0,
0.0,
0.0,
0.0,
0.0,
0.0,
0.0,
0.0,
0.0,
0.0,
0.0,
0.0,
0.0,
0.0,
0.0,
0.0,
0.0,
0.0,
0.0,
0.0,
0.0,
0.0,
0.0,
0.0,
0.0,
0.0,
0.0,
0.0,
0.0,
0.0,
0.0,
0.0,
0.0,
0.0,
0.0,
0.0,
0.0,
0.0,
0.0,
0.0,
0.0,
0.0,
0.0,
0.0,
0.0,
0.0,
0.0,
0.0,
0.0,
0.0,
0.0,
0.0,
0.0,
0.0,
0.0,
0.0,
0.0,
0.0,
0.0,
0.0,
0.0,
0.0,
0.0,
0.0,
0.0,
0.0,
0.0,
0.0,
0.0,
0.0,
0.0,
0.0,
0.0,
0.0,
0.0,
0.0,
0.0,
0.0,
0.0,
0.0,
0.0,
0.0,
0.0,
0.0,
0.0,
0.0,
0.0,
0.0,
0.0,
0.0,
0.0,
0.0,
0.0,
0.0,
0.0,
0.0,
0.0,
0.0,
0.0,
0.0,
0.0,
0.0,
0.0,
0.0,
0.0,
0.0,
0.0,
0.0,
0.0,
0.0,
0.0,
0.0,
0.0,
0.0,
0.0,
0.0,
0.0,
0.0,
0.0,
0.0,
0.0,
0.0,
0.0,
0.0,
0.0,
0.0,
0.0,
0.0,
0.0,
0.0,
0.0,
0.0,
0.0,
0.0,
0.0,
0.0,
0.0,
0.0,
0.0,
0.0,
0.0,
0.0,
0.0,
0.0,
0.0,
0.0,
0.0,
0.0,
0.0,
0.0,
0.0,
0.0,
0.0,
0.0,
0.0,
0.0,
0.0,
0.0,
0.0,
0.0,
0.0,
0.0,
0.0,
0.0,
0.0,
0.0,
0.0,
0.0,
0.0,
0.0,
0.0,
0.0,
0.0,
0.0,
0.0,
0.0,
0.0,
0.0,
0.0,
0.0,
0.0,
0.0,
0.0,
0.0,
0.0,
0.0,
0.0,
0.0,
0.0,
0.0,
0.0,
0.0,
0.0,
0.0,
0.0,
0.0,
0.0,
0.0,
0.0,
0.0,
0.0,
0.0,
0.0,
0.0,
0.0,
0.0,
0.0,
0.0,
0.0,
0.0,
0.0,
0.0,
0.0,
0.0,
0.0,
0.0,
0.0,
0.0,
0.0,
0.0,
0.0,
0.0,
0.0,
0.0,
0.0,
0.0,
0.0,
0.0,
0.0,
0.0,
0.0,
0.0,
0.0,
0.0,
0.0,
0.0,
0.0,
0.0,
0.0,
0.0,
0.0,
0.0,
0.0,
0.0,
0.0,
0.0,
0.0,
0.0,
0.0,
0.0,
0.0,
0.0,
0.0,
0.0,
0.0,
0.0,
0.0,
0.0,
0.0,
0.0,
0.0,
0.0,
0.0,
0.0,
0.0,
0.0,
0.0,
0.0,
0.0,
0.0,
0.0,
0.0,
0.0,
0.0,
0.0,
0.0,
0.0,
0.0,
0.0,
0.0,
0.0,
0.0,
0.0,
0.0,
0.0,
0.0,
0.0,
0.0,
0.0,
0.0,
0.0,
0.0,
0.0,
0.0,
0.0,
0.0,
0.0,
0.0,
0.0,
0.0,
0.0,
0.0,
0.0,
0.0,
0.0,
0.0,
0.0,
0.0,
0.0,
0.0,
0.0,
0.0,
0.0,
0.0,
0.0,
0.0,
0.0,
0.0,
0.0,
0.0,
0.0,
0.0,
0.0,
0.0,
0.0,
0.0,
0.0,
0.0,
0.0,
0.0,
0.0,
0.0,
0.0,
0.0,
0.0,
0.0,
0.0,
0.0,
0.0,
0.0,
0.0,
0.0,
0.0,
0.0,
0.0,
0.0,
0.0,
0.0,
0.0,
0.0,
0.0,
0.0,
0.0,
0.0,
0.0,
0.0,
0.0,
0.0,
0.0,
0.0,
0.0,
0.0,
0.0,
0.0,
0.0,
0.0,
0.0,
0.0,
0.0,
0.0,
0.0,
0.0,
0.0,
0.0,
0.0,
0.0,
0.0,
0.0,
0.0,
0.0,
0.0,
0.0,
0.0,
0.0,
0.0,
0.0,
0.0,
0.0,
0.0,
0.0,
0.0,
0.0,
0.0,
0.0,
0.0,
0.0,
0.0,
0.0,
0.0,
0.0,
0.0,
0.0,
0.0,
0.0,
0.0,
0.0,
0.0,
0.0,
0.0,
0.0,
0.0,
0.0,
0.0,
0.0,
0.0,
0.0,
0.0,
0.0,
0.0,
0.0,
0.0,
0.0,
0.0,
0.0,
0.0,
0.0,
0.0,
0.0,
0.0,
0.0,
0.0,
0.0,
0.0,
0.0,
0.0,
0.0,
0.0,
0.0,
0.0,
0.0,
0.0,
0.0,
0.0,
0.0,
0.0,
0.0,
0.0,
0.0,
0.0,
0.0,
0.0,
0.0,
0.0,
0.0,
0.0,
0.0,
0.0,
0.0,
0.0,
0.0,
0.0,
0.0,
0.0,
0.0,
0.0,
0.0,
0.0,
0.0,
0.0,
0.0,
0.0,
0.0,
0.0,
0.0,
0.0,
0.0,
0.0,
0.0,
0.0,
0.0,
0.0,
0.0,
0.0,
0.0,
0.0,
0.0,
0.0,
0.0,
0.0,
0.0,
0.0,
0.0,
0.0,
0.0,
0.0,
0.0,
0.0,
0.0,
0.0,
0.0,
0.0,
0.0,
0.0,
0.0,
0.0,
0.0,
0.0,
0.0,
0.0,
0.0,
0.0,
0.0,
0.0,
0.0,
0.0,
0.0,
0.0,
0.0,
0.0,
0.0,
0.0,
0.0,
0.0,
0.0,
0.0,
0.0,
0.0,
0.0,
0.0,
0.0,
0.0,
0.0,
0.0,
0.0,
0.0,
0.0,
0.0,
0.0,
0.0,
0.0,
0.0,
0.0,
0.0,
0.0,
0.0,
0.0,
0.0,
0.0,
0.0,
0.0,
0.0,
0.0,
0.0,
0.0,
0.0,
0.0,
0.0,
0.0,
0.0,
0.0,
0.0,
0.0,
0.0,
0.0,
0.0,
0.0,
0.0,
0.0,
0.0,
0.0,
0.0,
0.0,
0.0,
0.0,
0.0,
0.0,
0.0,
0.0,
0.0,
0.0,
0.0,
0.0,
0.0,
0.0,
0.0,
0.0,
0.0,
0.0,
0.0,
0.0,
0.0,
0.0,
0.0,
0.0,
0.0,
0.0,
0.0,
0.0,
0.0,
0.0,
0.0,
0.0,
0.0,
0.0,
0.0,
0.0,
0.0,
0.0,
0.0,
0.0,
0.0,
0.0,
0.0,
0.0,
0.0,
0.0,
0.0,
0.0,
0.0,
0.0,
0.0,
0.0,
0.0,
0.0,
0.0,
0.0,
0.0,
0.0,
0.0,
0.0,
0.0,
0.0,
0.0,
0.0,
0.0,
0.0,
0.0,
0.0,
0.0,
0.0,
0.0,
0.0,
0.0,
0.0,
0.0,
0.0,
0.0,
0.0,
0.0,
0.0,
0.0,
0.0,
0.0,
0.0,
0.0,
0.0,
0.0,
0.0,
0.0,
0.0,
0.0,
0.0,
0.0,
0.0,
0.0,
0.0,
0.0,
0.0,
0.0,
0.0,
0.0,
0.0,
0.0,
0.0,
0.0,
0.0,
0.0,
0.0,
0.0,
0.0,
0.0,
0.0,
0.0,
0.0,
0.0,
0.0,
0.0,
0.0,
0.0,
0.0,
0.0,
0.0,
0.0,
0.0,
0.0,
0.0,
0.0,
0.0,
0.0,
0.0,
0.0,
0.0,
0.0,
0.0,
0.0,
0.0,
0.0,
0.0,
0.0,
0.0,
0.0,
0.0,
0.0,
0.0,
0.0,
0.0,
0.0,
0.0,
0.0,
0.0,
0.0,
0.0,
0.0,
0.0,
0.0,
0.0,
0.0,
0.0,
0.0,
0.0,
0.0,
0.0,
0.0,
0.0,
0.0,
0.0,
0.0,
0.0,
0.0,
0.0,
0.0,
0.0,
0.0,
0.0,
0.0,
0.0,
0.0,
0.0,
0.0,
0.0,
0.0,
0.0,
0.0,
0.0,
0.0,
0.0,
0.0,
0.0,
0.0,
0.0,
0.0,
0.0,
0.0,
0.0,
0.0,
0.0,
0.0,
0.0,
0.0,
0.0,
0.0,
0.0,
0.0,
0.0,
0.0,
0.0,
0.0,
0.0,
0.0,
0.0,
0.0,
0.0,
0.0,
0.0,
0.0,
0.0,
0.0,
0.0,
0.0,
0.0,
0.0,
0.0,
0.0,
0.0,
0.0,
0.0,
0.0,
0.0,
0.0,
0.0,
0.0,
0.0,
0.0,
0.0,
0.0,
0.0,
0.0,
0.0,
0.0,
0.0,
0.0,
0.0,
0.0,
0.0,
0.0,
0.0,
0.0,
0.0,
0.0,
0.0,
0.0,
0.0,
0.0,
0.0,
0.0,
0.0,
0.0,
0.0,
0.0,
0.0,
0.0,
0.0,
0.0,
0.0,
0.0,
0.0,
0.0,
0.0,
0.0,
0.0,
0.0,
0.0,
0.0,
0.0,
0.0,
0.0,
0.0,
0.0,
0.0,
0.0,
0.0,
0.0,
0.0,
0.0,
0.0,
0.0,
0.0,
0.0,
0.0,
0.0,
0.0,
0.0,
0.0,
0.0,
0.0,
0.0,
0.0,
0.0,
0.0,
0.0,
0.0,
0.0,
0.0,
0.0,
0.0,
0.0,
0.0,
0.0,
0.0,
0.0,
0.0,
0.0,
0.0,
0.0,
0.0,
0.0,
0.0,
0.0,
0.0,
0.0,
