1.0499999523162842,
1.079453706741333,
1.080657720565796,
1.081292748451233,
1.081796407699585,
1.0821239948272705,
1.0823273658752441,
1.0824893712997437,
1.0826534032821655,
1.082793116569519,
1.0828773975372314,
1.0829589366912842,
1.0830729007720947,
1.0830578804016113,
1.0830588340759277,
1.0831061601638794,
1.083152413368225,
1.0831289291381836,
1.0831960439682007,
1.0832456350326538,
1.0832524299621582,
1.083265781402588,
1.0833102464675903,
1.0832921266555786,
1.0833463668823242,
1.0833081007003784,
1.0832864046096802,
1.0833145380020142,
1.083328366279602,
1.0833680629730225,
1.0833194255828857,
1.0832483768463135,
1.0832228660583496,
1.0832558870315552,
1.0832583904266357,
1.0832631587982178,
1.083260416984558,
1.0833091735839844,
1.0833079814910889,
1.0832960605621338,
1.0832679271697998,
1.0832339525222778,
1.083175778388977,
1.0831817388534546,
1.0831972360610962,
1.0831847190856934,
1.0831146240234375,
1.0831022262573242,
1.0831068754196167,
1.0831246376037598,
1.0833983421325684,
1.083605170249939,
1.083726167678833,
1.08379065990448,
1.0838029384613037,
1.0831644535064697,
1.0830423831939697,
1.0830161571502686,
1.0829923152923584,
1.082970142364502,
1.083020567893982,
1.0829671621322632,
1.0829026699066162,
1.082912564277649,
1.0828958749771118,
1.0828919410705566,
1.0828561782836914,
1.0828750133514404,
1.0828126668930054,
1.082790732383728,
1.0827815532684326,
1.0827420949935913,
1.0826882123947144,
1.0826482772827148,
1.0826143026351929,
1.0825992822647095,
1.0825791358947754,
1.0825340747833252,
1.0825130939483643,
1.082499623298645,
1.0824347734451294,
1.0824143886566162,
1.082338809967041,
1.0822845697402954,
1.0823339223861694,
1.0822826623916626,
1.0822502374649048,
1.0822412967681885,
1.0821868181228638,
1.0821468830108643,
1.0821527242660522,
1.082102656364441,
1.0821068286895752,
1.0820749998092651,
1.0820339918136597,
1.0820094347000122,
1.0819382667541504,
1.0819026231765747,
1.0818719863891602,
1.081810712814331,
1.0818328857421875,
1.0817598104476929,
1.0817426443099976,
1.0816951990127563,
1.0816470384597778,
1.0816245079040527,
1.0815271139144897,
1.0814659595489502,
1.081441879272461,
1.0814322233200073,
1.0813990831375122,
1.081386923789978,
1.0814028978347778,
1.0813192129135132,
1.0812135934829712,
1.0811721086502075,
1.0811491012573242,
1.0810941457748413,
1.0810699462890625,
1.0810823440551758,
1.0810548067092896,
1.0810315608978271,
1.080992341041565,
1.0809341669082642,
1.0808675289154053,
1.0808080434799194,
1.0806936025619507,
1.0807029008865356,
1.0806747674942017,
1.080622673034668,
1.0805854797363281,
1.0805259943008423,
1.0804873704910278,
1.0804274082183838,
1.080349326133728,
1.0802861452102661,
1.0802496671676636,
1.080222249031067,
1.0801655054092407,
1.080141305923462,
1.0801055431365967,
1.0800602436065674,
1.080014705657959,
1.0799115896224976,
1.0798789262771606,
1.0798399448394775,
1.079790711402893,
1.0797539949417114,
1.0796691179275513,
1.0796632766723633,
1.0796318054199219,
1.079593539237976,
1.0795565843582153,
1.0795048475265503,
1.0794708728790283,
1.0794358253479004,
1.0793532133102417,
1.0793142318725586,
1.079280972480774,
1.0791336297988892,
1.079132080078125,
1.0790941715240479,
1.0790808200836182,
1.0790683031082153,
1.079176425933838,
1.079232931137085,
1.0792062282562256,
1.0790481567382812,
1.078909993171692,
1.0787718296051025,
1.0787115097045898,
1.078771948814392,
1.078619360923767,
1.0789192914962769,
1.078922986984253,
1.078890323638916,
1.0789035558700562,
1.0787180662155151,
1.0786794424057007,
1.078399896621704,
1.0783412456512451,
1.0778887271881104,
1.0782066583633423,
1.0781623125076294,
1.0781092643737793,
1.0780445337295532,
1.077993392944336,
1.0779348611831665,
1.077896237373352,
1.077845573425293,
1.0778526067733765,
1.0778765678405762,
1.0779788494110107,
1.078031063079834,
1.0780187845230103,
1.0778154134750366,
1.077671766281128,
1.0775372982025146,
1.0774673223495483,
1.0775930881500244,
1.0777732133865356,
1.077890157699585,
1.0779303312301636,
1.077939510345459,
1.0778636932373047,
1.0778090953826904,
1.0764706134796143,
1.0773699283599854,
1.0771437883377075,
1.0770630836486816,
1.0769946575164795,
1.0768965482711792,
1.076866626739502,
1.076788306236267,
1.076737880706787,
1.0766441822052002,
1.076616883277893,
1.0765974521636963,
1.0766264200210571,
1.0766205787658691,
1.0767161846160889,
1.0768039226531982,
1.076729416847229,
1.0765397548675537,
1.0763376951217651,
1.0761082172393799,
1.0760456323623657,
1.0761470794677734,
1.0762147903442383,
1.076321005821228,
1.0763208866119385,
1.0758929252624512,
1.0761809349060059,
1.076164722442627,
1.0759871006011963,
1.0754555463790894,
1.0754936933517456,
1.0754568576812744,
1.0755226612091064,
1.0750197172164917,
1.0753560066223145,
1.0753264427185059,
1.07502019405365,
1.0751312971115112,
1.0747038125991821,
1.0750411748886108,
1.0750735998153687,
1.075069546699524,
1.0751255750656128,
1.075250506401062,
1.0750069618225098,
1.074867844581604,
1.0746515989303589,
1.074697732925415,
1.0746124982833862,
1.074576735496521,
1.0747026205062866,
1.0747857093811035,
1.0740530490875244,
1.0747274160385132,
1.0747352838516235,
1.074670672416687,
1.0740944147109985,
1.0742782354354858,
1.0741558074951172,
1.073817253112793,
1.07378089427948,
1.0737406015396118,
1.0739104747772217,
1.0737498998641968,
1.0735836029052734,
1.0736974477767944,
1.0737009048461914,
1.0736292600631714,
1.073585867881775,
1.0735422372817993,
1.0733280181884766,
1.0735749006271362,
1.073192834854126,
1.073132872581482,
1.0731334686279297,
1.072652816772461,
1.0730615854263306,
1.0730842351913452,
1.0731264352798462,
1.0729312896728516,
1.0732582807540894,
1.073347568511963,
1.0733510255813599,
1.073318600654602,
1.073278546333313,
1.072922945022583,
1.0728203058242798,
1.0719420909881592,
1.0724506378173828,
1.0724953413009644,
1.072373390197754,
1.0723870992660522,
1.072260856628418,
1.0722870826721191,
1.0718002319335938,
1.0721046924591064,
1.0719692707061768,
1.071393370628357,
1.0718822479248047,
1.0716439485549927,
1.0715221166610718,
1.0714675188064575,
1.071519374847412,
1.0715175867080688,
1.0715237855911255,
1.0714969635009766,
1.0714982748031616,
1.071349024772644,
1.071510910987854,
1.071386456489563,
1.0710985660552979,
1.0709530115127563,
1.0712236166000366,
1.0713533163070679,
1.0711275339126587,
1.0705147981643677,
1.070444941520691,
1.0702450275421143,
1.0707080364227295,
1.0705277919769287,
1.0704232454299927,
1.069464921951294,
1.0704222917556763,
1.0690425634384155,
1.0700082778930664,
1.0703010559082031,
1.0702776908874512,
1.0703502893447876,
1.070738673210144,
1.0709950923919678,
1.0709426403045654,
1.070854902267456,
1.0708467960357666,
1.070771336555481,
1.070603847503662,
1.0712640285491943,
1.0710707902908325,
1.0710253715515137,
1.0711568593978882,
1.0714282989501953,
1.071000337600708,
1.0706572532653809,
1.0703412294387817,
1.0702927112579346,
1.0699427127838135,
1.0701158046722412,
1.0698634386062622,
1.0692460536956787,
1.0690891742706299,
1.0690456628799438,
1.0691851377487183,
1.0686017274856567,
1.0690977573394775,
1.06924307346344,
1.0691994428634644,
1.0690642595291138,
1.0687248706817627,
1.0689783096313477,
1.068629264831543,
1.0689388513565063,
1.0682158470153809,
1.0683879852294922,
1.068415880203247,
1.068442702293396,
1.069136142730713,
1.0687165260314941,
1.068941354751587,
1.068705439567566,
1.068968653678894,
1.0688353776931763,
1.0689681768417358,
1.06839120388031,
1.068005084991455,
1.0677546262741089,
1.0679566860198975,
1.0674480199813843,
1.0676052570343018,
1.0674259662628174,
1.0675123929977417,
1.0675561428070068,
1.0668268203735352,
1.0667520761489868,
1.0667718648910522,
1.0667219161987305,
1.0671253204345703,
1.0668411254882812,
1.0670024156570435,
1.0668132305145264,
1.0667136907577515,
1.0667921304702759,
1.066267490386963,
1.0665556192398071,
1.066843032836914,
1.0662024021148682,
1.0664039850234985,
1.066426157951355,
1.0668193101882935,
1.0664472579956055,
1.0666829347610474,
1.0663658380508423,
1.0663142204284668,
1.065467119216919,
1.0658105611801147,
1.0655298233032227,
1.0654754638671875,
1.0652742385864258,
1.0649656057357788,
1.0651822090148926,
1.0650091171264648,
1.0652903318405151,
1.0650935173034668,
1.0650126934051514,
1.0650264024734497,
1.0648993253707886,
1.0650012493133545,
1.0648964643478394,
1.064935564994812,
1.0638625621795654,
1.0638885498046875,
1.0642191171646118,
1.064164161682129,
1.0639618635177612,
1.0643422603607178,
1.0644564628601074,
1.064561367034912,
1.064335823059082,
1.0644781589508057,
1.064376711845398,
1.0635251998901367,
1.0639251470565796,
1.0634605884552002,
1.0629459619522095,
1.0632532835006714,
1.0631611347198486,
1.0628511905670166,
1.0629336833953857,
1.0630035400390625,
1.0625571012496948,
1.0626790523529053,
1.0626420974731445,
1.0626341104507446,
1.0620288848876953,
1.062701940536499,
1.0626003742218018,
1.0626004934310913,
1.0623167753219604,
1.0622565746307373,
1.0621904134750366,
1.0616426467895508,
1.0608232021331787,
1.0616337060928345,
1.0621306896209717,
1.0613824129104614,
1.0617094039916992,
1.0616897344589233,
1.062088966369629,
1.0613809823989868,
1.0617074966430664,
1.0615254640579224,
1.0612647533416748,
1.0604170560836792,
1.0602947473526,
1.0604026317596436,
1.060907006263733,
1.0606473684310913,
1.0602924823760986,
1.0602052211761475,
1.0604010820388794,
1.0603054761886597,
1.0598714351654053,
1.0600059032440186,
1.0599292516708374,
1.0599628686904907,
1.0596098899841309,
1.0596582889556885,
1.059554100036621,
1.059720754623413,
1.0593223571777344,
1.0594817399978638,
1.0594213008880615,
1.0592758655548096,
1.058364748954773,
1.0597705841064453,
1.0597249269485474,
1.059378743171692,
1.0596091747283936,
1.0596562623977661,
1.0594968795776367,
1.059036135673523,
1.0589340925216675,
1.0589648485183716,
1.0585269927978516,
1.0581940412521362,
1.0580971240997314,
1.0577466487884521,
1.057247281074524,
1.0558406114578247,
1.0549277067184448,
1.0564855337142944,
1.0559369325637817,
1.0566450357437134,
1.0558949708938599,
1.0563368797302246,
1.0564088821411133,
1.0557448863983154,
1.0557007789611816,
1.0559722185134888,
1.055830478668213,
1.0556530952453613,
1.0555541515350342,
1.0556613206863403,
1.0553975105285645,
1.0555856227874756,
1.0544562339782715,
1.0553984642028809,
1.0556553602218628,
1.0555528402328491,
1.0549319982528687,
1.0548698902130127,
1.0546956062316895,
1.0542528629302979,
1.0545591115951538,
1.0544261932373047,
1.0542213916778564,
1.0539900064468384,
1.0536105632781982,
1.054104208946228,
1.0538482666015625,
1.0530874729156494,
1.053282618522644,
1.053526759147644,
1.053566813468933,
1.0533857345581055,
1.052749752998352,
1.052790880203247,
1.0528435707092285,
1.0526540279388428,
1.0527856349945068,
1.0523308515548706,
1.0525400638580322,
1.0527892112731934,
1.052743673324585,
1.0527909994125366,
1.052349328994751,
1.0524697303771973,
1.0508898496627808,
1.0517337322235107,
1.0515981912612915,
1.0512715578079224,
1.0517463684082031,
1.051060438156128,
1.0512473583221436,
1.050871729850769,
1.0506552457809448,
1.0506680011749268,
1.050376057624817,
1.0502902269363403,
1.0507347583770752,
1.050368309020996,
1.050412654876709,
1.0505657196044922,
1.050126552581787,
1.0494681596755981,
1.0497885942459106,
1.0498464107513428,
1.0494728088378906,
1.0497021675109863,
1.0496344566345215,
1.049803376197815,
1.0494571924209595,
1.0495305061340332,
1.0495766401290894,
1.0491527318954468,
1.0493717193603516,
1.0491007566452026,
1.048681616783142,
1.0482364892959595,
1.0479702949523926,
1.0481897592544556,
1.0475318431854248,
1.047280192375183,
1.0478458404541016,
1.0472716093063354,
1.0473703145980835,
1.0467827320098877,
1.046732783317566,
1.0464574098587036,
1.046088695526123,
1.0464634895324707,
1.0461804866790771,
1.0459316968917847,
1.0459010601043701,
1.0457823276519775,
1.045166015625,
1.0453124046325684,
1.045598030090332,
1.0450702905654907,
1.0448172092437744,
1.0452717542648315,
1.045135259628296,
1.0450435876846313,
1.044987440109253,
1.0444812774658203,
1.0447734594345093,
1.044087290763855,
1.0441025495529175,
1.0434318780899048,
1.0437123775482178,
1.0432945489883423,
1.0429269075393677,
1.0419713258743286,
1.0427594184875488,
1.042742133140564,
1.0429470539093018,
1.0424970388412476,
1.0422844886779785,
1.0417401790618896,
1.0412194728851318,
1.0416555404663086,
1.0416953563690186,
1.040993571281433,
1.0412535667419434,
1.0409889221191406,
1.0406479835510254,
1.0407078266143799,
1.0407439470291138,
1.0405186414718628,
1.039958119392395,
1.0400195121765137,
1.0398141145706177,
1.0394954681396484,
1.0389128923416138,
1.0389283895492554,
1.038560152053833,
1.0386085510253906,
1.0381747484207153,
1.0380741357803345,
1.038022518157959,
1.037649154663086,
1.0374469757080078,
1.0373841524124146,
1.0369714498519897,
1.036977767944336,
1.0365052223205566,
1.0363749265670776,
1.0361058712005615,
1.0361324548721313,
1.0356124639511108,
1.0354794263839722,
1.0352718830108643,
1.0353355407714844,
1.0341845750808716,
1.0345474481582642,
1.0344187021255493,
1.0342299938201904,
1.0336990356445312,
1.0338903665542603,
1.0335843563079834,
1.0336254835128784,
1.0330164432525635,
1.0327880382537842,
1.0326683521270752,
1.0324132442474365,
1.032090187072754,
1.0319993495941162,
1.0316379070281982,
1.031572699546814,
1.0310548543930054,
1.0307655334472656,
1.030519723892212,
1.0303070545196533,
1.029934048652649,
1.02994966506958,
1.0297096967697144,
1.0294456481933594,
1.0279115438461304,
1.0287153720855713,
1.02858304977417,
1.0284217596054077,
1.02786386013031,
1.027573823928833,
1.0274662971496582,
1.0269609689712524,
1.0268100500106812,
1.0266112089157104,
1.0258057117462158,
1.0257649421691895,
1.0253695249557495,
1.025220274925232,
1.0249351263046265,
1.0246652364730835,
1.0242060422897339,
1.023694634437561,
1.0231812000274658,
1.0228216648101807,
1.0227220058441162,
1.0219930410385132,
1.021781325340271,
1.0211730003356934,
1.0210294723510742,
1.0206706523895264,
1.0202239751815796,
1.0198110342025757,
1.0192062854766846,
1.0188767910003662,
1.0183478593826294,
1.018057942390442,
1.017640471458435,
1.0170891284942627,
1.0164765119552612,
1.0157763957977295,
1.0156052112579346,
1.0156227350234985,
1.0146902799606323,
1.014206886291504,
1.0140702724456787,
1.0131640434265137,
1.0126813650131226,
1.0123740434646606,
1.0121521949768066,
1.0115633010864258,
1.0109597444534302,
1.0106499195098877,
1.009993553161621,
1.009684443473816,
1.0090012550354004,
1.008836030960083,
1.008435606956482,
1.0076528787612915,
1.0071232318878174,
1.0065696239471436,
1.0061625242233276,
1.0059003829956055,
1.0053212642669678,
1.004873275756836,
1.0045889616012573,
1.003930687904358,
1.0034756660461426,
1.0030384063720703,
1.0025540590286255,
1.0024020671844482,
1.0013316869735718,
1.0012669563293457,
1.0006932020187378,
0.9997577667236328,
0.9995093941688538,
0.9990720748901367,
0.9984241127967834,
0.998316764831543,
0.9976261258125305,
0.9975150227546692,
0.9969711899757385,
0.9964591264724731,
0.9959996938705444,
0.9953951239585876,
0.9948506355285645,
0.9938284158706665,
0.993252158164978,
0.9925850629806519,
0.9917201995849609,
0.9912415146827698,
0.9905468225479126,
0.9897509217262268,
0.9892725348472595,
0.9886215925216675,
0.9881271719932556,
0.987271785736084,
0.9863343238830566,
0.9861234426498413,
0.9855791330337524,
0.9850932955741882,
0.9841570854187012,
0.9834922552108765,
0.983232855796814,
0.9825989603996277,
0.9820427298545837,
0.9812230467796326,
0.9804893136024475,
0.9802964925765991,
0.9798621535301208,
0.9792932868003845,
0.9787552952766418,
0.9780138731002808,
0.9773294925689697,
0.9767200946807861,
0.9760070443153381,
0.9751687049865723,
0.9745372533798218,
0.974010705947876,
0.9730806350708008,
0.971977949142456,
0.9715109467506409,
0.9706857800483704,
0.9700450301170349,
0.9691568613052368,
0.9687723517417908,
0.9682068824768066,
0.9670260548591614,
0.9666114449501038,
0.9658676981925964,
0.9651482701301575,
0.964435875415802,
0.9639223217964172,
0.9631319642066956,
0.9621449708938599,
0.9616127014160156,
0.9609877467155457,
0.9604253768920898,
0.9596059322357178,
0.9578494429588318,
0.9582329392433167,
0.9578142762184143,
0.9574297666549683,
0.9568406343460083,
0.9559606313705444,
0.9551652073860168,
0.9546758532524109,
0.9538244605064392,
0.953275740146637,
0.9523588418960571,
0.951724648475647,
0.9505943059921265,
0.9497674107551575,
0.9493894577026367,
0.9487440586090088,
0.947948694229126,
0.9472337365150452,
0.9466983079910278,
0.9457346200942993,
0.9451677799224854,
0.94444340467453,
0.9437069892883301,
0.942841112613678,
0.9424455761909485,
0.9416162371635437,
0.9409171342849731,
0.9397878646850586,
0.9393372535705566,
0.9383648633956909,
0.9374927878379822,
0.9368452429771423,
0.9367393851280212,
0.9355310201644897,
0.9350311160087585,
0.9334062337875366,
0.9339410662651062,
0.9330700039863586,
0.9326035976409912,
0.9318096041679382,
0.9311002492904663,
0.9302147030830383,
0.9292232394218445,
0.9284244775772095,
0.9272589683532715,
0.9267682433128357,
0.9262827038764954,
0.9252631664276123,
0.9246298670768738,
0.9236618876457214,
0.9230159521102905,
0.9220337867736816,
0.9213321208953857,
0.9200888276100159,
0.9197118282318115,
0.9188545346260071,
0.9180718064308167,
0.9173111915588379,
0.9166110754013062,
0.9156962633132935,
0.9150031208992004,
0.9139954447746277,
0.9129517078399658,
0.9127500057220459,
0.9118686318397522,
0.9111499190330505,
0.9103829860687256,
0.9094111919403076,
0.9089983701705933,
0.9080111384391785,
0.907059907913208,
0.9061710834503174,
0.9052567481994629,
0.9046444296836853,
0.9035698771476746,
0.9024509191513062,
0.9018024802207947,
0.901037871837616,
0.900236189365387,
0.8992738127708435,
0.8985286355018616,
0.8976715207099915,
0.8965652585029602,
0.89609295129776,
0.8955183029174805,
0.8940731287002563,
0.8932945132255554,
0.892338216304779,
0.8920814990997314,
0.8904848098754883,
0.889885663986206,
0.889286994934082,
0.8878343105316162,
0.8867266178131104,
0.8859789371490479,
0.8847063779830933,
0.8841249346733093,
0.883060872554779,
0.8822042942047119,
0.8812212347984314,
0.8803537487983704,
0.8803537487983704,
0.8803537487983704,
0.0,
0.0,
0.0,
0.0,
0.0,
0.0,
0.0,
0.0,
0.0,
0.0,
0.0,
0.0,
0.0,
0.0,
0.0,
0.0,
0.0,
0.0,
0.0,
0.0,
0.0,
0.0,
0.0,
0.0,
0.0,
0.0,
0.0,
0.0,
0.0,
0.0,
0.0,
0.0,
0.0,
0.0,
0.0,
0.0,
0.0,
0.0,
0.0,
0.0,
0.0,
0.0,
0.0,
0.0,
0.0,
0.0,
0.0,
0.0,
0.0,
0.0,
0.0,
0.0,
0.0,
0.0,
0.0,
0.0,
0.0,
0.0,
0.0,
0.0,
0.0,
0.0,
0.0,
0.0,
0.0,
0.0,
0.0,
0.0,
0.0,
0.0,
0.0,
0.0,
0.0,
0.0,
0.0,
0.0,
0.0,
0.0,
0.0,
0.0,
0.0,
0.0,
0.0,
0.0,
0.0,
0.0,
0.0,
0.0,
0.0,
0.0,
0.0,
0.0,
0.0,
0.0,
0.0,
0.0,
0.0,
0.0,
0.0,
0.0,
0.0,
0.0,
0.0,
0.0,
0.0,
0.0,
0.0,
0.0,
0.0,
0.0,
0.0,
0.0,
0.0,
0.0,
0.0,
0.0,
0.0,
0.0,
0.0,
0.0,
0.0,
0.0,
0.0,
0.0,
0.0,
0.0,
0.0,
0.0,
0.0,
0.0,
0.0,
0.0,
0.0,
0.0,
0.0,
0.0,
0.0,
0.0,
0.0,
0.0,
0.0,
0.0,
0.0,
0.0,
0.0,
0.0,
0.0,
0.0,
0.0,
0.0,
0.0,
0.0,
0.0,
0.0,
0.0,
0.0,
0.0,
0.0,
0.0,
0.0,
0.0,
0.0,
0.0,
0.0,
0.0,
0.0,
0.0,
0.0,
0.0,
0.0,
0.0,
0.0,
0.0,
0.0,
0.0,
0.0,
0.0,
0.0,
0.0,
0.0,
0.0,
0.0,
0.0,
0.0,
0.0,
0.0,
0.0,
0.0,
0.0,
0.0,
0.0,
0.0,
0.0,
0.0,
0.0,
0.0,
0.0,
0.0,
0.0,
0.0,
0.0,
0.0,
0.0,
0.0,
0.0,
0.0,
0.0,
0.0,
0.0,
0.0,
0.0,
0.0,
0.0,
0.0,
0.0,
0.0,
0.0,
0.0,
0.0,
0.0,
0.0,
0.0,
0.0,
0.0,
0.0,
0.0,
0.0,
0.0,
0.0,
0.0,
0.0,
0.0,
0.0,
0.0,
0.0,
0.0,
0.0,
0.0,
0.0,
0.0,
0.0,
0.0,
0.0,
0.0,
0.0,
0.0,
0.0,
0.0,
0.0,
0.0,
0.0,
0.0,
0.0,
0.0,
0.0,
0.0,
0.0,
0.0,
0.0,
0.0,
0.0,
0.0,
0.0,
0.0,
0.0,
0.0,
0.0,
0.0,
0.0,
0.0,
0.0,
0.0,
0.0,
0.0,
0.0,
0.0,
0.0,
0.0,
0.0,
0.0,
0.0,
0.0,
0.0,
0.0,
0.0,
0.0,
0.0,
0.0,
0.0,
0.0,
0.0,
0.0,
0.0,
0.0,
0.0,
0.0,
0.0,
0.0,
0.0,
0.0,
0.0,
0.0,
0.0,
0.0,
0.0,
0.0,
0.0,
0.0,
0.0,
0.0,
0.0,
0.0,
0.0,
0.0,
0.0,
0.0,
0.0,
0.0,
0.0,
0.0,
0.0,
0.0,
0.0,
0.0,
0.0,
0.0,
0.0,
0.0,
0.0,
0.0,
0.0,
0.0,
0.0,
0.0,
0.0,
0.0,
0.0,
0.0,
0.0,
0.0,
0.0,
0.0,
0.0,
0.0,
0.0,
0.0,
0.0,
0.0,
0.0,
0.0,
0.0,
0.0,
0.0,
0.0,
0.0,
0.0,
0.0,
0.0,
0.0,
0.0,
0.0,
0.0,
0.0,
0.0,
0.0,
0.0,
0.0,
0.0,
0.0,
0.0,
0.0,
0.0,
0.0,
0.0,
0.0,
0.0,
0.0,
0.0,
0.0,
0.0,
0.0,
0.0,
0.0,
0.0,
0.0,
0.0,
0.0,
0.0,
0.0,
0.0,
0.0,
0.0,
0.0,
0.0,
0.0,
0.0,
0.0,
0.0,
0.0,
0.0,
0.0,
0.0,
0.0,
0.0,
0.0,
0.0,
0.0,
0.0,
0.0,
0.0,
0.0,
0.0,
0.0,
0.0,
0.0,
0.0,
0.0,
0.0,
0.0,
0.0,
0.0,
0.0,
0.0,
0.0,
0.0,
0.0,
0.0,
0.0,
0.0,
0.0,
0.0,
0.0,
0.0,
0.0,
0.0,
0.0,
0.0,
0.0,
0.0,
0.0,
0.0,
0.0,
0.0,
0.0,
0.0,
0.0,
0.0,
0.0,
0.0,
0.0,
0.0,
0.0,
0.0,
0.0,
0.0,
0.0,
0.0,
0.0,
0.0,
0.0,
0.0,
0.0,
0.0,
0.0,
0.0,
0.0,
0.0,
0.0,
0.0,
0.0,
0.0,
0.0,
0.0,
0.0,
0.0,
0.0,
0.0,
0.0,
0.0,
0.0,
0.0,
0.0,
0.0,
0.0,
0.0,
0.0,
0.0,
0.0,
0.0,
0.0,
0.0,
0.0,
0.0,
0.0,
0.0,
0.0,
0.0,
0.0,
0.0,
0.0,
0.0,
0.0,
0.0,
0.0,
0.0,
0.0,
0.0,
0.0,
0.0,
0.0,
0.0,
0.0,
0.0,
0.0,
0.0,
0.0,
0.0,
0.0,
0.0,
0.0,
0.0,
0.0,
0.0,
0.0,
0.0,
0.0,
0.0,
0.0,
0.0,
0.0,
0.0,
0.0,
0.0,
0.0,
0.0,
0.0,
0.0,
0.0,
0.0,
0.0,
0.0,
0.0,
0.0,
0.0,
0.0,
0.0,
0.0,
0.0,
0.0,
0.0,
0.0,
0.0,
0.0,
0.0,
0.0,
0.0,
0.0,
0.0,
0.0,
0.0,
0.0,
0.0,
0.0,
0.0,
0.0,
0.0,
0.0,
0.0,
0.0,
0.0,
0.0,
0.0,
0.0,
0.0,
0.0,
0.0,
0.0,
0.0,
0.0,
0.0,
0.0,
0.0,
0.0,
0.0,
0.0,
0.0,
0.0,
0.0,
0.0,
0.0,
0.0,
0.0,
0.0,
0.0,
0.0,
0.0,
0.0,
0.0,
0.0,
0.0,
0.0,
0.0,
0.0,
0.0,
0.0,
0.0,
0.0,
0.0,
0.0,
0.0,
0.0,
0.0,
0.0,
0.0,
0.0,
0.0,
0.0,
0.0,
0.0,
0.0,
0.0,
0.0,
0.0,
0.0,
0.0,
0.0,
0.0,
0.0,
0.0,
0.0,
0.0,
0.0,
0.0,
0.0,
0.0,
0.0,
0.0,
0.0,
0.0,
0.0,
0.0,
0.0,
0.0,
0.0,
0.0,
0.0,
0.0,
0.0,
0.0,
0.0,
0.0,
0.0,
0.0,
0.0,
0.0,
0.0,
0.0,
0.0,
0.0,
0.0,
0.0,
0.0,
0.0,
0.0,
0.0,
0.0,
0.0,
0.0,
0.0,
0.0,
0.0,
0.0,
0.0,
0.0,
0.0,
0.0,
0.0,
0.0,
0.0,
0.0,
0.0,
0.0,
0.0,
0.0,
0.0,
0.0,
0.0,
0.0,
0.0,
0.0,
0.0,
0.0,
0.0,
0.0,
0.0,
0.0,
0.0,
0.0,
0.0,
0.0,
0.0,
0.0,
0.0,
0.0,
0.0,
0.0,
0.0,
0.0,
0.0,
0.0,
0.0,
0.0,
0.0,
0.0,
0.0,
0.0,
0.0,
0.0,
0.0,
0.0,
0.0,
0.0,
0.0,
0.0,
0.0,
0.0,
0.0,
0.0,
0.0,
0.0,
0.0,
0.0,
0.0,
0.0,
0.0,
0.0,
0.0,
0.0,
0.0,
0.0,
0.0,
0.0,
0.0,
0.0,
0.0,
0.0,
0.0,
0.0,
0.0,
0.0,
0.0,
0.0,
0.0,
0.0,
0.0,
0.0,
0.0,
0.0,
0.0,
0.0,
0.0,
0.0,
0.0,
0.0,
0.0,
0.0,
0.0,
0.0,
0.0,
0.0,
0.0,
0.0,
0.0,
0.0,
0.0,
0.0,
0.0,
0.0,
0.0,
0.0,
0.0,
0.0,
0.0,
0.0,
0.0,
0.0,
0.0,
0.0,
0.0,
0.0,
0.0,
0.0,
0.0,
0.0,
0.0,
0.0,
0.0,
0.0,
0.0,
0.0,
0.0,
0.0,
0.0,
0.0,
0.0,
0.0,
0.0,
0.0,
0.0,
0.0,
0.0,
0.0,
0.0,
0.0,
0.0,
0.0,
0.0,
0.0,
0.0,
0.0,
0.0,
0.0,
0.0,
0.0,
0.0,
0.0,
0.0,
0.0,
0.0,
0.0,
0.0,
0.0,
0.0,
0.0,
0.0,
0.0,
0.0,
0.0,
0.0,
0.0,
0.0,
0.0,
0.0,
0.0,
0.0,
0.0,
0.0,
0.0,
0.0,
0.0,
0.0,
0.0,
0.0,
0.0,
0.0,
0.0,
0.0,
0.0,
0.0,
0.0,
0.0,
0.0,
0.0,
0.0,
0.0,
0.0,
0.0,
0.0,
0.0,
0.0,
0.0,
0.0,
0.0,
0.0,
0.0,
0.0,
0.0,
0.0,
0.0,
0.0,
0.0,
0.0,
0.0,
0.0,
0.0,
0.0,
0.0,
0.0,
0.0,
0.0,
0.0,
0.0,
0.0,
0.0,
0.0,
0.0,
0.0,
0.0,
0.0,
0.0,
0.0,
0.0,
0.0,
0.0,
0.0,
0.0,
0.0,
0.0,
0.0,
0.0,
0.0,
0.0,
0.0,
0.0,
0.0,
0.0,
0.0,
0.0,
0.0,
0.0,
0.0,
0.0,
0.0,
0.0,
0.0,
0.0,
0.0,
0.0,
0.0,
0.0,
0.0,
0.0,
0.0,
0.0,
0.0,
0.0,
0.0,
0.0,
0.0,
0.0,
0.0,
0.0,
0.0,
0.0,
0.0,
0.0,
0.0,
0.0,
0.0,
0.0,
0.0,
0.0,
0.0,
0.0,
0.0,
0.0,
0.0,
0.0,
0.0,
0.0,
0.0,
0.0,
0.0,
0.0,
0.0,
0.0,
0.0,
0.0,
0.0,
0.0,
0.0,
0.0,
0.0,
0.0,
0.0,
0.0,
0.0,
0.0,
0.0,
0.0,
0.0,
0.0,
0.0,
0.0,
0.0,
0.0,
0.0,
0.0,
0.0,
0.0,
0.0,
0.0,
0.0,
0.0,
0.0,
0.0,
0.0,
0.0,
0.0,
0.0,
0.0,
0.0,
0.0,
0.0,
0.0,
0.0,
0.0,
0.0,
0.0,
0.0,
0.0,
0.0,
0.0,
0.0,
0.0,
0.0,
0.0,
0.0,
0.0,
0.0,
0.0,
0.0,
0.0,
0.0,
0.0,
0.0,
0.0,
0.0,
0.0,
0.0,
0.0,
0.0,
0.0,
0.0,
0.0,
0.0,
0.0,
0.0,
0.0,
0.0,
0.0,
0.0,
0.0,
0.0,
0.0,
0.0,
0.0,
0.0,
0.0,
0.0,
0.0,
0.0,
0.0,
0.0,
0.0,
0.0,
0.0,
0.0,
0.0,
0.0,
0.0,
0.0,
0.0,
0.0,
0.0,
0.0,
0.0,
0.0,
0.0,
0.0,
0.0,
0.0,
0.0,
0.0,
0.0,
0.0,
0.0,
0.0,
0.0,
0.0,
0.0,
0.0,
0.0,
0.0,
0.0,
0.0,
0.0,
0.0,
0.0,
0.0,
0.0,
0.0,
0.0,
0.0,
0.0,
0.0,
0.0,
0.0,
0.0,
0.0,
0.0,
0.0,
0.0,
0.0,
0.0,
0.0,
0.0,
0.0,
0.0,
0.0,
0.0,
0.0,
0.0,
0.0,
0.0,
0.0,
0.0,
0.0,
0.0,
0.0,
0.0,
0.0,
0.0,
0.0,
0.0,
0.0,
0.0,
0.0,
0.0,
0.0,
0.0,
0.0,
0.0,
0.0,
0.0,
0.0,
0.0,
0.0,
0.0,
0.0,
0.0,
0.0,
0.0,
0.0,
0.0,
0.0,
0.0,
0.0,
0.0,
0.0,
0.0,
0.0,
0.0,
0.0,
0.0,
0.0,
0.0,
0.0,
0.0,
0.0,
0.0,
0.0,
0.0,
0.0,
0.0,
0.0,
0.0,
0.0,
0.0,
0.0,
0.0,
0.0,
0.0,
0.0,
0.0,
0.0,
0.0,
0.0,
0.0,
0.0,
0.0,
0.0,
0.0,
0.0,
0.0,
0.0,
0.0,
0.0,
0.0,
0.0,
0.0,
0.0,
0.0,
0.0,
0.0,
0.0,
0.0,
0.0,
0.0,
0.0,
0.0,
0.0,
0.0,
0.0,
0.0,
0.0,
0.0,
0.0,
0.0,
0.0,
0.0,
0.0,
0.0,
0.0,
0.0,
0.0,
0.0,
0.0,
0.0,
0.0,
0.0,
0.0,
0.0,
0.0,
0.0,
0.0,
0.0,
0.0,
0.0,
0.0,
0.0,
0.0,
0.0,
0.0,
0.0,
0.0,
0.0,
0.0,
0.0,
0.0,
0.0,
0.0,
0.0,
0.0,
0.0,
0.0,
0.0,
0.0,
0.0,
0.0,
0.0,
0.0,
0.0,
0.0,
0.0,
0.0,
0.0,
0.0,
0.0,
0.0,
0.0,
0.0,
0.0,
0.0,
0.0,
0.0,
0.0,
0.0,
0.0,
0.0,
0.0,
0.0,
0.0,
0.0,
0.0,
0.0,
0.0,
0.0,
0.0,
0.0,
0.0,
0.0,
0.0,
0.0,
0.0,
0.0,
0.0,
0.0,
0.0,
0.0,
0.0,
0.0,
0.0,
0.0,
0.0,
0.0,
0.0,
0.0,
0.0,
0.0,
0.0,
0.0,
0.0,
0.0,
0.0,
0.0,
0.0,
0.0,
0.0,
0.0,
0.0,
0.0,
0.0,
0.0,
0.0,
0.0,
0.0,
0.0,
0.0,
0.0,
0.0,
0.0,
0.0,
0.0,
0.0,
0.0,
0.0,
0.0,
0.0,
0.0,
0.0,
0.0,
0.0,
0.0,
0.0,
0.0,
0.0,
0.0,
0.0,
0.0,
0.0,
0.0,
0.0,
0.0,
0.0,
0.0,
0.0,
0.0,
0.0,
0.0,
0.0,
0.0,
0.0,
0.0,
0.0,
0.0,
0.0,
0.0,
0.0,
0.0,
0.0,
0.0,
0.0,
0.0,
0.0,
0.0,
0.0,
0.0,
0.0,
0.0,
0.0,
0.0,
0.0,
0.0,
0.0,
0.0,
0.0,
0.0,
0.0,
0.0,
0.0,
0.0,
0.0,
0.0,
0.0,
0.0,
