1.0499999523162842,
1.0799223184585571,
1.0813153982162476,
1.0822340250015259,
1.0827312469482422,
1.083030343055725,
1.0833386182785034,
1.083683967590332,
1.0837147235870361,
1.0837817192077637,
1.0839587450027466,
1.0880534648895264,
1.0858101844787598,
1.085764765739441,
1.0855525732040405,
1.085541844367981,
1.0855430364608765,
1.0856423377990723,
1.0855847597122192,
1.0855571031570435,
1.0855352878570557,
1.0855668783187866,
1.0855838060379028,
1.0857263803482056,
1.085806131362915,
1.0858525037765503,
1.0858128070831299,
1.085780382156372,
1.085762619972229,
1.0857949256896973,
1.085870385169983,
1.0857938528060913,
1.0858334302902222,
1.0858120918273926,
1.0857460498809814,
1.0857703685760498,
1.0857365131378174,
1.0857094526290894,
1.0857694149017334,
1.0857871770858765,
1.0858465433120728,
1.0858838558197021,
1.08589768409729,
1.085939884185791,
1.0860239267349243,
1.0859477519989014,
1.0859320163726807,
1.0860084295272827,
1.08588707447052,
1.0858484506607056,
1.085832953453064,
1.0857934951782227,
1.0857362747192383,
1.0857572555541992,
1.0857081413269043,
1.085731863975525,
1.0858471393585205,
1.0858817100524902,
1.0858758687973022,
1.0859100818634033,
1.0858312845230103,
1.0857758522033691,
1.0857107639312744,
1.0859229564666748,
1.0861339569091797,
1.0862313508987427,
1.0862147808074951,
1.08567476272583,
1.0855599641799927,
1.085524559020996,
1.085519552230835,
1.0856328010559082,
1.0856695175170898,
1.0857404470443726,
1.0856585502624512,
1.0856990814208984,
1.085638403892517,
1.0855705738067627,
1.0855302810668945,
1.085444688796997,
1.085377812385559,
1.0853371620178223,
1.0852810144424438,
1.0851364135742188,
1.0851826667785645,
1.0851970911026,
1.0852234363555908,
1.0852055549621582,
1.0852864980697632,
1.085299015045166,
1.0852487087249756,
1.085371494293213,
1.0852417945861816,
1.0852272510528564,
1.0852254629135132,
1.0850900411605835,
1.085123896598816,
1.0850123167037964,
1.0849536657333374,
1.0849404335021973,
1.084944725036621,
1.0849578380584717,
1.0849717855453491,
1.0849809646606445,
1.0851058959960938,
1.0849565267562866,
1.08490788936615,
1.0848944187164307,
1.0848736763000488,
1.084781527519226,
1.0847218036651611,
1.0846120119094849,
1.0845947265625,
1.0845439434051514,
1.0844988822937012,
1.0845441818237305,
1.0845171213150024,
1.084441065788269,
1.084410548210144,
1.084593653678894,
1.0846986770629883,
1.0846694707870483,
1.0846409797668457,
1.0845835208892822,
1.0844945907592773,
1.08449387550354,
1.0845143795013428,
1.0844651460647583,
1.084464430809021,
1.0844281911849976,
1.0844687223434448,
1.0844334363937378,
1.0843452215194702,
1.0841988325119019,
1.084235668182373,
1.0841704607009888,
1.0841549634933472,
1.0841642618179321,
1.0842218399047852,
1.0841624736785889,
1.0841635465621948,
1.0841108560562134,
1.0840343236923218,
1.0839544534683228,
1.0838717222213745,
1.083905577659607,
1.0839182138442993,
1.0839570760726929,
1.0839593410491943,
1.0839598178863525,
1.083796739578247,
1.0836317539215088,
1.0836511850357056,
1.083616018295288,
1.0836091041564941,
1.0835862159729004,
1.0835845470428467,
1.0835834741592407,
1.0836747884750366,
1.083643913269043,
1.083601474761963,
1.083612084388733,
1.0835543870925903,
1.0834684371948242,
1.0834323167800903,
1.0833754539489746,
1.083287239074707,
1.0832011699676514,
1.0832188129425049,
1.083229660987854,
1.0832256078720093,
1.0834040641784668,
1.083444356918335,
1.0833940505981445,
1.0832394361495972,
1.0831283330917358,
1.083111047744751,
1.0830775499343872,
1.0831955671310425,
1.083358645439148,
1.0833983421325684,
1.0833951234817505,
1.0833685398101807,
1.083251714706421,
1.0831750631332397,
1.0829659700393677,
1.0830148458480835,
1.0830316543579102,
1.082977533340454,
1.0829013586044312,
1.0828804969787598,
1.0828025341033936,
1.0827243328094482,
1.0826709270477295,
1.0826250314712524,
1.0826197862625122,
1.0826597213745117,
1.0827546119689941,
1.082885980606079,
1.0828659534454346,
1.0827211141586304,
1.082549810409546,
1.0824824571609497,
1.0823527574539185,
1.0825661420822144,
1.082757592201233,
1.0828852653503418,
1.0829602479934692,
1.0829967260360718,
1.0829170942306519,
1.0828224420547485,
1.082566738128662,
1.0822521448135376,
1.0822056531906128,
1.0821924209594727,
1.0821194648742676,
1.0820826292037964,
1.0820720195770264,
1.0820190906524658,
1.0819827318191528,
1.0819182395935059,
1.0819069147109985,
1.0819478034973145,
1.081990361213684,
1.0821501016616821,
1.0822335481643677,
1.0820882320404053,
1.0819135904312134,
1.081771969795227,
1.0817499160766602,
1.0817291736602783,
1.0818613767623901,
1.0819849967956543,
1.0820019245147705,
1.081970453262329,
1.0819283723831177,
1.0818729400634766,
1.0817830562591553,
1.0815553665161133,
1.081557035446167,
1.0815038681030273,
1.081465482711792,
1.0814321041107178,
1.0813533067703247,
1.081263542175293,
1.0811941623687744,
1.0811816453933716,
1.0811606645584106,
1.0811774730682373,
1.0812087059020996,
1.0812902450561523,
1.0813939571380615,
1.0813816785812378,
1.0812369585037231,
1.081092119216919,
1.0810554027557373,
1.0809911489486694,
1.081032395362854,
1.0811805725097656,
1.0812634229660034,
1.08132803440094,
1.081282138824463,
1.081238865852356,
1.0811998844146729,
1.0810304880142212,
1.0808043479919434,
1.080803394317627,
1.0807305574417114,
1.0806446075439453,
1.0806008577346802,
1.0805367231369019,
1.0804773569107056,
1.0804426670074463,
1.080356478691101,
1.0803545713424683,
1.0802794694900513,
1.0803241729736328,
1.080430269241333,
1.0804815292358398,
1.08037531375885,
1.0803000926971436,
1.080273985862732,
1.080161690711975,
1.0801621675491333,
1.080278754234314,
1.0803786516189575,
1.080479621887207,
1.0804930925369263,
1.0804921388626099,
1.0804945230484009,
1.0804991722106934,
1.0802017450332642,
1.079943060874939,
1.0800201892852783,
1.0799610614776611,
1.0798848867416382,
1.079850196838379,
1.079797387123108,
1.0797425508499146,
1.079707384109497,
1.0796536207199097,
1.0796152353286743,
1.079582929611206,
1.079573392868042,
1.0795425176620483,
1.0795105695724487,
1.079601526260376,
1.0795868635177612,
1.0796042680740356,
1.0794105529785156,
1.0793734788894653,
1.0793946981430054,
1.0794339179992676,
1.0794875621795654,
1.0794756412506104,
1.0794482231140137,
1.0794613361358643,
1.079337239265442,
1.0791411399841309,
1.0791093111038208,
1.0790736675262451,
1.0790308713912964,
1.079012155532837,
1.0789997577667236,
1.0789576768875122,
1.078943133354187,
1.07895827293396,
1.078925371170044,
1.0789070129394531,
1.0792268514633179,
1.0796726942062378,
1.079862356185913,
1.0797830820083618,
1.0797587633132935,
1.0796571969985962,
1.0796064138412476,
1.0798066854476929,
1.0800514221191406,
1.0802030563354492,
1.0803507566452026,
1.0804368257522583,
1.0804888010025024,
1.080464482307434,
1.0804533958435059,
1.0801029205322266,
1.0797704458236694,
1.0795232057571411,
1.0793179273605347,
1.0792198181152344,
1.0791383981704712,
1.0790989398956299,
1.0790623426437378,
1.0790234804153442,
1.0790181159973145,
1.0789891481399536,
1.078924298286438,
1.0789951086044312,
1.0790668725967407,
1.0789909362792969,
1.078824758529663,
1.0787440538406372,
1.0786654949188232,
1.0786471366882324,
1.0788689851760864,
1.0790183544158936,
1.0791409015655518,
1.0792207717895508,
1.0792734622955322,
1.0792697668075562,
1.0793126821517944,
1.0791715383529663,
1.0788925886154175,
1.078690528869629,
1.0784997940063477,
1.0783615112304688,
1.078269600868225,
1.0782192945480347,
1.078148603439331,
1.0781941413879395,
1.0781720876693726,
1.0781235694885254,
1.0781115293502808,
1.0781264305114746,
1.0782268047332764,
1.078187346458435,
1.0781056880950928,
1.0779345035552979,
1.07783043384552,
1.077721118927002,
1.0778692960739136,
1.0780572891235352,
1.0782227516174316,
1.0783082246780396,
1.0784097909927368,
1.0784451961517334,
1.0784393548965454,
1.0784180164337158,
1.0781160593032837,
1.077859878540039,
1.077675700187683,
1.0775153636932373,
1.07743501663208,
1.077347755432129,
1.0773003101348877,
1.0772712230682373,
1.07723867893219,
1.0772604942321777,
1.0772508382797241,
1.0772287845611572,
1.0773696899414062,
1.0774385929107666,
1.0773662328720093,
1.0772254467010498,
1.0770915746688843,
1.0769926309585571,
1.0769437551498413,
1.0771328210830688,
1.0773152112960815,
1.0774344205856323,
1.0774941444396973,
1.0775130987167358,
1.077431559562683,
1.0774073600769043,
1.0771634578704834,
1.0769450664520264,
1.07676100730896,
1.0765846967697144,
1.0764720439910889,
1.076432228088379,
1.076385259628296,
1.0763484239578247,
1.076335072517395,
1.0763146877288818,
1.0763102769851685,
1.0762957334518433,
1.0763397216796875,
1.0764671564102173,
1.076425552368164,
1.0762468576431274,
1.0761455297470093,
1.0760616064071655,
1.0760142803192139,
1.0761213302612305,
1.0762519836425781,
1.0763232707977295,
1.0763732194900513,
1.076156735420227,
1.076361060142517,
1.0763778686523438,
1.0763863325119019,
1.07615327835083,
1.0759333372116089,
1.0757964849472046,
1.0756837129592896,
1.0755970478057861,
1.0755435228347778,
1.075516700744629,
1.075486183166504,
1.0754228830337524,
1.0753750801086426,
1.0753145217895508,
1.0752943754196167,
1.07526433467865,
1.0752257108688354,
1.0751819610595703,
1.075103759765625,
1.075063705444336,
1.0749958753585815,
1.0750818252563477,
1.075316071510315,
1.0755493640899658,
1.0757025480270386,
1.075850009918213,
1.0759128332138062,
1.0759536027908325,
1.0759550333023071,
1.0757468938827515,
1.075382113456726,
1.0751168727874756,
1.0748575925827026,
1.0747755765914917,
1.0747005939483643,
1.074385166168213,
1.0737653970718384,
1.072460412979126,
1.0706861019134521,
1.0744799375534058,
1.0720250606536865,
1.072942852973938,
1.073101282119751,
1.0731935501098633,
1.0732885599136353,
1.0732743740081787,
1.0731803178787231,
1.0730234384536743,
1.0730793476104736,
1.0731853246688843,
1.073266625404358,
1.0733747482299805,
1.0733952522277832,
1.0734294652938843,
1.0734336376190186,
1.073451280593872,
1.0731754302978516,
1.072910189628601,
1.0727163553237915,
1.0726834535598755,
1.0726323127746582,
1.0725624561309814,
1.072510004043579,
1.072456955909729,
1.0724583864212036,
1.0724345445632935,
1.072405219078064,
1.072421908378601,
1.0723758935928345,
1.0724056959152222,
1.0722765922546387,
1.0724706649780273,
1.0723923444747925,
1.0723286867141724,
1.0721770524978638,
1.0722039937973022,
1.0723003149032593,
1.0723830461502075,
1.0723446607589722,
1.0723596811294556,
1.0722609758377075,
1.0722421407699585,
1.0720387697219849,
1.0718425512313843,
1.0719040632247925,
1.0719225406646729,
1.0718274116516113,
1.0717569589614868,
1.0717023611068726,
1.0715839862823486,
1.071489691734314,
1.0714589357376099,
1.0714030265808105,
1.0713975429534912,
1.0713766813278198,
1.0714346170425415,
1.0713779926300049,
1.0712943077087402,
1.071321725845337,
1.0713093280792236,
1.0711743831634521,
1.071142554283142,
1.0713351964950562,
1.0714980363845825,
1.0715641975402832,
1.0715699195861816,
1.0716434717178345,
1.0715596675872803,
1.0715398788452148,
1.0712246894836426,
1.070864200592041,
1.0709269046783447,
1.0707638263702393,
1.0706429481506348,
1.0706286430358887,
1.070570945739746,
1.0705580711364746,
1.0705022811889648,
1.070479154586792,
1.0704842805862427,
1.0704059600830078,
1.0703229904174805,
1.0703972578048706,
1.0700860023498535,
1.0703668594360352,
1.0704504251480103,
1.0703972578048706,
1.070154070854187,
1.0702329874038696,
1.0703626871109009,
1.0704665184020996,
1.0705111026763916,
1.0704611539840698,
1.0704307556152344,
1.0703551769256592,
1.0701875686645508,
1.069960117340088,
1.0698546171188354,
1.0698009729385376,
1.0697333812713623,
1.0697940587997437,
1.0698615312576294,
1.0697883367538452,
1.0697804689407349,
1.0696942806243896,
1.0696252584457397,
1.069579839706421,
1.0694555044174194,
1.0693538188934326,
1.0693954229354858,
1.06939697265625,
1.0694355964660645,
1.0694397687911987,
1.069326400756836,
1.0691285133361816,
1.0690890550613403,
1.0691055059432983,
1.0691286325454712,
1.0689524412155151,
1.0689890384674072,
1.0689687728881836,
1.0690053701400757,
1.068934440612793,
1.0689765214920044,
1.0687183141708374,
1.0689640045166016,
1.0688953399658203,
1.0688769817352295,
1.0687938928604126,
1.068552017211914,
1.068602204322815,
1.0685734748840332,
1.0685315132141113,
1.0685096979141235,
1.0684137344360352,
1.0684492588043213,
1.0684179067611694,
1.0684311389923096,
1.068474292755127,
1.0684242248535156,
1.0682315826416016,
1.0681284666061401,
1.0682679414749146,
1.0682939291000366,
1.068282127380371,
1.0682101249694824,
1.0681164264678955,
1.0680146217346191,
1.0680359601974487,
1.0681049823760986,
1.0681241750717163,
1.0680910348892212,
1.0680338144302368,
1.067966103553772,
1.0680235624313354,
1.067911982536316,
1.0678359270095825,
1.0678194761276245,
1.0677626132965088,
1.0677056312561035,
1.0676556825637817,
1.0675607919692993,
1.0676127672195435,
1.067745566368103,
1.0677168369293213,
1.067599892616272,
1.0675086975097656,
1.067272424697876,
1.0672544240951538,
1.0672740936279297,
1.0673089027404785,
1.067233681678772,
1.0671724081039429,
1.0670987367630005,
1.0670783519744873,
1.0671930313110352,
1.0671582221984863,
1.067134141921997,
1.0671584606170654,
1.067136287689209,
1.0670617818832397,
1.0670183897018433,
1.066962480545044,
1.0668823719024658,
1.0668236017227173,
1.0668652057647705,
1.066760540008545,
1.0668147802352905,
1.0667518377304077,
1.0667084455490112,
1.066644549369812,
1.0666347742080688,
1.0667434930801392,
1.0664459466934204,
1.0662734508514404,
1.0662553310394287,
1.0662940740585327,
1.0663045644760132,
1.0663492679595947,
1.0663232803344727,
1.0663264989852905,
1.066211462020874,
1.0662567615509033,
1.0662301778793335,
1.0662615299224854,
1.0662457942962646,
1.0661771297454834,
1.0659717321395874,
1.0660141706466675,
1.0661479234695435,
1.066274881362915,
1.0663111209869385,
1.0663347244262695,
1.066343069076538,
1.0663361549377441,
1.0663254261016846,
1.0662509202957153,
1.066207766532898,
1.066050410270691,
1.0660101175308228,
1.0660483837127686,
1.0662963390350342,
1.0664058923721313,
1.0667020082473755,
1.066893219947815,
1.0667989253997803,
1.0666331052780151,
1.0670223236083984,
1.0666651725769043,
1.0664725303649902,
1.0660170316696167,
1.065828561782837,
1.0655659437179565,
1.0654135942459106,
1.0653104782104492,
1.06520414352417,
1.065139651298523,
1.0650959014892578,
1.0650590658187866,
1.065009593963623,
1.0649334192276,
1.0649256706237793,
1.0649014711380005,
1.0648759603500366,
1.0648963451385498,
1.0648738145828247,
1.0648167133331299,
1.064970850944519,
1.0651148557662964,
1.0652835369110107,
1.0653866529464722,
1.065421223640442,
1.0651837587356567,
1.0653589963912964,
1.0652869939804077,
1.0650027990341187,
1.0646955966949463,
1.0642575025558472,
1.064292311668396,
1.063669204711914,
1.064074993133545,
1.0640275478363037,
1.0639846324920654,
1.063931941986084,
1.0639431476593018,
1.0638360977172852,
1.0638816356658936,
1.0638012886047363,
1.0637354850769043,
1.0635099411010742,
1.0636014938354492,
1.0636032819747925,
1.063506841659546,
1.0632970333099365,
1.0636552572250366,
1.0639230012893677,
1.064034342765808,
1.064118504524231,
1.0639621019363403,
1.064099907875061,
1.0640760660171509,
1.0635132789611816,
1.0636495351791382,
1.0634633302688599,
1.0627542734146118,
1.0631252527236938,
1.0630886554718018,
1.0630364418029785,
1.062949538230896,
1.0629611015319824,
1.0628085136413574,
1.0628553628921509,
1.0628303289413452,
1.062684416770935,
1.062553882598877,
1.0619949102401733,
1.0620187520980835,
1.0623904466629028,
1.0623009204864502,
1.062375545501709,
1.0624297857284546,
1.0622960329055786,
1.0626457929611206,
1.062749981880188,
1.0628066062927246,
1.0629068613052368,
1.0629183053970337,
1.0628571510314941,
1.0626840591430664,
1.0624040365219116,
1.0620313882827759,
1.0619654655456543,
1.0618213415145874,
1.0618014335632324,
1.0617302656173706,
1.061685562133789,
1.0616332292556763,
1.0615748167037964,
1.0615315437316895,
1.061499834060669,
1.0614310503005981,
1.0614310503005981,
1.061333179473877,
1.0613459348678589,
1.061242938041687,
1.061220407485962,
1.0611456632614136,
1.0612871646881104,
1.0614434480667114,
1.061547875404358,
1.0609513521194458,
1.0615277290344238,
1.0614256858825684,
1.061314344406128,
1.060951828956604,
1.0609380006790161,
1.0607998371124268,
1.0606592893600464,
1.0606352090835571,
1.0605928897857666,
1.060593843460083,
1.0605249404907227,
1.0604925155639648,
1.0604220628738403,
1.0603994131088257,
1.0603469610214233,
1.0602983236312866,
1.060228705406189,
1.0603489875793457,
1.060267686843872,
1.060139536857605,
1.0600444078445435,
1.059899091720581,
1.060044288635254,
1.0603196620941162,
1.060410499572754,
1.0606003999710083,
1.0603216886520386,
1.0602277517318726,
1.060182809829712,
1.062175989151001,
1.0600090026855469,
1.059949278831482,
1.0599052906036377,
1.0597689151763916,
1.0596063137054443,
1.059529423713684,
1.0594085454940796,
1.0593295097351074,
1.0592904090881348,
1.0593056678771973,
1.0592237710952759,
1.058883547782898,
1.059004306793213,
1.0586910247802734,
1.058883786201477,
1.059110164642334,
1.0593373775482178,
1.0594584941864014,
1.0591697692871094,
1.059491515159607,
1.0593585968017578,
1.0590367317199707,
1.0590505599975586,
1.058359146118164,
1.0584642887115479,
1.058220386505127,
1.0583018064498901,
1.0582722425460815,
1.0581897497177124,
1.0581116676330566,
1.0580317974090576,
1.058030128479004,
1.057969093322754,
1.0578640699386597,
1.0577423572540283,
1.0571668148040771,
1.057551383972168,
1.0574573278427124,
1.057344675064087,
1.0573886632919312,
1.0575282573699951,
1.0575507879257202,
1.057636022567749,
1.0576879978179932,
1.0582646131515503,
1.05801522731781,
1.0584698915481567,
1.0585194826126099,
1.0582325458526611,
1.0579497814178467,
1.0571622848510742,
1.057377576828003,
1.0569510459899902,
1.0565991401672363,
1.0569281578063965,
1.0567973852157593,
1.0567940473556519,
1.056815266609192,
1.0565365552902222,
1.056540608406067,
1.0563180446624756,
1.0552729368209839,
1.053862452507019,
1.0570359230041504,
1.05502188205719,
1.0546774864196777,
1.056022047996521,
1.0540188550949097,
1.0544652938842773,
1.0553396940231323,
1.0554035902023315,
1.0549339056015015,
1.0551573038101196,
1.0553977489471436,
1.0548018217086792,
1.0549315214157104,
1.0554910898208618,
1.0541521310806274,
1.0543972253799438,
1.0553559064865112,
1.0539442300796509,
1.0539424419403076,
1.053739070892334,
1.0536481142044067,
1.0537351369857788,
1.0529472827911377,
1.0533407926559448,
1.0531996488571167,
1.0525046586990356,
1.0526198148727417,
1.0538544654846191,
1.0545318126678467,
1.055126667022705,
1.054516077041626,
1.054735541343689,
1.0544960498809814,
1.05412757396698,
1.0536515712738037,
1.0545048713684082,
1.0538724660873413,
1.0533255338668823,
1.0542060136795044,
1.0537469387054443,
1.0527700185775757,
1.053153395652771,
1.0542943477630615,
1.0529206991195679,
1.05270516872406,
1.0540281534194946,
1.0527344942092896,
1.0530383586883545,
1.053344488143921,
1.0526924133300781,
1.0527632236480713,
1.0530606508255005,
1.0523942708969116,
1.0521639585494995,
1.0529879331588745,
1.0529234409332275,
1.0522964000701904,
1.0531251430511475,
1.052940845489502,
1.052356243133545,
1.0529340505599976,
1.0535342693328857,
1.0524832010269165,
1.052752137184143,
1.0529284477233887,
1.0522572994232178,
1.051909327507019,
1.0517650842666626,
1.0522829294204712,
1.0515176057815552,
1.0516166687011719,
1.0518362522125244,
1.0517680644989014,
1.0519908666610718,
1.052356481552124,
1.0517501831054688,
1.0525716543197632,
1.0517715215682983,
1.0524179935455322,
1.0512584447860718,
1.0516515970230103,
1.0521610975265503,
1.051982045173645,
1.0516338348388672,
1.052038550376892,
1.0519813299179077,
1.0516541004180908,
1.05189847946167,
1.051100492477417,
1.0518332719802856,
1.051525354385376,
1.0509607791900635,
1.0512042045593262,
1.0513668060302734,
1.051340103149414,
1.0513666868209839,
1.0513814687728882,
1.0510714054107666,
1.051206350326538,
1.0515633821487427,
1.0512232780456543,
1.051537275314331,
1.0511233806610107,
1.0507270097732544,
1.0506805181503296,
1.0512076616287231,
1.0503965616226196,
1.050993800163269,
1.050400733947754,
1.0505073070526123,
1.0510364770889282,
1.0506571531295776,
1.0505191087722778,
1.0508226156234741,
1.0502985715866089,
1.050107717514038,
1.050413966178894,
1.0504710674285889,
1.0498390197753906,
1.0499516725540161,
1.050368070602417,
1.0501174926757812,
1.0501770973205566,
1.0506609678268433,
1.0505613088607788,
1.050561785697937,
1.050031065940857,
1.0497057437896729,
1.0499470233917236,
1.049778699874878,
1.0502082109451294,
1.0500576496124268,
1.0493541955947876,
1.0496219396591187,
1.0497632026672363,
1.049378752708435,
1.0493592023849487,
1.0497347116470337,
1.0496586561203003,
1.0496104955673218,
1.0495655536651611,
1.0493519306182861,
1.049384355545044,
1.048905372619629,
1.0489989519119263,
1.048949956893921,
1.0490154027938843,
1.0487009286880493,
1.0492862462997437,
1.0493648052215576,
1.0484906435012817,
1.0488908290863037,
1.0485985279083252,
1.0486098527908325,
1.0485998392105103,
1.0481213331222534,
1.0479782819747925,
1.0485302209854126,
1.0485539436340332,
1.048653244972229,
1.048170566558838,
1.0480425357818604,
1.0476408004760742,
1.0479379892349243,
1.0480784177780151,
1.0484825372695923,
1.0478498935699463,
1.0484403371810913,
1.0481427907943726,
1.0477977991104126,
1.0480906963348389,
1.0478161573410034,
1.0477650165557861,
1.04747474193573,
1.0476152896881104,
1.0474706888198853,
1.0480087995529175,
1.0474804639816284,
1.0467182397842407,
1.047475814819336,
1.0475316047668457,
1.0473257303237915,
1.0474520921707153,
1.0469721555709839,
1.047113299369812,
1.046935796737671,
1.047149896621704,
1.0470315217971802,
1.0472029447555542,
1.047065258026123,
1.0463950634002686,
1.0469470024108887,
1.0469852685928345,
1.046493649482727,
1.046993374824524,
1.04672372341156,
1.0466128587722778,
1.046794056892395,
1.0462485551834106,
1.0463606119155884,
1.0462630987167358,
1.0463435649871826,
1.0460666418075562,
1.0459109544754028,
1.0461715459823608,
1.0463722944259644,
1.0461236238479614,
1.0458956956863403,
1.0457624197006226,
1.0459638833999634,
1.0456677675247192,
1.046161413192749,
1.0457104444503784,
1.0464075803756714,
1.0460608005523682,
1.045820951461792,
1.0459741353988647,
1.0457789897918701,
1.0457351207733154,
1.0458871126174927,
1.0455119609832764,
1.0461125373840332,
1.0454919338226318,
1.0452996492385864,
1.0454121828079224,
1.0453768968582153,
1.045486330986023,
1.0452977418899536,
1.0450692176818848,
1.0449965000152588,
1.0450712442398071,
1.0449892282485962,
1.0449082851409912,
1.0446546077728271,
1.0446280241012573,
1.044732689857483,
1.0447092056274414,
1.0447837114334106,
1.0445631742477417,
1.0443915128707886,
1.0443693399429321,
1.044661283493042,
1.0444427728652954,
1.0445952415466309,
1.0435395240783691,
1.0444496870040894,
1.0439624786376953,
1.0440585613250732,
1.0442757606506348,
1.0445756912231445,
1.0439846515655518,
1.0444107055664062,
1.043869972229004,
1.043904423713684,
1.0438857078552246,
1.043338656425476,
1.04359769821167,
1.043645977973938,
1.0438913106918335,
1.0435066223144531,
1.0440466403961182,
1.0435855388641357,
1.043932318687439,
1.0434659719467163,
1.0432785749435425,
1.0295507907867432,
1.0317494869232178,
1.0326625108718872,
1.033949851989746,
1.0343114137649536,
1.0343605279922485,
1.0347535610198975,
1.035162091255188,
1.0356411933898926,
1.0355525016784668,
1.0358434915542603,
1.0352928638458252,
1.0358843803405762,
1.0350955724716187,
1.0362811088562012,
1.0355560779571533,
1.0360647439956665,
1.0353035926818848,
1.0352627038955688,
1.0358701944351196,
1.0359084606170654,
1.0352585315704346,
1.0358256101608276,
1.0357024669647217,
1.0362662076950073,
1.0354996919631958,
1.035996437072754,
1.0364137887954712,
1.035744309425354,
1.0353820323944092,
1.0358917713165283,
1.0358306169509888,
1.035068154335022,
1.0359727144241333,
1.0354304313659668,
1.036134123802185,
1.0356700420379639,
1.0360270738601685,
1.0355947017669678,
1.0355545282363892,
1.0359913110733032,
1.0356062650680542,
1.0351769924163818,
1.036084532737732,
1.035683035850525,
1.0355738401412964,
1.036020040512085,
1.035007119178772,
1.0354481935501099,
1.0356054306030273,
1.0361616611480713,
1.0352377891540527,
1.0352938175201416,
1.0351319313049316,
1.0349702835083008,
1.0352396965026855,
1.0357564687728882,
1.034914255142212,
1.0347212553024292,
1.0344489812850952,
1.0358527898788452,
1.0352030992507935,
1.0352497100830078,
1.0353734493255615,
1.0361255407333374,
1.035050630569458,
1.0354539155960083,
1.035169005393982,
1.0352779626846313,
1.0345721244812012,
1.0346463918685913,
1.0351418256759644,
1.0345215797424316,
1.0352462530136108,
1.0345587730407715,
1.0345916748046875,
1.035227656364441,
1.0344793796539307,
1.0343526601791382,
1.0348507165908813,
1.0350762605667114,
1.0339618921279907,
1.0341228246688843,
1.0346322059631348,
1.0347094535827637,
1.0341949462890625,
1.0338627099990845,
1.0339677333831787,
1.034069299697876,
1.0348589420318604,
1.0340818166732788,
1.0342808961868286,
1.0344409942626953,
1.034496545791626,
1.0349481105804443,
1.0345127582550049,
1.0343832969665527,
1.0347248315811157,
1.0342097282409668,
1.034820795059204,
1.0340162515640259,
1.0337789058685303,
1.0345463752746582,
1.0342810153961182,
1.0337120294570923,
1.033728003501892,
1.03420090675354,
1.0333980321884155,
1.034275770187378,
1.0342594385147095,
1.0339713096618652,
1.033267855644226,
1.0335607528686523,
1.0332896709442139,
1.034252643585205,
1.0334975719451904,
1.03359055519104,
1.0336581468582153,
1.0337265729904175,
1.0339386463165283,
1.0339399576187134,
1.033462643623352,
1.034071445465088,
1.033077359199524,
1.033909559249878,
1.03291654586792,
1.0338644981384277,
1.0333309173583984,
1.0328651666641235,
1.0331450700759888,
1.033422827720642,
1.0333192348480225,
1.0333517789840698,
1.0330908298492432,
1.032666563987732,
1.0330768823623657,
1.0332036018371582,
1.0336685180664062,
1.0325475931167603,
1.03301203250885,
1.0322394371032715,
1.0325055122375488,
1.0324126482009888,
1.0321587324142456,
1.033359408378601,
1.0329878330230713,
1.0323150157928467,
1.0331350564956665,
1.0321910381317139,
1.0325678586959839,
1.032591462135315,
1.0323001146316528,
1.032325029373169,
1.0323044061660767,
1.0318031311035156,
1.0320950746536255,
1.0323983430862427,
1.031929850578308,
1.0321691036224365,
1.0321272611618042,
1.031937599182129,
1.0318176746368408,
1.0316765308380127,
1.032294511795044,
1.0312868356704712,
1.0319178104400635,
1.03145432472229,
1.0321685075759888,
1.0312520265579224,
1.0313670635223389,
1.031087040901184,
1.0307213068008423,
1.0317250490188599,
1.030563473701477,
1.0317668914794922,
1.0312271118164062,
1.0310605764389038,
1.0305546522140503,
1.031058669090271,
1.030631422996521,
1.031536340713501,
1.0307848453521729,
1.0307700634002686,
1.0310702323913574,
1.0308146476745605,
1.0302176475524902,
1.0306761264801025,
1.0311830043792725,
1.030463457107544,
1.0308586359024048,
1.0307649374008179,
1.0305285453796387,
1.0303170680999756,
1.030249834060669,
1.0303599834442139,
1.0297768115997314,
1.0298196077346802,
1.0295203924179077,
1.0299848318099976,
1.0291578769683838,
1.0303219556808472,
1.0290662050247192,
1.0296173095703125,
1.030084490776062,
1.0305390357971191,
1.0295573472976685,
1.0302382707595825,
1.0298718214035034,
1.0297801494598389,
1.029990792274475,
1.0295257568359375,
1.0301282405853271,
1.0293675661087036,
1.0294657945632935,
1.0287009477615356,
1.0290278196334839,
1.0292792320251465,
1.0296730995178223,
1.0291060209274292,
1.0294512510299683,
1.0291955471038818,
1.0293880701065063,
1.029575228691101,
1.0289312601089478,
1.0293620824813843,
1.0284910202026367,
1.028936505317688,
1.029029369354248,
1.0284318923950195,
1.0287442207336426,
1.0285365581512451,
1.0289112329483032,
1.0287903547286987,
1.0286434888839722,
1.0286973714828491,
1.0286632776260376,
1.0278260707855225,
1.0289535522460938,
1.028005838394165,
1.0282787084579468,
1.0283644199371338,
1.0283749103546143,
1.0282533168792725,
1.0287764072418213,
1.027489185333252,
1.0282108783721924,
1.0280832052230835,
1.0287668704986572,
1.0278260707855225,
1.028050184249878,
1.0282695293426514,
1.027068018913269,
1.027204155921936,
1.027178168296814,
1.0277042388916016,
1.0269709825515747,
1.0272659063339233,
1.0269203186035156,
1.0279959440231323,
1.0275492668151855,
1.0272433757781982,
1.0273529291152954,
1.0271772146224976,
1.0270984172821045,
1.0276226997375488,
1.0265984535217285,
1.0273785591125488,
1.027035117149353,
1.0267188549041748,
1.0267804861068726,
1.0269941091537476,
1.0274993181228638,
1.0269535779953003,
1.0267997980117798,
1.0260874032974243,
1.027293086051941,
1.0265026092529297,
1.0265421867370605,
1.0258214473724365,
1.0258046388626099,
1.0262476205825806,
1.0264161825180054,
1.0254173278808594,
1.0257725715637207,
1.025687336921692,
1.0259575843811035,
1.025580883026123,
1.0255975723266602,
1.026310920715332,
1.0255805253982544,
1.0256602764129639,
1.0256364345550537,
1.025761604309082,
1.0253411531448364,
1.0266109704971313,
1.025714635848999,
1.0250424146652222,
1.0258139371871948,
1.0249143838882446,
1.0255863666534424,
1.0252805948257446,
1.0252163410186768,
1.0255149602890015,
1.0246938467025757,
1.0254173278808594,
1.0245071649551392,
1.0247080326080322,
1.024938702583313,
1.024660348892212,
1.0243076086044312,
1.0243076086044312,
1.0213555097579956,
1.0230404138565063,
1.0228503942489624,
1.0228443145751953,
1.0231908559799194,
1.0225578546524048,
1.023517370223999,
1.0226854085922241,
1.0235110521316528,
1.0227978229522705,
1.0231921672821045,
1.0230910778045654,
1.0227361917495728,
1.0229722261428833,
1.022904396057129,
1.0232715606689453,
1.0230364799499512,
1.023213267326355,
1.0229769945144653,
1.0224342346191406,
1.022620677947998,
1.0226929187774658,
1.0226682424545288,
1.022270679473877,
1.0227688550949097,
1.0225611925125122,
1.0221565961837769,
1.0227152109146118,
1.022489309310913,
1.0219414234161377,
1.0221539735794067,
1.0218013525009155,
1.0226821899414062,
1.0217418670654297,
1.022336721420288,
1.021750807762146,
1.0220836400985718,
1.0218212604522705,
1.021745204925537,
1.0214685201644897,
1.0221164226531982,
1.020956039428711,
1.0219635963439941,
1.0207589864730835,
1.0213767290115356,
1.021031141281128,
1.0214308500289917,
1.0202391147613525,
1.0207204818725586,
1.0202888250350952,
1.0205386877059937,
1.0205506086349487,
1.019827127456665,
1.0203884840011597,
1.0205105543136597,
1.0207594633102417,
1.0199167728424072,
1.020308494567871,
1.0197426080703735,
1.020721673965454,
1.0192006826400757,
1.0205425024032593,
1.0199017524719238,
1.0199998617172241,
1.0197142362594604,
1.0198423862457275,
1.0194075107574463,
1.0194262266159058,
1.0185656547546387,
1.0198973417282104,
1.0189385414123535,
1.0196185111999512,
1.019191861152649,
1.019211769104004,
1.0183805227279663,
1.0193312168121338,
1.0188298225402832,
1.0188515186309814,
1.0188355445861816,
1.018125295639038,
1.0183078050613403,
1.018109917640686,
1.0189580917358398,
1.0182679891586304,
1.0187451839447021,
1.0178364515304565,
1.0183460712432861,
1.0184375047683716,
1.0184701681137085,
1.017425537109375,
1.018206238746643,
1.0175929069519043,
1.0181410312652588,
1.018249750137329,
1.0179357528686523,
1.0174616575241089,
1.0178914070129395,
1.0171791315078735,
1.017450213432312,
1.0175065994262695,
1.0176807641983032,
1.0174096822738647,
1.017379879951477,
1.0164135694503784,
1.0167317390441895,
1.016126036643982,
1.0167165994644165,
1.0157315731048584,
1.0164766311645508,
1.016313076019287,
1.0168849229812622,
1.016282081604004,
1.0164878368377686,
1.0160534381866455,
1.0161585807800293,
1.0157746076583862,
1.01650869846344,
1.0155911445617676,
1.016047716140747,
1.015428900718689,
1.016084909439087,
1.0153511762619019,
1.0161248445510864,
1.0151547193527222,
1.0155671834945679,
1.014426827430725,
1.0154380798339844,
1.015140175819397,
1.0155333280563354,
1.0150340795516968,
1.0156793594360352,
1.014923095703125,
1.0147359371185303,
1.0144906044006348,
1.014878749847412,
1.0141841173171997,
1.0151180028915405,
1.013918399810791,
1.0140124559402466,
1.0145292282104492,
1.0138336420059204,
1.013985514640808,
1.014511227607727,
1.0138747692108154,
1.013055443763733,
1.0138142108917236,
1.0136436223983765,
1.014005422592163,
1.01373291015625,
1.0130887031555176,
1.0137907266616821,
1.0135241746902466,
1.0130772590637207,
1.0125980377197266,
1.0127111673355103,
1.0125864744186401,
1.0128182172775269,
1.012911319732666,
1.0123423337936401,
1.0121854543685913,
1.0122573375701904,
1.0128235816955566,
1.011489987373352,
1.0123648643493652,
1.011006474494934,
1.0119776725769043,
1.0117107629776,
1.0113078355789185,
1.0115588903427124,
1.0115690231323242,
1.0108343362808228,
1.0116559267044067,
1.010475993156433,
1.0115078687667847,
1.0110799074172974,
1.0115840435028076,
1.0112375020980835,
1.010759949684143,
1.0110749006271362,
1.0110108852386475,
1.0103164911270142,
1.0099583864212036,
1.0107961893081665,
1.0098246335983276,
1.0103302001953125,
1.0103518962860107,
1.010034441947937,
1.009920358657837,
1.0095573663711548,
1.0098917484283447,
1.0093709230422974,
1.0091931819915771,
1.0096793174743652,
1.0087462663650513,
1.009179711341858,
1.0084619522094727,
1.0089757442474365,
1.0089678764343262,
1.0090668201446533,
1.0086311101913452,
1.0084412097930908,
1.008426308631897,
1.008458137512207,
1.0081866979599,
1.0084350109100342,
1.0081424713134766,
1.007400631904602,
1.0076258182525635,
1.0070053339004517,
1.0072150230407715,
1.0077447891235352,
1.0066725015640259,
1.0071905851364136,
1.006879210472107,
1.0066273212432861,
1.0069140195846558,
1.0064865350723267,
1.006649374961853,
1.0065128803253174,
1.0064185857772827,
1.005586862564087,
1.005771517753601,
1.0048646926879883,
1.0050477981567383,
1.004852056503296,
1.0047873258590698,
1.004628300666809,
1.0050535202026367,
1.0045005083084106,
1.0049107074737549,
1.004921317100525,
1.0038596391677856,
1.0041545629501343,
1.004027009010315,
1.0041686296463013,
1.0035080909729004,
1.0037708282470703,
1.003065824508667,
1.002471923828125,
1.0034338235855103,
1.002375841140747,
1.0023282766342163,
1.0028270483016968,
1.002261757850647,
1.002111792564392,
1.001433253288269,
1.001863956451416,
1.001753807067871,
1.0013302564620972,
1.0005502700805664,
1.0013941526412964,
1.0005395412445068,
1.0005415678024292,
1.0005404949188232,
1.000200867652893,
1.00013267993927,
1.0003366470336914,
0.9996114373207092,
0.9993127584457397,
0.9993640184402466,
0.9993492364883423,
0.9992737770080566,
0.9987543821334839,
0.9992904663085938,
0.9984166622161865,
0.9981849789619446,
0.9983588457107544,
0.9981511831283569,
0.9982227087020874,
0.997786283493042,
0.9978690147399902,
0.9975488781929016,
0.9976988434791565,
0.9973610043525696,
0.9972760677337646,
0.9969334006309509,
0.9964746832847595,
0.9959838390350342,
0.9957831501960754,
0.9957266449928284,
0.9955945611000061,
0.9962354302406311,
0.9959489107131958,
0.9952131509780884,
0.9952057600021362,
0.9955672025680542,
0.9949255585670471,
0.9953951835632324,
0.9944903254508972,
0.9948190450668335,
0.9952356219291687,
0.9941964149475098,
0.9947885870933533,
0.9942963719367981,
0.993638277053833,
0.9939727187156677,
0.9934430718421936,
0.9928058385848999,
0.9932748675346375,
0.9926484227180481,
0.9928022623062134,
0.9932000041007996,
0.9923109412193298,
0.9924046993255615,
0.9924027919769287,
0.9915594458580017,
0.9917393922805786,
0.9921481013298035,
0.9909772276878357,
0.9918150901794434,
0.9903963804244995,
0.9900088906288147,
0.9903087615966797,
0.9904227256774902,
0.9901646971702576,
0.9898449778556824,
0.9898494482040405,
0.9902516603469849,
0.9901313781738281,
0.9897714853286743,
0.9897134304046631,
0.9895148873329163,
0.9896056056022644,
0.9892295002937317,
0.9888268709182739,
0.9885733723640442,
0.9891510009765625,
0.98823082447052,
0.988034725189209,
0.9878503084182739,
0.9878157377243042,
0.9877863526344299,
0.987852931022644,
0.9870733022689819,
0.9869616031646729,
0.9872026443481445,
0.9866141080856323,
0.9867621660232544,
0.9870191216468811,
0.9862015247344971,
0.9860796332359314,
0.9862810969352722,
0.985262930393219,
0.9854529500007629,
0.9850457310676575,
0.9850950837135315,
0.9855842590332031,
0.9849660396575928,
0.9848827719688416,
0.9848326444625854,
0.9852979779243469,
0.9846103191375732,
0.9841134548187256,
0.9846035242080688,
0.9842244982719421,
0.9836574196815491,
0.9838844537734985,
0.9838293194770813,
0.9835056066513062,
0.9830942153930664,
0.9834227561950684,
0.9828728437423706,
0.9821518063545227,
0.9824208617210388,
0.9830228686332703,
0.9830102324485779,
0.9823166131973267,
0.9820715188980103,
0.9822289943695068,
0.9818927049636841,
0.981372594833374,
0.9811903834342957,
0.9807135462760925,
0.981234073638916,
0.9811356663703918,
0.980756402015686,
0.9802824854850769,
0.9795423746109009,
0.9804071187973022,
0.9798458218574524,
0.9794694781303406,
0.979875385761261,
0.9800626039505005,
0.9796702265739441,
0.9788665175437927,
0.97940993309021,
0.9795147776603699,
0.9787092208862305,
0.9786420464515686,
0.9788994789123535,
0.9781935214996338,
0.9776985049247742,
0.9780441522598267,
0.9780454635620117,
0.9774797558784485,
0.9780535697937012,
0.9771366715431213,
0.9770191311836243,
0.9768282771110535,
0.9773545861244202,
0.9767124056816101,
0.9761520624160767,
0.9758225083351135,
0.9758988618850708,
0.9761135578155518,
0.9757700562477112,
0.9755131006240845,
0.9748144149780273,
0.9756192564964294,
0.9751299619674683,
0.974597692489624,
0.9746995568275452,
0.9744347929954529,
0.973688006401062,
0.9737399220466614,
0.9741227626800537,
0.9732327461242676,
0.9734385013580322,
0.9724970459938049,
0.9728462100028992,
0.9732025861740112,
0.9728265404701233,
0.9720631837844849,
0.9717366099357605,
0.9720782041549683,
0.9720446467399597,
0.9719850420951843,
0.972112238407135,
0.971474826335907,
0.9713401198387146,
0.9709629416465759,
0.9709559082984924,
0.9708950519561768,
0.9707710146903992,
0.9705909490585327,
0.9699781537055969,
0.9699100852012634,
0.9697936177253723,
0.9698495268821716,
0.9694157242774963,
0.9693233966827393,
0.9696049690246582,
0.9691716432571411,
0.968707263469696,
0.9686393737792969,
0.9689092636108398,
0.9686198830604553,
0.9678614735603333,
0.9676810503005981,
0.9678477644920349,
0.9681339263916016,
0.9671238660812378,
0.9677843451499939,
0.9672598838806152,
0.9668939113616943,
0.9667156338691711,
0.9664385914802551,
0.9666994214057922,
0.9660012722015381,
0.9659807085990906,
0.9652360081672668,
0.9657211303710938,
0.9647770524024963,
0.9655789136886597,
0.9650598764419556,
0.9643576741218567,
0.9643930792808533,
0.9644518494606018,
0.9634518027305603,
0.963945209980011,
0.9635160565376282,
0.9632914066314697,
0.9637307524681091,
0.9636313915252686,
0.9635491967201233,
0.9634329080581665,
0.9631974101066589,
0.9627216458320618,
0.9626584053039551,
0.9628813862800598,
0.961932361125946,
0.9619101285934448,
0.9618526101112366,
0.9618107676506042,
0.9611966013908386,
0.9613898992538452,
0.9609896540641785,
0.9611498117446899,
0.9605597257614136,
0.9606956243515015,
0.9603622555732727,
0.9596855640411377,
0.9600127339363098,
0.9592157006263733,
0.9595520496368408,
0.9586619138717651,
0.9587393999099731,
0.9586386680603027,
0.9587719440460205,
0.9579569697380066,
0.9577967524528503,
0.9578709006309509,
0.9582732915878296,
0.9575992822647095,
0.9572398066520691,
0.956927478313446,
0.9567314386367798,
0.9569544196128845,
0.9567010402679443,
0.956845223903656,
0.9564186334609985,
0.9561160206794739,
0.955842912197113,
0.9548922181129456,
0.9556545615196228,
0.9554888010025024,
0.9548068642616272,
0.9546412825584412,
0.954490602016449,
0.9545042514801025,
0.9547463059425354,
0.9543074369430542,
0.953453540802002,
0.9536674618721008,
0.9539955258369446,
0.953772783279419,
0.9530731439590454,
0.9533466696739197,
0.9528893232345581,
0.952735424041748,
0.9522741436958313,
0.9517558813095093,
0.9523597359657288,
0.9515668749809265,
0.9510884284973145,
0.951105535030365,
0.9510610699653625,
0.9514467716217041,
0.9509463906288147,
0.950840950012207,
0.9504492878913879,
0.9497291445732117,
0.9495905041694641,
0.9492027759552002,
0.9489997625350952,
0.9493424892425537,
0.9491177201271057,
0.9486525654792786,
0.9483245611190796,
0.9485436677932739,
0.9484873414039612,
0.9482773542404175,
0.947465717792511,
0.9474023580551147,
0.9472843408584595,
0.9469601511955261,
0.9468446969985962,
0.9466910362243652,
0.9464358687400818,
0.9465324878692627,
0.9461709260940552,
0.9455326795578003,
0.9457182884216309,
0.9453105330467224,
0.9453661441802979,
0.9450145959854126,
0.9446408152580261,
0.9439016580581665,
0.9437319040298462,
0.9442230463027954,
0.9435009360313416,
0.943280041217804,
0.9435784220695496,
0.9436365962028503,
0.9435808062553406,
0.9430362582206726,
0.9429649710655212,
0.9424697756767273,
0.9418622851371765,
0.9422580599784851,
0.9413285851478577,
0.9416077136993408,
0.9414304494857788,
0.9407626986503601,
0.9407357573509216,
0.9402305483818054,
0.9400668144226074,
0.9397220015525818,
0.9398550987243652,
0.9400297999382019,
0.9394707679748535,
0.9396198987960815,
0.9391258955001831,
0.9391229152679443,
0.9385280609130859,
0.9372668862342834,
0.9379740357398987,
0.9375638365745544,
0.9369456768035889,
0.9369857311248779,
0.9369420409202576,
0.9367321133613586,
0.9368441104888916,
0.9363992214202881,
0.9365828633308411,
0.9360877871513367,
0.9360501766204834,
0.9360182881355286,
0.9356224536895752,
0.9353055953979492,
0.935326337814331,
0.934267520904541,
0.9341621398925781,
0.934400200843811,
0.9334774613380432,
0.9336082935333252,
0.9332660436630249,
0.9333155155181885,
0.9332230091094971,
0.9326854944229126,
0.9327651262283325,
0.9323877096176147,
0.9318816065788269,
0.9315850138664246,
0.9314287304878235,
0.9316877126693726,
0.9309385418891907,
0.9306755661964417,
0.9303821921348572,
0.9297890067100525,
0.9294754862785339,
0.9295528531074524,
0.9293885827064514,
0.9289429187774658,
0.9288859963417053,
0.9286320805549622,
0.9284363985061646,
0.9284036159515381,
0.9278669357299805,
0.9277347326278687,
0.9276076555252075,
0.9277459979057312,
0.9269993305206299,
0.9268489480018616,
0.926422655582428,
0.9267240166664124,
0.9260644316673279,
0.9254560470581055,
0.9258413910865784,
0.9253880381584167,
0.9244476556777954,
0.9248488545417786,
0.9245544075965881,
0.9237793684005737,
0.9242340326309204,
0.9239121079444885,
0.9236895442008972,
0.9232001304626465,
0.922807514667511,
0.922881543636322,
0.9222420454025269,
0.9217592477798462,
0.9216967821121216,
0.9215527772903442,
0.9210380911827087,
0.9207513928413391,
0.9199770092964172,
0.9200190305709839,
0.9198393821716309,
0.91977459192276,
0.9185517430305481,
0.9190261960029602,
0.9186740517616272,
0.9187414050102234,
0.9169664978981018,
0.9164942502975464,
0.9164590239524841,
0.9160059690475464,
0.9155287146568298,
0.9152823090553284,
0.9150294065475464,
0.9148906469345093,
0.914365291595459,
0.9141864776611328,
0.914271354675293,
0.9139025807380676,
0.9131578803062439,
0.9130104184150696,
0.9045595526695251,
0.9077008366584778,
0.9079196453094482,
0.9074773192405701,
0.9064918160438538,
0.9054454565048218,
0.9052332639694214,
0.9044870138168335,
0.9043813347816467,
0.9034208059310913,
0.9030846953392029,
0.9024667739868164,
0.9025471806526184,
0.9021916389465332,
0.9023380279541016,
0.9017659425735474,
0.9015507698059082,
0.9013568162918091,
0.9006120562553406,
0.9004843831062317,
0.8998708128929138,
0.89954674243927,
0.8984189033508301,
0.8976961374282837,
0.8970823287963867,
0.8967640399932861,
0.8957929015159607,
0.8957462310791016,
0.8953041434288025,
0.8951326012611389,
0.8946176767349243,
0.8940742015838623,
0.8933238387107849,
0.8929311037063599,
0.8921396136283875,
0.8918238878250122,
0.8913286924362183,
0.8913425207138062,
0.8909284472465515,
0.8906455636024475,
0.8902246356010437,
0.8897392749786377,
0.8892083168029785,
0.8886606097221375,
0.8881335854530334,
0.8875619173049927,
0.8873293995857239,
0.8873278498649597,
0.8869775533676147,
0.8867753744125366,
0.8866086602210999,
0.8861716389656067,
0.8858428001403809,
0.884776771068573,
0.8849373459815979,
0.8841041922569275,
0.8838285207748413,
0.8827130794525146,
0.8819443583488464,
0.880949079990387,
0.8806705474853516,
0.8806705474853516,
0.0,
0.0,
0.0,
0.0,
0.0,
0.0,
0.0,
0.0,
0.0,
0.0,
0.0,
0.0,
0.0,
0.0,
0.0,
0.0,
0.0,
0.0,
0.0,
0.0,
0.0,
0.0,
0.0,
0.0,
0.0,
0.0,
0.0,
0.0,
0.0,
0.0,
0.0,
0.0,
0.0,
0.0,
0.0,
0.0,
0.0,
0.0,
0.0,
0.0,
0.0,
0.0,
0.0,
0.0,
0.0,
0.0,
0.0,
0.0,
0.0,
0.0,
0.0,
0.0,
0.0,
0.0,
0.0,
0.0,
0.0,
0.0,
0.0,
0.0,
0.0,
0.0,
0.0,
0.0,
0.0,
0.0,
0.0,
