1.0499999523162842,
1.0499999523162842,
1.0499999523162842,
1.089573860168457,
1.0901269912719727,
1.0902193784713745,
1.0905414819717407,
1.0907471179962158,
1.0908766984939575,
1.0910353660583496,
1.0911489725112915,
1.0912601947784424,
1.0912688970565796,
1.0913666486740112,
1.091418743133545,
1.0913128852844238,
1.09139084815979,
1.091330885887146,
1.0913506746292114,
1.0901743173599243,
1.0913406610488892,
1.0913927555084229,
1.0913710594177246,
1.091294288635254,
1.0913316011428833,
1.0913130044937134,
1.0901551246643066,
1.091370701789856,
1.0915000438690186,
1.0913538932800293,
1.0913079977035522,
1.091327428817749,
1.0913633108139038,
1.0913634300231934,
1.091410517692566,
1.0912078619003296,
1.0914216041564941,
1.0915461778640747,
1.0913702249526978,
1.0914745330810547,
1.091394305229187,
1.0913203954696655,
1.0899497270584106,
1.0911651849746704,
1.091103434562683,
1.0911463499069214,
1.0910841226577759,
1.0910725593566895,
1.0911754369735718,
1.0910344123840332,
1.0910420417785645,
1.0912035703659058,
1.091383457183838,
1.0914440155029297,
1.0915191173553467,
1.0912392139434814,
1.091024398803711,
1.091004729270935,
1.0908933877944946,
1.090768575668335,
1.0909427404403687,
1.0909005403518677,
1.090869426727295,
1.090699315071106,
1.0908914804458618,
1.0893207788467407,
1.0904539823532104,
1.090484857559204,
1.0903881788253784,
1.0903714895248413,
1.0901025533676147,
1.0890392065048218,
1.0902602672576904,
1.0902515649795532,
1.0902444124221802,
1.090128779411316,
1.0901029109954834,
1.0902023315429688,
1.090114951133728,
1.0900801420211792,
1.0899956226348877,
1.0899368524551392,
1.0899999141693115,
1.0899715423583984,
1.0899078845977783,
1.0899064540863037,
1.0898698568344116,
1.0899559259414673,
1.0895990133285522,
1.089768648147583,
1.0896577835083008,
1.0896731615066528,
1.0895764827728271,
1.0896918773651123,
1.0886166095733643,
1.0897246599197388,
1.089539885520935,
1.0870471000671387,
1.0894370079040527,
1.0893713235855103,
1.0894132852554321,
1.086859107017517,
1.0892432928085327,
1.089280605316162,
1.089297890663147,
1.0892075300216675,
1.089152216911316,
1.0891033411026,
1.0890127420425415,
1.0889642238616943,
1.0889993906021118,
1.089012622833252,
1.0889556407928467,
1.0889503955841064,
1.0889075994491577,
1.0888231992721558,
1.0887733697891235,
1.0875227451324463,
1.0886892080307007,
1.0886634588241577,
1.088668704032898,
1.0886708498001099,
1.0887260437011719,
1.088694453239441,
1.088497281074524,
1.0884320735931396,
1.0884320735931396,
1.088557481765747,
1.084749698638916,
1.0881810188293457,
1.0881619453430176,
1.0881578922271729,
1.0880581140518188,
1.0880050659179688,
1.0880955457687378,
1.0878831148147583,
1.0878500938415527,
1.0878181457519531,
1.0878103971481323,
1.087805986404419,
1.0864821672439575,
1.087793231010437,
1.0876322984695435,
1.0876245498657227,
1.087613582611084,
1.0875487327575684,
1.087509036064148,
1.087423324584961,
1.0873042345046997,
1.0873832702636719,
1.0872726440429688,
1.0873522758483887,
1.0873390436172485,
1.087157130241394,
1.0872193574905396,
1.087110161781311,
1.0869719982147217,
1.0871598720550537,
1.0871890783309937,
1.0869832038879395,
1.086944580078125,
1.0866881608963013,
1.086928367614746,
1.0855807065963745,
1.0869032144546509,
1.0870187282562256,
1.086984634399414,
1.0868993997573853,
1.0866519212722778,
1.086591362953186,
1.0865205526351929,
1.086503267288208,
1.086628794670105,
1.086667537689209,
1.0867232084274292,
1.0842833518981934,
1.086727261543274,
1.0866204500198364,
1.0864170789718628,
1.0862387418746948,
1.0861369371414185,
1.086139440536499,
1.086089849472046,
1.0847104787826538,
1.0859626531600952,
1.0858639478683472,
1.0844769477844238,
1.0857030153274536,
1.085598111152649,
1.085494041442871,
1.0856162309646606,
1.0855919122695923,
1.0857429504394531,
1.0858607292175293,
1.0858339071273804,
1.0855796337127686,
1.0854642391204834,
1.085349678993225,
1.0852689743041992,
1.0853434801101685,
1.085528016090393,
1.0853908061981201,
1.0856245756149292,
1.0856568813323975,
1.085720419883728,
1.0857055187225342,
1.0855299234390259,
1.0852330923080444,
1.084897518157959,
1.08411705493927,
1.084873914718628,
1.0847606658935547,
1.084647297859192,
1.0845043659210205,
1.084487795829773,
1.083119511604309,
1.0843825340270996,
1.0843839645385742,
1.0843716859817505,
1.0844038724899292,
1.084480881690979,
1.0846028327941895,
1.0844357013702393,
1.0842995643615723,
1.084062933921814,
1.0840091705322266,
1.0839828252792358,
1.0840734243392944,
1.0840799808502197,
1.084213137626648,
1.0842006206512451,
1.0840495824813843,
1.0840373039245605,
1.0840206146240234,
1.083664059638977,
1.0835610628128052,
1.0834788084030151,
1.0834866762161255,
1.0821563005447388,
1.0833349227905273,
1.0832855701446533,
1.0831791162490845,
1.083117961883545,
1.0830050706863403,
1.083061933517456,
1.0830118656158447,
1.082980990409851,
1.0829813480377197,
1.0830700397491455,
1.0831663608551025,
1.0830912590026855,
1.0828661918640137,
1.0826634168624878,
1.0826613903045654,
1.082578182220459,
1.082702398300171,
1.082849144935608,
1.082816243171692,
1.0828059911727905,
1.0827958583831787,
1.0826611518859863,
1.0814287662506104,
1.0825260877609253,
1.082244873046875,
1.0821493864059448,
1.082085371017456,
1.0820873975753784,
1.082031488418579,
1.0818653106689453,
1.081790566444397,
1.0817312002182007,
1.0815991163253784,
1.0815297365188599,
1.0815553665161133,
1.0813066959381104,
1.0814300775527954,
1.0815118551254272,
1.0815682411193848,
1.0813831090927124,
1.0813405513763428,
1.0812945365905762,
1.0812467336654663,
1.0810824632644653,
1.0811190605163574,
1.0809757709503174,
1.081176996231079,
1.08122718334198,
1.0813310146331787,
1.081322193145752,
1.0812186002731323,
1.079982042312622,
1.0808980464935303,
1.0805892944335938,
1.0805563926696777,
1.0804060697555542,
1.080373764038086,
1.080375075340271,
1.080297827720642,
1.0802156925201416,
1.080137848854065,
1.080012321472168,
1.0799769163131714,
1.0799250602722168,
1.0798487663269043,
1.0786175727844238,
1.0797125101089478,
1.0797913074493408,
1.0796887874603271,
1.079609990119934,
1.0795862674713135,
1.0794795751571655,
1.0794479846954346,
1.079389214515686,
1.078158974647522,
1.0793790817260742,
1.0793789625167847,
1.079344630241394,
1.0792895555496216,
1.079290509223938,
1.0777597427368164,
1.0789064168930054,
1.0789328813552856,
1.0787687301635742,
1.0787526369094849,
1.078680157661438,
1.0785493850708008,
1.0785422325134277,
1.078434944152832,
1.0783640146255493,
1.0782192945480347,
1.078249216079712,
1.0783976316452026,
1.0788925886154175,
1.0791290998458862,
1.0789941549301147,
1.0788785219192505,
1.078872561454773,
1.0787873268127441,
1.0788320302963257,
1.079028844833374,
1.0791586637496948,
1.0792714357376099,
1.078116774559021,
1.0794402360916138,
1.079365849494934,
1.0792580842971802,
1.0792527198791504,
1.0789263248443604,
1.0785504579544067,
1.078291654586792,
1.0780671834945679,
1.0779074430465698,
1.077784538269043,
1.0776997804641724,
1.0752357244491577,
1.0775291919708252,
1.077512502670288,
1.07740318775177,
1.0773013830184937,
1.077284574508667,
1.077399492263794,
1.077338695526123,
1.0771384239196777,
1.0770965814590454,
1.0766208171844482,
1.0765540599822998,
1.0767399072647095,
1.0769492387771606,
1.0770920515060425,
1.077146291732788,
1.0772011280059814,
1.0760316848754883,
1.0771827697753906,
1.0772449970245361,
1.077197551727295,
1.0768121480941772,
1.0765197277069092,
1.0763654708862305,
1.076156497001648,
1.076022982597351,
1.075864553451538,
1.0758802890777588,
1.07572340965271,
1.0757720470428467,
1.0756834745407104,
1.075645089149475,
1.0755829811096191,
1.0755441188812256,
1.0755192041397095,
1.0756696462631226,
1.0754354000091553,
1.075348973274231,
1.0751088857650757,
1.0750266313552856,
1.075001835823059,
1.0752036571502686,
1.0753720998764038,
1.0753097534179688,
1.0752735137939453,
1.0753318071365356,
1.0742518901824951,
1.0753238201141357,
1.0750552415847778,
1.0748523473739624,
1.0745716094970703,
1.0742627382278442,
1.0741993188858032,
1.0740447044372559,
1.073781967163086,
1.072569489479065,
1.073702335357666,
1.0736587047576904,
1.0736333131790161,
1.073610782623291,
1.073110580444336,
1.0734405517578125,
1.0736075639724731,
1.0736088752746582,
1.0734940767288208,
1.0730328559875488,
1.0730633735656738,
1.0729014873504639,
1.0728124380111694,
1.0728906393051147,
1.0731933116912842,
1.0731465816497803,
1.0708168745040894,
1.0695053339004517,
1.073108434677124,
1.0669771432876587,
1.072489619255066,
1.0725913047790527,
1.0723278522491455,
1.069645643234253,
1.0716760158538818,
1.0704237222671509,
1.0716254711151123,
1.0691460371017456,
1.070319652557373,
1.0701239109039307,
1.071324348449707,
1.0711921453475952,
1.071338415145874,
1.0711675882339478,
1.0712567567825317,
1.0713098049163818,
1.0710866451263428,
1.070881724357605,
1.0707950592041016,
1.0706545114517212,
1.0705922842025757,
1.0705924034118652,
1.070711374282837,
1.0694735050201416,
1.07062828540802,
1.0706859827041626,
1.0705679655075073,
1.07056725025177,
1.069230318069458,
1.0701932907104492,
1.0699398517608643,
1.0697612762451172,
1.0696191787719727,
1.0694613456726074,
1.0680512189865112,
1.069182276725769,
1.0690726041793823,
1.0689880847930908,
1.068895936012268,
1.0688061714172363,
1.068696141242981,
1.0686156749725342,
1.0683470964431763,
1.0683733224868774,
1.0682660341262817,
1.0682284832000732,
1.0680941343307495,
1.0679795742034912,
1.0674397945404053,
1.0668352842330933,
1.0682414770126343,
1.0683192014694214,
1.0685242414474487,
1.06846284866333,
1.0685253143310547,
1.0683324337005615,
1.068341851234436,
1.0678013563156128,
1.0676231384277344,
1.0672441720962524,
1.0668517351150513,
1.0667668581008911,
1.0666718482971191,
1.0652774572372437,
1.065186858177185,
1.0647081136703491,
1.063002586364746,
1.0642621517181396,
1.0640134811401367,
1.0650560855865479,
1.0647668838500977,
1.0646156072616577,
1.0645371675491333,
1.064497947692871,
1.064428687095642,
1.064323902130127,
1.0640344619750977,
1.0641615390777588,
1.0641961097717285,
1.0640637874603271,
1.064165472984314,
1.0641552209854126,
1.0639539957046509,
1.063660740852356,
1.0636591911315918,
1.0636188983917236,
1.062859296798706,
1.062546968460083,
1.0626094341278076,
1.062676191329956,
1.0625360012054443,
1.0623916387557983,
1.0596156120300293,
1.0619425773620605,
1.0619399547576904,
1.0618219375610352,
1.0616672039031982,
1.0616823434829712,
1.060368299484253,
1.0612878799438477,
1.061022162437439,
1.061327576637268,
1.060608983039856,
1.0608750581741333,
1.0608137845993042,
1.060695767402649,
1.0605781078338623,
1.0606613159179688,
1.060588002204895,
1.0605545043945312,
1.0604676008224487,
1.0602096319198608,
1.0589208602905273,
1.0585315227508545,
1.0581930875778198,
1.059374451637268,
1.0593130588531494,
1.0589643716812134,
1.058896541595459,
1.0582070350646973,
1.0585049390792847,
1.0583183765411377,
1.0582263469696045,
1.0580730438232422,
1.05781090259552,
1.0577685832977295,
1.0576038360595703,
1.0564206838607788,
1.0574719905853271,
1.0572404861450195,
1.0571433305740356,
1.0569394826889038,
1.0567489862442017,
1.055350422859192,
1.0566611289978027,
1.0565050840377808,
1.05657958984375,
1.0563170909881592,
1.0564175844192505,
1.056255578994751,
1.0561410188674927,
1.055754542350769,
1.055102825164795,
1.054988145828247,
1.0548365116119385,
1.0546237230300903,
1.0543826818466187,
1.0542997121810913,
1.0540707111358643,
1.053699016571045,
1.0537055730819702,
1.0535625219345093,
1.0533530712127686,
1.0529943704605103,
1.0525217056274414,
1.0525214672088623,
1.0523295402526855,
1.0524739027023315,
1.0522775650024414,
1.0518983602523804,
1.051365852355957,
1.0511294603347778,
1.0498247146606445,
1.0509361028671265,
1.0507211685180664,
1.0507985353469849,
1.0510246753692627,
1.050166368484497,
1.0485771894454956,
1.049509882926941,
1.0495113134384155,
1.0495493412017822,
1.0493824481964111,
1.0490816831588745,
1.0489581823349,
1.0488756895065308,
1.048516869544983,
1.0481996536254883,
1.0471898317337036,
1.047800064086914,
1.047486424446106,
1.0473331212997437,
1.0469385385513306,
1.0469257831573486,
1.0466797351837158,
1.0465582609176636,
1.0463721752166748,
1.0456494092941284,
1.045122504234314,
1.04453444480896,
1.0445129871368408,
1.0446116924285889,
1.0440583229064941,
1.0439136028289795,
1.0439155101776123,
1.0435701608657837,
1.0433539152145386,
1.0434598922729492,
1.0432512760162354,
1.0430666208267212,
1.0422821044921875,
1.0416488647460938,
1.0417571067810059,
1.0413830280303955,
1.0410270690917969,
1.0410735607147217,
1.0404307842254639,
1.0403780937194824,
1.0401040315628052,
1.0400913953781128,
1.0394033193588257,
1.038925290107727,
1.038992166519165,
1.0387781858444214,
1.0385111570358276,
1.0384827852249146,
1.0377528667449951,
1.0374726057052612,
1.0374119281768799,
1.0373239517211914,
1.0368658304214478,
1.0355033874511719,
1.0362201929092407,
1.0364223718643188,
1.0353704690933228,
1.0344549417495728,
1.0345919132232666,
1.0334646701812744,
1.0346465110778809,
1.0345100164413452,
1.0337632894515991,
1.033359169960022,
1.033119559288025,
1.031159520149231,
1.0326508283615112,
1.0318243503570557,
1.031455636024475,
1.0311601161956787,
1.031123399734497,
1.0280873775482178,
1.030437707901001,
1.0302244424819946,
1.0298182964324951,
1.029333233833313,
1.0283095836639404,
1.0270490646362305,
1.027969241142273,
1.0277493000030518,
1.0274817943572998,
1.0258923768997192,
1.0264301300048828,
1.024803638458252,
1.0254995822906494,
1.0251035690307617,
1.0252087116241455,
1.024656891822815,
1.0236583948135376,
1.0221995115280151,
1.0229827165603638,
1.022589921951294,
1.022481083869934,
1.0221292972564697,
1.021072268486023,
1.019565463066101,
1.0208144187927246,
1.019953966140747,
1.0186222791671753,
1.0168710947036743,
1.0186588764190674,
1.0133123397827148,
1.0175223350524902,
1.0169150829315186,
1.016800045967102,
1.0158870220184326,
1.0154173374176025,
1.0133261680603027,
1.0138561725616455,
1.0138171911239624,
1.013369083404541,
1.0128828287124634,
1.0119032859802246,
1.0111056566238403,
1.0110021829605103,
1.0104787349700928,
1.0096180438995361,
1.0092452764511108,
1.0086758136749268,
1.0080556869506836,
1.007462978363037,
1.0065033435821533,
1.0063824653625488,
1.0050128698349,
1.0049222707748413,
1.0043846368789673,
1.0039595365524292,
1.0036296844482422,
1.0025322437286377,
1.002194881439209,
1.001721739768982,
1.0010336637496948,
1.0001001358032227,
0.9994195699691772,
0.998966634273529,
0.9984729886054993,
0.9978806376457214,
0.9971762299537659,
0.9962105751037598,
0.9954729080200195,
0.9954071044921875,
0.9947335720062256,
0.9936705231666565,
0.9933724403381348,
0.9925699830055237,
0.9919748902320862,
0.9915342330932617,
0.9907345771789551,
0.9900768399238586,
0.9889317154884338,
0.9877120852470398,
0.9873670339584351,
0.9862192273139954,
0.9858001470565796,
0.9849797487258911,
0.9839415550231934,
0.983137845993042,
0.9827514886856079,
0.9817915558815002,
0.980913519859314,
0.9800330996513367,
0.9792710542678833,
0.9790336489677429,
0.9777096509933472,
0.9773767590522766,
0.9767075181007385,
0.9753545522689819,
0.9749239683151245,
0.9745291471481323,
0.9738181233406067,
0.9731419682502747,
0.972131609916687,
0.9716860055923462,
0.9710226058959961,
0.9703837633132935,
0.9694295525550842,
0.9675335884094238,
0.9678524136543274,
0.9670907855033875,
0.9662018418312073,
0.9652913808822632,
0.9643071293830872,
0.9635931849479675,
0.9627900719642639,
0.9619677066802979,
0.9612423181533813,
0.9602904915809631,
0.9594094157218933,
0.9588257074356079,
0.9568915963172913,
0.9573849439620972,
0.9561296701431274,
0.9556331038475037,
0.9547443985939026,
0.9536255598068237,
0.9528253078460693,
0.9521120190620422,
0.9507997035980225,
0.9503403306007385,
0.9495393633842468,
0.9487767219543457,
0.9483253359794617,
0.9464277029037476,
0.9467020034790039,
0.9460859894752502,
0.9451918601989746,
0.9442694187164307,
0.9435843825340271,
0.9431186318397522,
0.9419446587562561,
0.9409835338592529,
0.9400199055671692,
0.9390674829483032,
0.938255786895752,
0.9370369911193848,
0.9362174868583679,
0.9353405833244324,
0.9342829585075378,
0.9333648085594177,
0.9326919317245483,
0.9319713711738586,
0.9305156469345093,
0.9302390813827515,
0.9294363260269165,
0.927763819694519,
0.926710844039917,
0.9263492822647095,
0.9252378344535828,
0.9243500232696533,
0.9231014847755432,
0.9223795533180237,
0.9209016561508179,
0.9205533862113953,
0.9193384647369385,
0.9184759855270386,
0.9161407947540283,
0.9166533350944519,
0.9154360294342041,
0.9146807789802551,
0.9135280251502991,
0.9126720428466797,
0.9114806652069092,
0.9105949401855469,
0.9094768166542053,
0.9085271954536438,
0.9073445200920105,
0.906538724899292,
0.9054806232452393,
0.9043784737586975,
0.9030124545097351,
0.902225136756897,
0.9011232256889343,
0.9001449346542358,
0.8990314602851868,
0.8978658318519592,
0.897088348865509,
0.8956416249275208,
0.8949400782585144,
0.8937738537788391,
0.8928629159927368,
0.8915969729423523,
0.8903152942657471,
0.8896080851554871,
0.8882636427879333,
0.8874896168708801,
0.8863317370414734,
0.8853272795677185,
0.8840696811676025,
0.8832640051841736,
0.8817413449287415,
0.881050169467926,
0.0,
0.0,
0.0,
0.0,
0.0,
0.0,
0.0,
0.0,
0.0,
0.0,
0.0,
0.0,
0.0,
0.0,
0.0,
0.0,
0.0,
0.0,
0.0,
0.0,
0.0,
0.0,
0.0,
0.0,
0.0,
0.0,
0.0,
0.0,
0.0,
0.0,
0.0,
0.0,
0.0,
0.0,
0.0,
0.0,
0.0,
0.0,
0.0,
0.0,
0.0,
0.0,
0.0,
0.0,
0.0,
0.0,
0.0,
0.0,
0.0,
0.0,
0.0,
0.0,
0.0,
0.0,
0.0,
0.0,
0.0,
0.0,
0.0,
0.0,
0.0,
0.0,
0.0,
0.0,
0.0,
0.0,
0.0,
0.0,
0.0,
0.0,
0.0,
0.0,
0.0,
0.0,
0.0,
0.0,
0.0,
0.0,
0.0,
0.0,
0.0,
0.0,
0.0,
0.0,
0.0,
0.0,
0.0,
0.0,
0.0,
0.0,
0.0,
0.0,
0.0,
0.0,
0.0,
0.0,
0.0,
0.0,
0.0,
0.0,
0.0,
0.0,
0.0,
0.0,
0.0,
0.0,
0.0,
0.0,
0.0,
0.0,
0.0,
0.0,
0.0,
0.0,
0.0,
0.0,
0.0,
0.0,
0.0,
0.0,
0.0,
0.0,
0.0,
0.0,
0.0,
0.0,
0.0,
0.0,
0.0,
0.0,
0.0,
0.0,
0.0,
0.0,
0.0,
0.0,
0.0,
0.0,
0.0,
0.0,
0.0,
0.0,
0.0,
0.0,
0.0,
0.0,
0.0,
0.0,
0.0,
0.0,
0.0,
0.0,
0.0,
0.0,
0.0,
0.0,
0.0,
0.0,
0.0,
0.0,
0.0,
0.0,
0.0,
0.0,
0.0,
0.0,
0.0,
0.0,
0.0,
0.0,
0.0,
0.0,
0.0,
0.0,
0.0,
0.0,
0.0,
0.0,
0.0,
0.0,
0.0,
0.0,
0.0,
0.0,
0.0,
0.0,
0.0,
0.0,
0.0,
0.0,
0.0,
0.0,
0.0,
0.0,
0.0,
0.0,
0.0,
0.0,
0.0,
0.0,
0.0,
0.0,
0.0,
0.0,
0.0,
0.0,
0.0,
0.0,
0.0,
0.0,
0.0,
0.0,
0.0,
0.0,
0.0,
0.0,
0.0,
0.0,
0.0,
0.0,
0.0,
0.0,
0.0,
0.0,
0.0,
0.0,
0.0,
0.0,
0.0,
0.0,
0.0,
0.0,
0.0,
0.0,
0.0,
0.0,
0.0,
0.0,
0.0,
0.0,
0.0,
0.0,
0.0,
0.0,
0.0,
0.0,
0.0,
0.0,
0.0,
0.0,
0.0,
0.0,
0.0,
0.0,
0.0,
0.0,
0.0,
0.0,
0.0,
0.0,
0.0,
0.0,
0.0,
0.0,
0.0,
0.0,
0.0,
0.0,
0.0,
0.0,
0.0,
0.0,
0.0,
0.0,
0.0,
0.0,
0.0,
0.0,
0.0,
0.0,
0.0,
0.0,
0.0,
0.0,
0.0,
0.0,
0.0,
0.0,
0.0,
0.0,
0.0,
0.0,
0.0,
0.0,
0.0,
0.0,
0.0,
0.0,
0.0,
0.0,
0.0,
0.0,
0.0,
0.0,
0.0,
0.0,
0.0,
0.0,
0.0,
0.0,
0.0,
0.0,
0.0,
0.0,
0.0,
0.0,
0.0,
0.0,
0.0,
0.0,
0.0,
0.0,
0.0,
0.0,
0.0,
0.0,
0.0,
0.0,
0.0,
0.0,
0.0,
0.0,
0.0,
0.0,
0.0,
0.0,
0.0,
0.0,
0.0,
0.0,
0.0,
0.0,
0.0,
0.0,
0.0,
0.0,
0.0,
0.0,
0.0,
0.0,
0.0,
0.0,
0.0,
0.0,
0.0,
0.0,
0.0,
0.0,
0.0,
0.0,
0.0,
0.0,
0.0,
0.0,
0.0,
0.0,
0.0,
0.0,
0.0,
0.0,
0.0,
0.0,
0.0,
0.0,
0.0,
0.0,
0.0,
0.0,
0.0,
0.0,
0.0,
0.0,
0.0,
0.0,
0.0,
0.0,
0.0,
0.0,
0.0,
0.0,
0.0,
0.0,
0.0,
0.0,
0.0,
0.0,
0.0,
0.0,
0.0,
0.0,
0.0,
0.0,
0.0,
0.0,
0.0,
0.0,
0.0,
0.0,
0.0,
0.0,
0.0,
0.0,
0.0,
0.0,
0.0,
0.0,
0.0,
0.0,
0.0,
0.0,
0.0,
0.0,
0.0,
0.0,
0.0,
0.0,
0.0,
0.0,
0.0,
0.0,
0.0,
0.0,
0.0,
0.0,
0.0,
0.0,
0.0,
0.0,
0.0,
0.0,
0.0,
0.0,
0.0,
0.0,
0.0,
0.0,
0.0,
0.0,
0.0,
0.0,
0.0,
0.0,
0.0,
0.0,
0.0,
0.0,
0.0,
0.0,
0.0,
0.0,
0.0,
0.0,
0.0,
0.0,
0.0,
0.0,
0.0,
0.0,
0.0,
0.0,
0.0,
0.0,
0.0,
0.0,
0.0,
0.0,
0.0,
0.0,
0.0,
0.0,
0.0,
0.0,
0.0,
0.0,
0.0,
0.0,
0.0,
0.0,
0.0,
0.0,
0.0,
0.0,
0.0,
0.0,
0.0,
0.0,
0.0,
0.0,
0.0,
0.0,
0.0,
0.0,
0.0,
0.0,
0.0,
0.0,
0.0,
0.0,
0.0,
0.0,
0.0,
0.0,
0.0,
0.0,
0.0,
0.0,
0.0,
0.0,
0.0,
0.0,
0.0,
0.0,
0.0,
0.0,
0.0,
0.0,
0.0,
0.0,
0.0,
0.0,
0.0,
0.0,
0.0,
0.0,
0.0,
0.0,
0.0,
0.0,
0.0,
0.0,
0.0,
0.0,
0.0,
0.0,
0.0,
0.0,
0.0,
0.0,
0.0,
0.0,
0.0,
0.0,
0.0,
0.0,
0.0,
0.0,
0.0,
0.0,
0.0,
0.0,
0.0,
0.0,
0.0,
0.0,
0.0,
0.0,
0.0,
0.0,
0.0,
0.0,
0.0,
0.0,
0.0,
0.0,
0.0,
0.0,
0.0,
0.0,
0.0,
0.0,
0.0,
0.0,
0.0,
0.0,
0.0,
0.0,
0.0,
0.0,
0.0,
0.0,
0.0,
0.0,
0.0,
0.0,
0.0,
0.0,
0.0,
0.0,
0.0,
0.0,
0.0,
0.0,
0.0,
0.0,
0.0,
0.0,
0.0,
0.0,
0.0,
0.0,
0.0,
0.0,
0.0,
0.0,
0.0,
0.0,
0.0,
0.0,
0.0,
0.0,
0.0,
0.0,
0.0,
0.0,
0.0,
0.0,
0.0,
0.0,
0.0,
0.0,
0.0,
0.0,
0.0,
0.0,
0.0,
0.0,
0.0,
0.0,
0.0,
0.0,
0.0,
0.0,
0.0,
0.0,
0.0,
0.0,
0.0,
0.0,
0.0,
0.0,
0.0,
0.0,
0.0,
0.0,
0.0,
0.0,
0.0,
0.0,
0.0,
0.0,
0.0,
0.0,
0.0,
0.0,
0.0,
0.0,
0.0,
0.0,
0.0,
0.0,
0.0,
0.0,
0.0,
0.0,
0.0,
0.0,
0.0,
0.0,
0.0,
0.0,
0.0,
0.0,
0.0,
0.0,
0.0,
0.0,
0.0,
0.0,
0.0,
0.0,
0.0,
0.0,
0.0,
0.0,
0.0,
0.0,
0.0,
0.0,
0.0,
0.0,
0.0,
0.0,
0.0,
0.0,
0.0,
0.0,
0.0,
0.0,
0.0,
0.0,
0.0,
0.0,
0.0,
0.0,
0.0,
0.0,
0.0,
0.0,
0.0,
0.0,
0.0,
0.0,
0.0,
0.0,
0.0,
0.0,
0.0,
0.0,
0.0,
0.0,
0.0,
0.0,
0.0,
0.0,
0.0,
0.0,
0.0,
0.0,
0.0,
0.0,
0.0,
0.0,
0.0,
0.0,
0.0,
0.0,
0.0,
0.0,
0.0,
0.0,
0.0,
0.0,
0.0,
0.0,
0.0,
0.0,
0.0,
0.0,
0.0,
0.0,
0.0,
0.0,
0.0,
0.0,
0.0,
0.0,
0.0,
0.0,
0.0,
0.0,
0.0,
0.0,
0.0,
0.0,
0.0,
0.0,
0.0,
0.0,
0.0,
0.0,
0.0,
0.0,
0.0,
0.0,
0.0,
0.0,
0.0,
0.0,
0.0,
0.0,
0.0,
0.0,
0.0,
0.0,
0.0,
0.0,
0.0,
0.0,
0.0,
0.0,
0.0,
0.0,
0.0,
0.0,
0.0,
0.0,
0.0,
0.0,
0.0,
0.0,
0.0,
0.0,
0.0,
0.0,
0.0,
0.0,
0.0,
0.0,
0.0,
0.0,
0.0,
0.0,
0.0,
0.0,
0.0,
0.0,
0.0,
0.0,
0.0,
0.0,
0.0,
0.0,
0.0,
0.0,
0.0,
0.0,
0.0,
0.0,
0.0,
0.0,
0.0,
0.0,
0.0,
0.0,
0.0,
0.0,
0.0,
0.0,
0.0,
0.0,
0.0,
0.0,
0.0,
0.0,
0.0,
0.0,
0.0,
0.0,
0.0,
0.0,
0.0,
0.0,
0.0,
0.0,
0.0,
0.0,
0.0,
0.0,
0.0,
0.0,
0.0,
0.0,
0.0,
0.0,
0.0,
0.0,
0.0,
0.0,
0.0,
0.0,
0.0,
0.0,
0.0,
0.0,
0.0,
0.0,
0.0,
0.0,
0.0,
0.0,
0.0,
0.0,
0.0,
0.0,
0.0,
0.0,
0.0,
0.0,
0.0,
0.0,
0.0,
0.0,
0.0,
0.0,
0.0,
0.0,
0.0,
0.0,
0.0,
0.0,
0.0,
0.0,
0.0,
0.0,
0.0,
0.0,
0.0,
0.0,
0.0,
0.0,
0.0,
0.0,
0.0,
0.0,
0.0,
0.0,
0.0,
0.0,
0.0,
0.0,
0.0,
0.0,
0.0,
0.0,
0.0,
0.0,
0.0,
0.0,
0.0,
0.0,
0.0,
0.0,
0.0,
0.0,
0.0,
0.0,
0.0,
0.0,
0.0,
0.0,
0.0,
0.0,
0.0,
0.0,
0.0,
0.0,
0.0,
0.0,
0.0,
0.0,
0.0,
0.0,
0.0,
0.0,
0.0,
0.0,
0.0,
0.0,
0.0,
0.0,
0.0,
0.0,
0.0,
0.0,
0.0,
0.0,
0.0,
0.0,
0.0,
0.0,
0.0,
0.0,
0.0,
0.0,
0.0,
0.0,
0.0,
0.0,
0.0,
0.0,
0.0,
0.0,
0.0,
0.0,
0.0,
0.0,
0.0,
0.0,
0.0,
0.0,
0.0,
0.0,
0.0,
0.0,
0.0,
0.0,
0.0,
0.0,
0.0,
0.0,
0.0,
0.0,
0.0,
0.0,
0.0,
0.0,
0.0,
0.0,
0.0,
0.0,
0.0,
0.0,
0.0,
0.0,
0.0,
0.0,
0.0,
0.0,
0.0,
0.0,
0.0,
0.0,
0.0,
0.0,
0.0,
0.0,
0.0,
0.0,
0.0,
0.0,
0.0,
0.0,
0.0,
0.0,
0.0,
0.0,
0.0,
0.0,
0.0,
0.0,
0.0,
0.0,
0.0,
0.0,
0.0,
0.0,
0.0,
0.0,
0.0,
0.0,
0.0,
0.0,
0.0,
0.0,
0.0,
0.0,
0.0,
0.0,
0.0,
0.0,
0.0,
0.0,
0.0,
0.0,
0.0,
0.0,
0.0,
0.0,
0.0,
0.0,
0.0,
0.0,
0.0,
0.0,
0.0,
0.0,
0.0,
0.0,
0.0,
0.0,
0.0,
0.0,
0.0,
0.0,
0.0,
0.0,
0.0,
0.0,
0.0,
0.0,
0.0,
0.0,
0.0,
0.0,
0.0,
0.0,
0.0,
0.0,
0.0,
0.0,
0.0,
0.0,
0.0,
0.0,
0.0,
0.0,
0.0,
0.0,
0.0,
0.0,
0.0,
0.0,
0.0,
0.0,
0.0,
0.0,
0.0,
0.0,
0.0,
0.0,
0.0,
0.0,
0.0,
0.0,
0.0,
0.0,
0.0,
0.0,
0.0,
0.0,
0.0,
0.0,
0.0,
0.0,
0.0,
0.0,
0.0,
0.0,
0.0,
0.0,
0.0,
0.0,
0.0,
0.0,
0.0,
0.0,
0.0,
0.0,
0.0,
0.0,
0.0,
0.0,
0.0,
0.0,
0.0,
0.0,
0.0,
0.0,
0.0,
0.0,
0.0,
0.0,
0.0,
0.0,
0.0,
0.0,
0.0,
0.0,
0.0,
0.0,
0.0,
0.0,
0.0,
0.0,
0.0,
0.0,
0.0,
0.0,
0.0,
0.0,
0.0,
0.0,
0.0,
0.0,
0.0,
0.0,
0.0,
0.0,
0.0,
0.0,
0.0,
0.0,
0.0,
0.0,
0.0,
0.0,
0.0,
0.0,
0.0,
0.0,
0.0,
0.0,
0.0,
0.0,
0.0,
0.0,
0.0,
0.0,
0.0,
0.0,
0.0,
0.0,
0.0,
0.0,
0.0,
0.0,
0.0,
0.0,
0.0,
0.0,
0.0,
0.0,
0.0,
0.0,
0.0,
0.0,
0.0,
0.0,
0.0,
0.0,
0.0,
0.0,
0.0,
0.0,
0.0,
0.0,
0.0,
0.0,
0.0,
0.0,
0.0,
0.0,
0.0,
0.0,
0.0,
0.0,
0.0,
0.0,
0.0,
0.0,
0.0,
0.0,
0.0,
0.0,
0.0,
0.0,
0.0,
0.0,
0.0,
0.0,
0.0,
0.0,
0.0,
0.0,
0.0,
0.0,
0.0,
0.0,
0.0,
0.0,
0.0,
0.0,
0.0,
0.0,
0.0,
0.0,
0.0,
0.0,
0.0,
0.0,
0.0,
0.0,
0.0,
0.0,
0.0,
0.0,
0.0,
0.0,
0.0,
0.0,
0.0,
0.0,
0.0,
0.0,
0.0,
0.0,
0.0,
0.0,
0.0,
0.0,
0.0,
0.0,
0.0,
0.0,
0.0,
0.0,
0.0,
0.0,
0.0,
0.0,
0.0,
0.0,
0.0,
0.0,
0.0,
0.0,
0.0,
0.0,
0.0,
0.0,
0.0,
0.0,
0.0,
0.0,
0.0,
0.0,
0.0,
0.0,
0.0,
0.0,
0.0,
0.0,
0.0,
0.0,
0.0,
0.0,
0.0,
0.0,
0.0,
0.0,
0.0,
0.0,
0.0,
0.0,
0.0,
0.0,
0.0,
0.0,
0.0,
0.0,
0.0,
0.0,
0.0,
0.0,
0.0,
0.0,
0.0,
0.0,
0.0,
0.0,
0.0,
0.0,
0.0,
0.0,
0.0,
0.0,
0.0,
0.0,
0.0,
0.0,
0.0,
0.0,
0.0,
0.0,
0.0,
0.0,
0.0,
0.0,
0.0,
0.0,
0.0,
0.0,
0.0,
0.0,
0.0,
0.0,
0.0,
0.0,
0.0,
0.0,
0.0,
0.0,
0.0,
0.0,
0.0,
0.0,
0.0,
0.0,
0.0,
0.0,
0.0,
0.0,
0.0,
0.0,
0.0,
0.0,
0.0,
0.0,
0.0,
0.0,
0.0,
0.0,
0.0,
0.0,
0.0,
0.0,
0.0,
0.0,
0.0,
0.0,
0.0,
0.0,
0.0,
0.0,
0.0,
