1.0499999523162842,
1.0499999523162842,
1.0499999523162842,
1.0844664573669434,
1.0848194360733032,
1.0851752758026123,
1.0854222774505615,
1.0855730772018433,
1.0856258869171143,
1.0858023166656494,
1.085797667503357,
1.0859261751174927,
1.0784560441970825,
1.0831831693649292,
1.084191918373108,
1.0843449831008911,
1.0844616889953613,
1.0846463441848755,
1.0846277475357056,
1.0846199989318848,
1.0847108364105225,
1.0847018957138062,
1.0846688747406006,
1.0847433805465698,
1.0847710371017456,
1.0847681760787964,
1.084849238395691,
1.084761142730713,
1.08480966091156,
1.084652066230774,
1.0847214460372925,
1.0846467018127441,
1.0846188068389893,
1.0844664573669434,
1.0843884944915771,
1.08436119556427,
1.0843188762664795,
1.0843236446380615,
1.0842442512512207,
1.0842021703720093,
1.0840849876403809,
1.0840129852294922,
1.0839335918426514,
1.0839155912399292,
1.0837680101394653,
1.0838050842285156,
1.0837925672531128,
1.0837706327438354,
1.0835740566253662,
1.0834513902664185,
1.0833208560943604,
1.083267331123352,
1.0831915140151978,
1.0829098224639893,
1.082702398300171,
1.0826069116592407,
1.0824648141860962,
1.0823695659637451,
1.0821826457977295,
1.0820268392562866,
1.0818842649459839,
1.0817162990570068,
1.0816705226898193,
1.0814884901046753,
1.0813405513763428,
1.0812182426452637,
1.0810774564743042,
1.080929160118103,
1.0809372663497925,
1.0810296535491943,
1.0810662508010864,
1.0810294151306152,
1.0809478759765625,
1.0804702043533325,
1.0802448987960815,
1.0800942182540894,
1.0799413919448853,
1.0798063278198242,
1.0797123908996582,
1.0795903205871582,
1.0795494318008423,
1.079420566558838,
1.079325795173645,
1.0791852474212646,
1.0790009498596191,
1.0788897275924683,
1.0787863731384277,
1.0786148309707642,
1.0784525871276855,
1.0783319473266602,
1.0781807899475098,
1.0779989957809448,
1.0778402090072632,
1.0776954889297485,
1.0775656700134277,
1.0774047374725342,
1.0772309303283691,
1.0770454406738281,
1.0769062042236328,
1.0767290592193604,
1.0766116380691528,
1.0764460563659668,
1.0762883424758911,
1.0760784149169922,
1.0759557485580444,
1.075819492340088,
1.075612187385559,
1.0754355192184448,
1.0753214359283447,
1.0751595497131348,
1.0749917030334473,
1.0748698711395264,
1.0747308731079102,
1.0745552778244019,
1.074435830116272,
1.0742409229278564,
1.074055790901184,
1.0738741159439087,
1.073738694190979,
1.0735305547714233,
1.0733743906021118,
1.0732206106185913,
1.0731278657913208,
1.0729577541351318,
1.0728143453598022,
1.072675108909607,
1.0724895000457764,
1.0723090171813965,
1.0720716714859009,
1.0718634128570557,
1.0718646049499512,
1.071737289428711,
1.0715657472610474,
1.071391224861145,
1.0712119340896606,
1.0710281133651733,
1.0708625316619873,
1.0706373453140259,
1.070482850074768,
1.0702991485595703,
1.0701651573181152,
1.0700063705444336,
1.0698652267456055,
1.0696747303009033,
1.069488525390625,
1.0692236423492432,
1.0690622329711914,
1.068864107131958,
1.0687328577041626,
1.0685288906097412,
1.068356990814209,
1.0682058334350586,
1.0679923295974731,
1.0678313970565796,
1.0676268339157104,
1.0673828125,
1.067199468612671,
1.0669775009155273,
1.0668137073516846,
1.0666335821151733,
1.0665003061294556,
1.0663819313049316,
1.0662375688552856,
1.0660442113876343,
1.0658093690872192,
1.0655169486999512,
1.0647584199905396,
1.0651042461395264,
1.0649501085281372,
1.064784049987793,
1.0645822286605835,
1.0643821954727173,
1.0642759799957275,
1.0641165971755981,
1.0639363527297974,
1.0637620687484741,
1.0635396242141724,
1.0633357763290405,
1.063146710395813,
1.0629525184631348,
1.0627485513687134,
1.062548279762268,
1.0623606443405151,
1.0621650218963623,
1.0619194507598877,
1.0618098974227905,
1.0616956949234009,
1.061616063117981,
1.061469316482544,
1.0612530708312988,
1.0609086751937866,
1.0606637001037598,
1.0602961778640747,
1.0602377653121948,
1.0601928234100342,
1.0601738691329956,
1.0600351095199585,
1.0598843097686768,
1.0596925020217896,
1.0594910383224487,
1.059245228767395,
1.0590072870254517,
1.0586516857147217,
1.0585335493087769,
1.0583465099334717,
1.0581074953079224,
1.0579079389572144,
1.0576919317245483,
1.0574649572372437,
1.0572054386138916,
1.0569746494293213,
1.056667685508728,
1.056374192237854,
1.056395411491394,
1.0562552213668823,
1.0562000274658203,
1.0561593770980835,
1.0559799671173096,
1.055741548538208,
1.0554434061050415,
1.0551379919052124,
1.0548979043960571,
1.0546802282333374,
1.054749608039856,
1.0547393560409546,
1.0546966791152954,
1.0544835329055786,
1.0538724660873413,
1.053985834121704,
1.053433895111084,
1.0537630319595337,
1.053306221961975,
1.0529892444610596,
1.0524011850357056,
1.0525685548782349,
1.0523366928100586,
1.0521148443222046,
1.051910400390625,
1.0516197681427002,
1.0514260530471802,
1.0510541200637817,
1.0510449409484863,
1.050911784172058,
1.050767183303833,
1.0506935119628906,
1.0505481958389282,
1.0504289865493774,
1.0496612787246704,
1.0498623847961426,
1.0495542287826538,
1.049350619316101,
1.0490525960922241,
1.0487397909164429,
1.0487605333328247,
1.0487943887710571,
1.0485554933547974,
1.0480701923370361,
1.0482430458068848,
1.0479522943496704,
1.0477285385131836,
1.0474622249603271,
1.0472055673599243,
1.0458261966705322,
1.045927882194519,
1.0460941791534424,
1.0460820198059082,
1.045514702796936,
1.045631766319275,
1.0455487966537476,
1.045188546180725,
1.04505455493927,
1.044684886932373,
1.0444328784942627,
1.044353723526001,
1.0435081720352173,
1.0442641973495483,
1.0437239408493042,
1.0433695316314697,
1.0435062646865845,
1.0433053970336914,
1.042855978012085,
1.0427335500717163,
1.0420982837677002,
1.042623519897461,
1.0421903133392334,
1.0418554544448853,
1.041461706161499,
1.0415476560592651,
1.0410107374191284,
1.0413326025009155,
1.040984869003296,
1.0406007766723633,
1.0403201580047607,
1.0396939516067505,
1.0396785736083984,
1.039645791053772,
1.0383957624435425,
1.0388749837875366,
1.0387881994247437,
1.0383881330490112,
1.038702368736267,
1.0380491018295288,
1.0370569229125977,
1.037447214126587,
1.0374606847763062,
1.037703275680542,
1.0366121530532837,
1.0364512205123901,
1.036327600479126,
1.0359270572662354,
1.0358617305755615,
1.0355685949325562,
1.034936785697937,
1.0347596406936646,
1.0349571704864502,
1.0353001356124878,
1.0348085165023804,
1.0344188213348389,
1.0344372987747192,
1.0345295667648315,
1.033803939819336,
1.0335525274276733,
1.0329593420028687,
1.033160924911499,
1.032581090927124,
1.0322333574295044,
1.0324530601501465,
1.0316603183746338,
1.0313189029693604,
1.0309679508209229,
1.031156301498413,
1.0304460525512695,
1.0300925970077515,
1.030060052871704,
1.029584288597107,
1.0300372838974,
1.029535174369812,
1.0292333364486694,
1.0283377170562744,
1.0288381576538086,
1.0287909507751465,
1.0281786918640137,
1.0278750658035278,
1.0280197858810425,
1.027610421180725,
1.0265274047851562,
1.0265294313430786,
1.0269492864608765,
1.0264540910720825,
1.0258015394210815,
1.0254353284835815,
1.0245147943496704,
1.0258684158325195,
1.0244914293289185,
1.0243664979934692,
1.0245792865753174,
1.0234589576721191,
1.0236917734146118,
1.0233482122421265,
1.0230705738067627,
1.0222268104553223,
1.0228017568588257,
1.0221847295761108,
1.0221391916275024,
1.0217548608779907,
1.0215537548065186,
1.0220022201538086,
1.0212571620941162,
1.0213820934295654,
1.020603895187378,
1.020145058631897,
1.0207133293151855,
1.0202422142028809,
1.0203394889831543,
1.020379900932312,
1.0201046466827393,
1.0198544263839722,
1.0195202827453613,
1.019702672958374,
1.0190074443817139,
1.019151210784912,
1.0182180404663086,
1.0182191133499146,
1.017572283744812,
1.0170940160751343,
1.0168795585632324,
1.0168330669403076,
1.0166376829147339,
1.0158023834228516,
1.0160353183746338,
1.0152028799057007,
1.014696478843689,
1.01438307762146,
1.0140682458877563,
1.0139548778533936,
1.0133631229400635,
1.0133894681930542,
1.0131715536117554,
1.0127737522125244,
1.0122448205947876,
1.0118157863616943,
1.0114834308624268,
1.0109212398529053,
1.0104769468307495,
1.0110037326812744,
1.0103516578674316,
1.0101162195205688,
1.0096800327301025,
1.009107232093811,
1.0091108083724976,
1.0087391138076782,
1.0093313455581665,
1.0082626342773438,
1.0079542398452759,
1.0069772005081177,
1.0069005489349365,
1.0067098140716553,
1.0058844089508057,
1.0058997869491577,
1.0054510831832886,
1.0048565864562988,
1.0044209957122803,
1.0043751001358032,
1.002945065498352,
1.00324547290802,
1.0029634237289429,
1.0023399591445923,
1.0020809173583984,
1.001659631729126,
1.0014876127243042,
1.0003374814987183,
0.9998370409011841,
0.9994430541992188,
0.9992528557777405,
0.9987010955810547,
0.9983491897583008,
0.998170018196106,
0.9973422884941101,
0.9977761507034302,
0.9971320033073425,
0.9965576529502869,
0.9962871670722961,
0.9959957003593445,
0.9954535365104675,
0.9946964383125305,
0.9934934973716736,
0.993160605430603,
0.9932159185409546,
0.9926803112030029,
0.9922959804534912,
0.9913530349731445,
0.9904181957244873,
0.9899819493293762,
0.988994836807251,
0.9889270067214966,
0.9885770082473755,
0.988422691822052,
0.9877464771270752,
0.9867534637451172,
0.9861751198768616,
0.9855273365974426,
0.985526978969574,
0.9851846694946289,
0.9837852716445923,
0.9837354421615601,
0.9829030632972717,
0.9824883937835693,
0.9814640879631042,
0.9813935160636902,
0.9808303713798523,
0.9803552627563477,
0.9800002574920654,
0.9792504906654358,
0.9787441492080688,
0.9777240753173828,
0.9771937727928162,
0.9768951535224915,
0.9759618043899536,
0.9748691916465759,
0.9743200540542603,
0.9734678268432617,
0.9729108214378357,
0.972423791885376,
0.9713602066040039,
0.9706575274467468,
0.9701142311096191,
0.9688382744789124,
0.968713104724884,
0.9678958058357239,
0.9671781659126282,
0.9665882587432861,
0.9652419686317444,
0.9648715853691101,
0.9641337394714355,
0.9635205864906311,
0.9627429842948914,
0.96124267578125,
0.9606878161430359,
0.9599844217300415,
0.9586097002029419,
0.957720160484314,
0.9574141502380371,
0.9563997387886047,
0.9557988047599792,
0.9549677968025208,
0.9543214440345764,
0.9531396627426147,
0.9524871110916138,
0.9515442252159119,
0.9509130716323853,
0.9494437575340271,
0.9484453797340393,
0.947550356388092,
0.9462061524391174,
0.9452682137489319,
0.9440469741821289,
0.9428105354309082,
0.9416272640228271,
0.9408316016197205,
0.9397473931312561,
0.9384881258010864,
0.9375884532928467,
0.9364745020866394,
0.9344922304153442,
0.9331104755401611,
0.9323811531066895,
0.9309725165367126,
0.9296020865440369,
0.9283414483070374,
0.9271849989891052,
0.9255117177963257,
0.9247055053710938,
0.9230020046234131,
0.9214487075805664,
0.9204916954040527,
0.9191919565200806,
0.9180402159690857,
0.916661262512207,
0.9149735569953918,
0.9137513637542725,
0.9121918678283691,
0.9106773734092712,
0.9094173312187195,
0.9077637791633606,
0.9057538509368896,
0.9040735363960266,
0.90236896276474,
0.900700569152832,
0.8991726040840149,
0.8968908786773682,
0.8953130841255188,
0.8936402797698975,
0.8911559581756592,
0.8887901902198792,
0.8855829834938049,
0.8835405707359314,
0.8825133442878723,
0.8801653385162354,
0.0,
0.0,
0.0,
0.0,
0.0,
0.0,
0.0,
0.0,
0.0,
0.0,
0.0,
0.0,
0.0,
0.0,
0.0,
0.0,
0.0,
0.0,
0.0,
0.0,
0.0,
0.0,
0.0,
0.0,
0.0,
0.0,
0.0,
0.0,
0.0,
0.0,
0.0,
0.0,
0.0,
0.0,
0.0,
0.0,
0.0,
0.0,
0.0,
0.0,
0.0,
0.0,
0.0,
0.0,
0.0,
0.0,
0.0,
0.0,
0.0,
0.0,
0.0,
0.0,
0.0,
0.0,
0.0,
0.0,
0.0,
0.0,
0.0,
0.0,
0.0,
0.0,
0.0,
0.0,
0.0,
0.0,
0.0,
0.0,
0.0,
0.0,
0.0,
0.0,
0.0,
0.0,
0.0,
0.0,
0.0,
0.0,
0.0,
0.0,
0.0,
0.0,
0.0,
0.0,
0.0,
0.0,
0.0,
0.0,
0.0,
0.0,
0.0,
0.0,
0.0,
0.0,
0.0,
0.0,
0.0,
0.0,
0.0,
0.0,
0.0,
0.0,
0.0,
0.0,
0.0,
0.0,
0.0,
0.0,
0.0,
0.0,
0.0,
0.0,
0.0,
0.0,
0.0,
0.0,
0.0,
0.0,
0.0,
0.0,
0.0,
0.0,
0.0,
0.0,
0.0,
0.0,
0.0,
0.0,
0.0,
0.0,
0.0,
0.0,
0.0,
0.0,
0.0,
0.0,
0.0,
0.0,
0.0,
0.0,
0.0,
0.0,
0.0,
0.0,
0.0,
0.0,
0.0,
0.0,
0.0,
0.0,
0.0,
0.0,
0.0,
0.0,
0.0,
0.0,
0.0,
0.0,
0.0,
0.0,
0.0,
0.0,
0.0,
0.0,
0.0,
0.0,
0.0,
0.0,
0.0,
0.0,
0.0,
0.0,
0.0,
0.0,
0.0,
0.0,
0.0,
0.0,
0.0,
0.0,
0.0,
0.0,
0.0,
0.0,
0.0,
0.0,
0.0,
0.0,
0.0,
0.0,
0.0,
0.0,
0.0,
0.0,
0.0,
0.0,
0.0,
0.0,
0.0,
0.0,
0.0,
0.0,
0.0,
0.0,
0.0,
0.0,
0.0,
0.0,
0.0,
0.0,
0.0,
0.0,
0.0,
0.0,
0.0,
0.0,
0.0,
0.0,
0.0,
0.0,
0.0,
0.0,
0.0,
0.0,
0.0,
0.0,
0.0,
0.0,
0.0,
0.0,
0.0,
0.0,
0.0,
0.0,
0.0,
0.0,
0.0,
0.0,
0.0,
0.0,
0.0,
0.0,
0.0,
0.0,
0.0,
0.0,
0.0,
0.0,
0.0,
0.0,
0.0,
0.0,
0.0,
0.0,
0.0,
0.0,
0.0,
0.0,
0.0,
0.0,
0.0,
0.0,
0.0,
0.0,
0.0,
0.0,
0.0,
0.0,
0.0,
0.0,
0.0,
0.0,
0.0,
0.0,
0.0,
0.0,
0.0,
0.0,
0.0,
0.0,
0.0,
0.0,
0.0,
0.0,
0.0,
0.0,
0.0,
0.0,
0.0,
0.0,
0.0,
0.0,
0.0,
0.0,
0.0,
0.0,
0.0,
0.0,
0.0,
0.0,
0.0,
0.0,
0.0,
0.0,
0.0,
0.0,
0.0,
0.0,
0.0,
0.0,
0.0,
0.0,
0.0,
0.0,
0.0,
0.0,
0.0,
0.0,
0.0,
0.0,
0.0,
0.0,
0.0,
0.0,
0.0,
0.0,
0.0,
0.0,
0.0,
0.0,
0.0,
0.0,
0.0,
0.0,
0.0,
0.0,
0.0,
0.0,
0.0,
0.0,
0.0,
0.0,
0.0,
0.0,
0.0,
0.0,
0.0,
0.0,
0.0,
0.0,
0.0,
0.0,
0.0,
0.0,
0.0,
0.0,
0.0,
0.0,
0.0,
0.0,
0.0,
0.0,
0.0,
0.0,
0.0,
0.0,
0.0,
0.0,
0.0,
0.0,
0.0,
0.0,
0.0,
0.0,
0.0,
0.0,
0.0,
0.0,
0.0,
0.0,
0.0,
0.0,
0.0,
0.0,
0.0,
0.0,
0.0,
0.0,
0.0,
0.0,
0.0,
0.0,
0.0,
0.0,
0.0,
0.0,
0.0,
0.0,
0.0,
0.0,
0.0,
0.0,
0.0,
0.0,
0.0,
0.0,
0.0,
0.0,
0.0,
0.0,
0.0,
0.0,
0.0,
0.0,
0.0,
0.0,
0.0,
0.0,
0.0,
0.0,
0.0,
0.0,
0.0,
0.0,
0.0,
0.0,
0.0,
0.0,
0.0,
0.0,
0.0,
0.0,
0.0,
0.0,
0.0,
0.0,
0.0,
0.0,
0.0,
0.0,
0.0,
0.0,
0.0,
0.0,
0.0,
0.0,
0.0,
0.0,
0.0,
0.0,
0.0,
0.0,
0.0,
0.0,
0.0,
0.0,
0.0,
0.0,
0.0,
0.0,
0.0,
0.0,
0.0,
0.0,
0.0,
0.0,
0.0,
0.0,
0.0,
0.0,
0.0,
0.0,
0.0,
0.0,
0.0,
0.0,
0.0,
0.0,
0.0,
0.0,
0.0,
0.0,
0.0,
0.0,
0.0,
0.0,
0.0,
0.0,
0.0,
0.0,
0.0,
0.0,
0.0,
0.0,
0.0,
0.0,
0.0,
0.0,
0.0,
0.0,
0.0,
0.0,
0.0,
0.0,
0.0,
0.0,
0.0,
0.0,
0.0,
0.0,
0.0,
0.0,
0.0,
0.0,
0.0,
0.0,
0.0,
0.0,
0.0,
0.0,
0.0,
0.0,
0.0,
0.0,
0.0,
0.0,
0.0,
0.0,
0.0,
0.0,
0.0,
0.0,
0.0,
0.0,
0.0,
0.0,
0.0,
0.0,
0.0,
0.0,
0.0,
0.0,
0.0,
0.0,
0.0,
0.0,
0.0,
0.0,
0.0,
0.0,
0.0,
0.0,
0.0,
0.0,
0.0,
0.0,
0.0,
0.0,
0.0,
0.0,
0.0,
0.0,
0.0,
0.0,
0.0,
0.0,
0.0,
0.0,
0.0,
0.0,
0.0,
0.0,
0.0,
0.0,
0.0,
0.0,
0.0,
0.0,
0.0,
0.0,
0.0,
0.0,
0.0,
0.0,
0.0,
0.0,
0.0,
0.0,
0.0,
0.0,
0.0,
0.0,
0.0,
0.0,
0.0,
0.0,
0.0,
0.0,
0.0,
0.0,
0.0,
0.0,
0.0,
0.0,
0.0,
0.0,
0.0,
0.0,
0.0,
0.0,
0.0,
0.0,
0.0,
0.0,
0.0,
0.0,
0.0,
0.0,
0.0,
0.0,
0.0,
0.0,
0.0,
0.0,
0.0,
0.0,
0.0,
0.0,
0.0,
0.0,
0.0,
0.0,
0.0,
0.0,
0.0,
0.0,
0.0,
0.0,
0.0,
0.0,
0.0,
0.0,
0.0,
0.0,
0.0,
0.0,
0.0,
0.0,
0.0,
0.0,
0.0,
0.0,
0.0,
0.0,
0.0,
0.0,
0.0,
0.0,
0.0,
0.0,
0.0,
0.0,
0.0,
0.0,
0.0,
0.0,
0.0,
0.0,
0.0,
0.0,
0.0,
0.0,
0.0,
0.0,
0.0,
0.0,
0.0,
0.0,
0.0,
0.0,
0.0,
0.0,
0.0,
0.0,
0.0,
0.0,
0.0,
0.0,
0.0,
0.0,
0.0,
0.0,
0.0,
0.0,
0.0,
0.0,
0.0,
0.0,
0.0,
0.0,
0.0,
0.0,
0.0,
0.0,
0.0,
0.0,
0.0,
0.0,
0.0,
0.0,
0.0,
0.0,
0.0,
0.0,
0.0,
0.0,
0.0,
0.0,
0.0,
0.0,
0.0,
0.0,
0.0,
0.0,
0.0,
0.0,
0.0,
0.0,
0.0,
0.0,
0.0,
0.0,
0.0,
0.0,
0.0,
0.0,
0.0,
0.0,
0.0,
0.0,
0.0,
0.0,
0.0,
0.0,
0.0,
0.0,
0.0,
0.0,
0.0,
0.0,
0.0,
0.0,
0.0,
0.0,
0.0,
0.0,
0.0,
0.0,
0.0,
0.0,
0.0,
0.0,
0.0,
0.0,
0.0,
0.0,
0.0,
0.0,
0.0,
0.0,
0.0,
0.0,
0.0,
0.0,
0.0,
0.0,
0.0,
0.0,
0.0,
0.0,
0.0,
0.0,
0.0,
0.0,
0.0,
0.0,
0.0,
0.0,
0.0,
0.0,
0.0,
0.0,
0.0,
0.0,
0.0,
0.0,
0.0,
0.0,
0.0,
0.0,
0.0,
0.0,
0.0,
0.0,
0.0,
0.0,
0.0,
0.0,
0.0,
0.0,
0.0,
0.0,
0.0,
0.0,
0.0,
0.0,
0.0,
0.0,
0.0,
0.0,
0.0,
0.0,
0.0,
0.0,
0.0,
0.0,
0.0,
0.0,
0.0,
0.0,
0.0,
0.0,
0.0,
0.0,
0.0,
0.0,
0.0,
0.0,
0.0,
0.0,
0.0,
0.0,
0.0,
0.0,
0.0,
0.0,
0.0,
0.0,
0.0,
0.0,
0.0,
0.0,
0.0,
0.0,
0.0,
0.0,
0.0,
0.0,
0.0,
0.0,
0.0,
0.0,
0.0,
0.0,
0.0,
0.0,
0.0,
0.0,
0.0,
0.0,
0.0,
0.0,
0.0,
0.0,
0.0,
0.0,
0.0,
0.0,
0.0,
0.0,
0.0,
0.0,
0.0,
0.0,
0.0,
0.0,
0.0,
0.0,
0.0,
0.0,
0.0,
0.0,
0.0,
0.0,
0.0,
0.0,
0.0,
0.0,
0.0,
0.0,
0.0,
0.0,
0.0,
0.0,
0.0,
0.0,
0.0,
0.0,
0.0,
0.0,
0.0,
0.0,
0.0,
0.0,
0.0,
0.0,
0.0,
0.0,
0.0,
0.0,
0.0,
0.0,
0.0,
0.0,
0.0,
0.0,
0.0,
0.0,
0.0,
0.0,
0.0,
0.0,
0.0,
0.0,
0.0,
0.0,
0.0,
0.0,
0.0,
0.0,
0.0,
0.0,
0.0,
0.0,
0.0,
0.0,
0.0,
0.0,
0.0,
0.0,
0.0,
0.0,
0.0,
0.0,
0.0,
0.0,
0.0,
0.0,
0.0,
0.0,
0.0,
0.0,
0.0,
0.0,
0.0,
0.0,
0.0,
0.0,
0.0,
0.0,
0.0,
0.0,
0.0,
0.0,
0.0,
0.0,
0.0,
0.0,
0.0,
0.0,
0.0,
0.0,
0.0,
0.0,
0.0,
0.0,
0.0,
0.0,
0.0,
0.0,
0.0,
0.0,
0.0,
0.0,
0.0,
0.0,
0.0,
0.0,
0.0,
0.0,
0.0,
0.0,
0.0,
0.0,
0.0,
0.0,
0.0,
0.0,
0.0,
0.0,
0.0,
0.0,
0.0,
0.0,
0.0,
0.0,
0.0,
0.0,
0.0,
0.0,
0.0,
0.0,
0.0,
0.0,
0.0,
0.0,
0.0,
0.0,
0.0,
0.0,
0.0,
0.0,
0.0,
0.0,
0.0,
0.0,
0.0,
0.0,
0.0,
0.0,
0.0,
0.0,
0.0,
0.0,
0.0,
0.0,
0.0,
0.0,
0.0,
0.0,
0.0,
0.0,
0.0,
0.0,
0.0,
0.0,
0.0,
0.0,
0.0,
0.0,
0.0,
0.0,
0.0,
0.0,
0.0,
0.0,
0.0,
0.0,
0.0,
0.0,
0.0,
0.0,
0.0,
0.0,
0.0,
0.0,
0.0,
0.0,
0.0,
0.0,
0.0,
0.0,
0.0,
0.0,
0.0,
0.0,
0.0,
0.0,
0.0,
0.0,
0.0,
0.0,
0.0,
0.0,
0.0,
0.0,
0.0,
0.0,
0.0,
0.0,
0.0,
0.0,
0.0,
0.0,
0.0,
0.0,
0.0,
0.0,
0.0,
0.0,
0.0,
0.0,
0.0,
0.0,
0.0,
0.0,
0.0,
0.0,
0.0,
0.0,
0.0,
0.0,
0.0,
0.0,
0.0,
0.0,
0.0,
0.0,
0.0,
0.0,
0.0,
0.0,
0.0,
0.0,
0.0,
0.0,
0.0,
0.0,
0.0,
0.0,
0.0,
0.0,
0.0,
0.0,
0.0,
0.0,
0.0,
0.0,
0.0,
0.0,
0.0,
0.0,
0.0,
0.0,
0.0,
0.0,
0.0,
0.0,
0.0,
0.0,
0.0,
0.0,
0.0,
0.0,
0.0,
0.0,
0.0,
0.0,
0.0,
0.0,
0.0,
0.0,
0.0,
0.0,
0.0,
0.0,
0.0,
0.0,
0.0,
0.0,
0.0,
0.0,
0.0,
0.0,
0.0,
0.0,
0.0,
0.0,
0.0,
0.0,
0.0,
0.0,
0.0,
0.0,
0.0,
0.0,
0.0,
0.0,
0.0,
0.0,
0.0,
0.0,
0.0,
0.0,
0.0,
0.0,
0.0,
0.0,
0.0,
0.0,
0.0,
0.0,
0.0,
0.0,
0.0,
0.0,
0.0,
0.0,
0.0,
0.0,
0.0,
0.0,
0.0,
0.0,
0.0,
0.0,
0.0,
0.0,
0.0,
0.0,
0.0,
0.0,
0.0,
0.0,
0.0,
0.0,
0.0,
0.0,
0.0,
0.0,
0.0,
0.0,
0.0,
0.0,
0.0,
0.0,
0.0,
0.0,
0.0,
0.0,
0.0,
0.0,
0.0,
0.0,
0.0,
0.0,
0.0,
0.0,
0.0,
0.0,
0.0,
0.0,
0.0,
0.0,
0.0,
0.0,
0.0,
0.0,
0.0,
0.0,
0.0,
0.0,
0.0,
0.0,
0.0,
0.0,
0.0,
0.0,
0.0,
0.0,
0.0,
0.0,
0.0,
0.0,
0.0,
0.0,
0.0,
0.0,
0.0,
0.0,
0.0,
0.0,
0.0,
0.0,
0.0,
0.0,
0.0,
0.0,
0.0,
0.0,
0.0,
0.0,
0.0,
0.0,
0.0,
0.0,
0.0,
0.0,
0.0,
0.0,
0.0,
0.0,
0.0,
0.0,
0.0,
0.0,
0.0,
0.0,
0.0,
0.0,
0.0,
0.0,
0.0,
0.0,
0.0,
0.0,
0.0,
0.0,
0.0,
0.0,
0.0,
0.0,
0.0,
0.0,
0.0,
0.0,
0.0,
0.0,
0.0,
0.0,
0.0,
0.0,
0.0,
0.0,
0.0,
0.0,
0.0,
0.0,
0.0,
0.0,
0.0,
0.0,
0.0,
0.0,
0.0,
0.0,
0.0,
0.0,
0.0,
0.0,
0.0,
0.0,
0.0,
0.0,
0.0,
0.0,
0.0,
0.0,
0.0,
0.0,
0.0,
0.0,
0.0,
0.0,
0.0,
0.0,
0.0,
0.0,
0.0,
0.0,
0.0,
0.0,
0.0,
0.0,
0.0,
0.0,
0.0,
0.0,
0.0,
0.0,
0.0,
0.0,
0.0,
0.0,
0.0,
0.0,
0.0,
0.0,
0.0,
0.0,
0.0,
0.0,
0.0,
0.0,
0.0,
0.0,
0.0,
0.0,
0.0,
0.0,
0.0,
0.0,
0.0,
0.0,
0.0,
0.0,
0.0,
0.0,
0.0,
0.0,
0.0,
0.0,
0.0,
0.0,
0.0,
0.0,
0.0,
0.0,
0.0,
0.0,
0.0,
0.0,
0.0,
0.0,
0.0,
0.0,
0.0,
0.0,
0.0,
0.0,
0.0,
0.0,
0.0,
0.0,
0.0,
0.0,
0.0,
0.0,
0.0,
0.0,
0.0,
0.0,
0.0,
0.0,
0.0,
0.0,
0.0,
0.0,
0.0,
0.0,
0.0,
0.0,
0.0,
0.0,
0.0,
0.0,
0.0,
0.0,
0.0,
0.0,
0.0,
0.0,
0.0,
0.0,
0.0,
0.0,
0.0,
0.0,
0.0,
0.0,
0.0,
0.0,
0.0,
0.0,
0.0,
0.0,
0.0,
0.0,
0.0,
0.0,
0.0,
0.0,
0.0,
0.0,
0.0,
0.0,
0.0,
0.0,
0.0,
0.0,
0.0,
0.0,
0.0,
0.0,
0.0,
0.0,
0.0,
0.0,
0.0,
0.0,
0.0,
0.0,
0.0,
0.0,
0.0,
0.0,
0.0,
0.0,
0.0,
0.0,
0.0,
0.0,
0.0,
0.0,
0.0,
0.0,
0.0,
0.0,
0.0,
0.0,
0.0,
0.0,
0.0,
0.0,
0.0,
0.0,
0.0,
0.0,
0.0,
0.0,
0.0,
0.0,
0.0,
0.0,
0.0,
0.0,
0.0,
0.0,
0.0,
0.0,
0.0,
0.0,
0.0,
0.0,
0.0,
0.0,
0.0,
0.0,
0.0,
0.0,
0.0,
0.0,
0.0,
0.0,
0.0,
0.0,
0.0,
0.0,
0.0,
0.0,
0.0,
0.0,
0.0,
0.0,
0.0,
0.0,
0.0,
0.0,
0.0,
0.0,
0.0,
0.0,
0.0,
0.0,
0.0,
0.0,
0.0,
0.0,
0.0,
0.0,
0.0,
0.0,
0.0,
0.0,
0.0,
0.0,
0.0,
0.0,
0.0,
0.0,
0.0,
0.0,
0.0,
0.0,
0.0,
0.0,
0.0,
0.0,
0.0,
0.0,
0.0,
0.0,
0.0,
0.0,
0.0,
0.0,
0.0,
0.0,
0.0,
0.0,
0.0,
0.0,
0.0,
0.0,
0.0,
0.0,
0.0,
0.0,
0.0,
0.0,
0.0,
0.0,
0.0,
0.0,
0.0,
0.0,
0.0,
0.0,
0.0,
0.0,
0.0,
0.0,
0.0,
0.0,
0.0,
0.0,
0.0,
0.0,
0.0,
0.0,
0.0,
0.0,
0.0,
0.0,
0.0,
0.0,
0.0,
0.0,
0.0,
0.0,
0.0,
0.0,
0.0,
0.0,
0.0,
0.0,
0.0,
0.0,
0.0,
0.0,
0.0,
0.0,
0.0,
0.0,
0.0,
0.0,
0.0,
0.0,
0.0,
0.0,
0.0,
0.0,
0.0,
0.0,
0.0,
0.0,
0.0,
0.0,
0.0,
0.0,
0.0,
0.0,
0.0,
0.0,
0.0,
0.0,
0.0,
0.0,
0.0,
0.0,
0.0,
0.0,
0.0,
0.0,
0.0,
0.0,
0.0,
0.0,
0.0,
0.0,
0.0,
0.0,
0.0,
0.0,
0.0,
0.0,
0.0,
0.0,
0.0,
0.0,
0.0,
0.0,
0.0,
0.0,
0.0,
0.0,
0.0,
0.0,
0.0,
0.0,
0.0,
0.0,
0.0,
0.0,
0.0,
0.0,
0.0,
0.0,
0.0,
0.0,
0.0,
0.0,
0.0,
0.0,
0.0,
0.0,
