1.0499999523162842,
1.0792933702468872,
1.080552101135254,
1.0813111066818237,
1.081807255744934,
1.081977367401123,
1.0821311473846436,
1.0823683738708496,
1.0825438499450684,
1.0826544761657715,
1.0828081369400024,
1.082866907119751,
1.082916259765625,
1.0829386711120605,
1.0829459428787231,
1.0829250812530518,
1.0829886198043823,
1.0829991102218628,
1.083026647567749,
1.0830268859863281,
1.0830038785934448,
1.0830192565917969,
1.0830060243606567,
1.0817286968231201,
1.0829235315322876,
1.082943081855774,
1.082971215248108,
1.082970142364502,
1.083003282546997,
1.0829881429672241,
1.0829774141311646,
1.0829277038574219,
1.082903504371643,
1.0828931331634521,
1.082901120185852,
1.0828571319580078,
1.0829116106033325,
1.082918405532837,
1.082943320274353,
1.0829226970672607,
1.0828343629837036,
1.08284330368042,
1.0828273296356201,
1.0828303098678589,
1.0828280448913574,
1.0828251838684082,
1.0827651023864746,
1.0827709436416626,
1.0827686786651611,
1.0832304954528809,
1.0834736824035645,
1.0836647748947144,
1.0837863683700562,
1.082629680633545,
1.0831905603408813,
1.0827938318252563,
1.0827420949935913,
1.0826969146728516,
1.082664966583252,
1.0826224088668823,
1.0825810432434082,
1.0825812816619873,
1.0825072526931763,
1.0825480222702026,
1.0824679136276245,
1.0824623107910156,
1.082398772239685,
1.0823935270309448,
1.0823755264282227,
1.0823532342910767,
1.082326054573059,
1.0822851657867432,
1.0822547674179077,
1.0821892023086548,
1.0821690559387207,
1.0821661949157715,
1.0821434259414673,
1.082122802734375,
1.0821282863616943,
1.0820688009262085,
1.0820683240890503,
1.0820757150650024,
1.0820529460906982,
1.0808197259902954,
1.0820218324661255,
1.081964135169983,
1.0819261074066162,
1.0819287300109863,
1.0819140672683716,
1.0818829536437988,
1.0818644762039185,
1.0818694829940796,
1.0818445682525635,
1.081818699836731,
1.0817954540252686,
1.0817883014678955,
1.0817700624465942,
1.081719994544983,
1.0817220211029053,
1.0816909074783325,
1.0816643238067627,
1.0816346406936646,
1.0815908908843994,
1.0816068649291992,
1.0815532207489014,
1.0815149545669556,
1.0814837217330933,
1.0814740657806396,
1.0815151929855347,
1.081377625465393,
1.0813652276992798,
1.0813452005386353,
1.0813065767288208,
1.0812311172485352,
1.081216812133789,
1.081213355064392,
1.0811984539031982,
1.0812046527862549,
1.0811517238616943,
1.0811275243759155,
1.0811043977737427,
1.081117033958435,
1.0810195207595825,
1.0809950828552246,
1.0809731483459473,
1.080925464630127,
1.0809260606765747,
1.080937147140503,
1.0809355974197388,
1.0808594226837158,
1.0807968378067017,
1.0807955265045166,
1.080801010131836,
1.0807077884674072,
1.0807039737701416,
1.0806634426116943,
1.0806835889816284,
1.0806392431259155,
1.0806312561035156,
1.0805691480636597,
1.0804978609085083,
1.0804786682128906,
1.0805116891860962,
1.0804773569107056,
1.080468773841858,
1.0804243087768555,
1.0804060697555542,
1.0803557634353638,
1.0803420543670654,
1.0803050994873047,
1.0802725553512573,
1.0802034139633179,
1.080182671546936,
1.080153465270996,
1.0801050662994385,
1.0800777673721313,
1.080060601234436,
1.0800108909606934,
1.0799534320831299,
1.0799449682235718,
1.0798894166946411,
1.0799033641815186,
1.0800011157989502,
1.0801588296890259,
1.0801578760147095,
1.08005952835083,
1.0798372030258179,
1.0796864032745361,
1.0796399116516113,
1.0797011852264404,
1.079854965209961,
1.0799150466918945,
1.07999849319458,
1.079972743988037,
1.0799167156219482,
1.0798403024673462,
1.0797303915023804,
1.0794813632965088,
1.0793033838272095,
1.0792279243469238,
1.0792261362075806,
1.0791730880737305,
1.0791386365890503,
1.0791112184524536,
1.0790776014328003,
1.0789955854415894,
1.0789849758148193,
1.0789376497268677,
1.0789344310760498,
1.0790019035339355,
1.0791484117507935,
1.0792685747146606,
1.0792019367218018,
1.079072117805481,
1.0788425207138062,
1.0787259340286255,
1.0786417722702026,
1.0788729190826416,
1.0790860652923584,
1.0792027711868286,
1.079258918762207,
1.0792711973190308,
1.0791995525360107,
1.079117774963379,
1.079028606414795,
1.078644871711731,
1.0783863067626953,
1.0783110857009888,
1.0783146619796753,
1.0781960487365723,
1.0781424045562744,
1.0780960321426392,
1.078061580657959,
1.0780333280563354,
1.077986717224121,
1.0780093669891357,
1.0780510902404785,
1.078109860420227,
1.0782397985458374,
1.0783207416534424,
1.0781866312026978,
1.077955961227417,
1.077730417251587,
1.0776890516281128,
1.0776147842407227,
1.0777493715286255,
1.0778812170028687,
1.0779426097869873,
1.0779531002044678,
1.0779250860214233,
1.077860951423645,
1.0777437686920166,
1.077643871307373,
1.0773656368255615,
1.0769975185394287,
1.0771815776824951,
1.0771582126617432,
1.0771113634109497,
1.077040433883667,
1.0769860744476318,
1.0769635438919067,
1.0769070386886597,
1.0769140720367432,
1.0769131183624268,
1.0768964290618896,
1.076919674873352,
1.0770974159240723,
1.077144742012024,
1.0770190954208374,
1.0767998695373535,
1.0765964984893799,
1.0765392780303955,
1.0765119791030884,
1.0766619443893433,
1.076764702796936,
1.0768461227416992,
1.0768672227859497,
1.0768026113510132,
1.0767650604248047,
1.0767220258712769,
1.0765557289123535,
1.0762383937835693,
1.0761319398880005,
1.0761102437973022,
1.0760477781295776,
1.0760002136230469,
1.0759471654891968,
1.0758774280548096,
1.0758346319198608,
1.0758055448532104,
1.075722098350525,
1.075675368309021,
1.0756670236587524,
1.0757031440734863,
1.0758126974105835,
1.075761318206787,
1.07561457157135,
1.0754845142364502,
1.0754454135894775,
1.0753531455993652,
1.0753583908081055,
1.0754684209823608,
1.0755553245544434,
1.0756303071975708,
1.075679898262024,
1.0756911039352417,
1.0756831169128418,
1.075698971748352,
1.0754867792129517,
1.0751464366912842,
1.0749424695968628,
1.0748918056488037,
1.0748037099838257,
1.0747660398483276,
1.0747363567352295,
1.0734463930130005,
1.0746169090270996,
1.0746066570281982,
1.0745785236358643,
1.0744980573654175,
1.074395775794983,
1.0744152069091797,
1.0744285583496094,
1.0743108987808228,
1.0742939710617065,
1.0742110013961792,
1.0742017030715942,
1.074045181274414,
1.0740993022918701,
1.074115514755249,
1.0741199254989624,
1.0740629434585571,
1.0740880966186523,
1.0741678476333618,
1.0741305351257324,
1.0741463899612427,
1.073915958404541,
1.0736664533615112,
1.073604702949524,
1.0734083652496338,
1.0734843015670776,
1.0734599828720093,
1.073367953300476,
1.0733517408370972,
1.0733113288879395,
1.0732131004333496,
1.0731990337371826,
1.0731254816055298,
1.0734564065933228,
1.0740444660186768,
1.0744078159332275,
1.0741546154022217,
1.0743234157562256,
1.0742757320404053,
1.07420814037323,
1.0738452672958374,
1.0742586851119995,
1.0745790004730225,
1.0747511386871338,
1.0748915672302246,
1.0748164653778076,
1.07465660572052,
1.0749497413635254,
1.0749619007110596,
1.0746816396713257,
1.0743259191513062,
1.0736950635910034,
1.0734189748764038,
1.073610544204712,
1.0735379457473755,
1.0734713077545166,
1.0734275579452515,
1.0733914375305176,
1.0729166269302368,
1.0732436180114746,
1.0731525421142578,
1.0724998712539673,
1.073107361793518,
1.0732238292694092,
1.0729886293411255,
1.073016881942749,
1.0728323459625244,
1.0727382898330688,
1.0721282958984375,
1.0728317499160767,
1.0730406045913696,
1.073195219039917,
1.0732203722000122,
1.0732896327972412,
1.073316216468811,
1.0733178853988647,
1.072892427444458,
1.0729814767837524,
1.0727603435516357,
1.0721135139465332,
1.072245717048645,
1.0721955299377441,
1.0720293521881104,
1.0716357231140137,
1.0719603300094604,
1.0715434551239014,
1.0716660022735596,
1.0713540315628052,
1.0716990232467651,
1.0718019008636475,
1.0716313123703003,
1.0714213848114014,
1.07099187374115,
1.071518063545227,
1.0715248584747314,
1.0714116096496582,
1.0712401866912842,
1.0714012384414673,
1.071582317352295,
1.0717188119888306,
1.0718048810958862,
1.0718454122543335,
1.071866750717163,
1.0715051889419556,
1.071546196937561,
1.0712199211120605,
1.0711026191711426,
1.0707542896270752,
1.0708178281784058,
1.0706195831298828,
1.070602297782898,
1.0701370239257812,
1.0699279308319092,
1.0702720880508423,
1.0697681903839111,
1.070154070854187,
1.0700628757476807,
1.0701240301132202,
1.0700335502624512,
1.0702649354934692,
1.0703120231628418,
1.0702050924301147,
1.068777322769165,
1.069851279258728,
1.0695165395736694,
1.069366455078125,
1.0699182748794556,
1.0694644451141357,
1.0700808763504028,
1.0700786113739014,
1.070180892944336,
1.0692510604858398,
1.069830060005188,
1.0696913003921509,
1.0692918300628662,
1.0690792798995972,
1.0683757066726685,
1.0685813426971436,
1.0683832168579102,
1.0684400796890259,
1.0683687925338745,
1.068166971206665,
1.0686289072036743,
1.0686486959457397,
1.0681384801864624,
1.0681688785552979,
1.0681871175765991,
1.0681833028793335,
1.0679893493652344,
1.0683963298797607,
1.0681445598602295,
1.0681166648864746,
1.0677802562713623,
1.0668021440505981,
1.0676169395446777,
1.0682576894760132,
1.0681442022323608,
1.0681325197219849,
1.068092703819275,
1.0676946640014648,
1.0679006576538086,
1.068037986755371,
1.0676897764205933,
1.0673613548278809,
1.0665534734725952,
1.0670113563537598,
1.0667240619659424,
1.0667698383331299,
1.0671074390411377,
1.0669975280761719,
1.066449522972107,
1.0661427974700928,
1.0663554668426514,
1.0659478902816772,
1.065915584564209,
1.0662782192230225,
1.0662922859191895,
1.0661594867706299,
1.0663163661956787,
1.0659416913986206,
1.0659230947494507,
1.0659353733062744,
1.066057562828064,
1.0659950971603394,
1.0653607845306396,
1.0668503046035767,
1.0668308734893799,
1.0667318105697632,
1.0661851167678833,
1.0665115118026733,
1.065935492515564,
1.0658069849014282,
1.0653586387634277,
1.0657018423080444,
1.0652281045913696,
1.0652645826339722,
1.0647597312927246,
1.0638346672058105,
1.0637471675872803,
1.0618681907653809,
1.0618751049041748,
1.062992811203003,
1.0638254880905151,
1.0634945631027222,
1.063376545906067,
1.0631471872329712,
1.0631623268127441,
1.062538743019104,
1.0630627870559692,
1.0626425743103027,
1.062814712524414,
1.0628961324691772,
1.0631661415100098,
1.0627652406692505,
1.062644124031067,
1.0628315210342407,
1.0626882314682007,
1.0631940364837646,
1.0626072883605957,
1.0626561641693115,
1.0621094703674316,
1.0617585182189941,
1.0620638132095337,
1.0617468357086182,
1.0617362260818481,
1.0617091655731201,
1.0615283250808716,
1.0616408586502075,
1.0615923404693604,
1.061015009880066,
1.0609480142593384,
1.0614484548568726,
1.061022400856018,
1.0613248348236084,
1.0609140396118164,
1.0607103109359741,
1.0604078769683838,
1.0604292154312134,
1.060722827911377,
1.0609654188156128,
1.0606516599655151,
1.0606191158294678,
1.0608707666397095,
1.060958981513977,
1.0608835220336914,
1.0603808164596558,
1.0596833229064941,
1.0598596334457397,
1.0598584413528442,
1.059907078742981,
1.0596431493759155,
1.059726357460022,
1.0590862035751343,
1.0589364767074585,
1.0592081546783447,
1.059326171875,
1.0589773654937744,
1.0587489604949951,
1.058779239654541,
1.0582656860351562,
1.0587010383605957,
1.0586363077163696,
1.0584666728973389,
1.0585397481918335,
1.0583966970443726,
1.058379888534546,
1.0577155351638794,
1.0584449768066406,
1.0584466457366943,
1.0583997964859009,
1.058820128440857,
1.0583797693252563,
1.0582939386367798,
1.058247685432434,
1.0582369565963745,
1.057685375213623,
1.0578250885009766,
1.0558834075927734,
1.0570732355117798,
1.0570287704467773,
1.0568336248397827,
1.0565327405929565,
1.0571163892745972,
1.056691288948059,
1.0566540956497192,
1.0565296411514282,
1.056739330291748,
1.0565515756607056,
1.0560684204101562,
1.056524395942688,
1.0562431812286377,
1.0559802055358887,
1.0560073852539062,
1.0559362173080444,
1.0558712482452393,
1.0559848546981812,
1.0561456680297852,
1.055972695350647,
1.0560070276260376,
1.055951714515686,
1.0559319257736206,
1.0556625127792358,
1.055292010307312,
1.0551174879074097,
1.0549107789993286,
1.0548005104064941,
1.0545463562011719,
1.054425597190857,
1.0543843507766724,
1.0543756484985352,
1.0541722774505615,
1.0538994073867798,
1.0543147325515747,
1.0537089109420776,
1.0542023181915283,
1.053578495979309,
1.053396463394165,
1.0535026788711548,
1.053260087966919,
1.0530637502670288,
1.053458571434021,
1.0536644458770752,
1.0534323453903198,
1.0531601905822754,
1.0527949333190918,
1.0531070232391357,
1.052683711051941,
1.0526454448699951,
1.0524359941482544,
1.0520412921905518,
1.0524399280548096,
1.0520260334014893,
1.0523347854614258,
1.0516974925994873,
1.0518666505813599,
1.0518412590026855,
1.0519953966140747,
1.0514072179794312,
1.0510879755020142,
1.051425576210022,
1.0508710145950317,
1.050439476966858,
1.050646424293518,
1.0503329038619995,
1.0506583452224731,
1.0500562191009521,
1.0506041049957275,
1.0500847101211548,
1.0498783588409424,
1.0497331619262695,
1.0497559309005737,
1.0496535301208496,
1.0496388673782349,
1.049085021018982,
1.049280047416687,
1.0492074489593506,
1.0485399961471558,
1.0489615201950073,
1.0486767292022705,
1.0488733053207397,
1.0486071109771729,
1.047922968864441,
1.0475952625274658,
1.0478774309158325,
1.0478874444961548,
1.0474579334259033,
1.0473920106887817,
1.047311782836914,
1.0472644567489624,
1.0469141006469727,
1.0466604232788086,
1.0467630624771118,
1.0466564893722534,
1.0466119050979614,
1.0466747283935547,
1.046172022819519,
1.045934796333313,
1.045517921447754,
1.0457295179367065,
1.045040488243103,
1.0449131727218628,
1.0450944900512695,
1.044771671295166,
1.0452524423599243,
1.0450575351715088,
1.0446281433105469,
1.0446147918701172,
1.0444111824035645,
1.0445492267608643,
1.0439038276672363,
1.0438101291656494,
1.0435025691986084,
1.043658971786499,
1.0434321165084839,
1.0429742336273193,
1.042895793914795,
1.0426236391067505,
1.0425857305526733,
1.0425097942352295,
1.0422292947769165,
1.042076587677002,
1.0415581464767456,
1.0420324802398682,
1.0417115688323975,
1.0412216186523438,
1.0412867069244385,
1.0411521196365356,
1.0410655736923218,
1.040940761566162,
1.0407278537750244,
1.0405360460281372,
1.0403902530670166,
1.0401294231414795,
1.0397063493728638,
1.0401345491409302,
1.0393805503845215,
1.039912462234497,
1.0397287607192993,
1.039644479751587,
1.039281964302063,
1.0387940406799316,
1.0388455390930176,
1.0384219884872437,
1.0377671718597412,
1.03816819190979,
1.0379846096038818,
1.0374140739440918,
1.0377463102340698,
1.0375903844833374,
1.0371098518371582,
1.0370984077453613,
1.037227749824524,
1.0367021560668945,
1.0363895893096924,
1.0371071100234985,
1.0364383459091187,
1.036481499671936,
1.0355991125106812,
1.035509705543518,
1.0355329513549805,
1.035476565361023,
1.0352498292922974,
1.0355732440948486,
1.0355138778686523,
1.0353776216506958,
1.0350421667099,
1.0351948738098145,
1.0351942777633667,
1.035030484199524,
1.034803867340088,
1.034490704536438,
1.0340678691864014,
1.0333471298217773,
1.0330016613006592,
1.0327138900756836,
1.0321388244628906,
1.031469702720642,
1.0318164825439453,
1.0316044092178345,
1.0307660102844238,
1.0313347578048706,
1.0310372114181519,
1.0304303169250488,
1.030333399772644,
1.0301673412322998,
1.0298798084259033,
1.0294225215911865,
1.0296063423156738,
1.028037428855896,
1.0286414623260498,
1.0288662910461426,
1.0286732912063599,
1.0283859968185425,
1.0285857915878296,
1.0275245904922485,
1.0280134677886963,
1.0276025533676147,
1.0276037454605103,
1.0273481607437134,
1.026681661605835,
1.0262467861175537,
1.0260083675384521,
1.0256450176239014,
1.0254888534545898,
1.0246591567993164,
1.0247470140457153,
1.0245075225830078,
1.024125576019287,
1.0233441591262817,
1.023270845413208,
1.0231951475143433,
1.0227371454238892,
1.022525429725647,
1.0220624208450317,
1.021883487701416,
1.0213552713394165,
1.0216728448867798,
1.020894169807434,
1.0205183029174805,
1.0204159021377563,
1.0200616121292114,
1.020139217376709,
1.0195306539535522,
1.0199867486953735,
1.0196864604949951,
1.0194127559661865,
1.0193188190460205,
1.0187352895736694,
1.018417477607727,
1.0180269479751587,
1.0168817043304443,
1.0169765949249268,
1.0164610147476196,
1.0161648988723755,
1.015723466873169,
1.0151492357254028,
1.0148892402648926,
1.0148825645446777,
1.0144261121749878,
1.013879418373108,
1.0136440992355347,
1.0129891633987427,
1.0128110647201538,
1.0121560096740723,
1.0117295980453491,
1.0115478038787842,
1.0110315084457397,
1.010482668876648,
1.0102732181549072,
1.0097055435180664,
1.0095880031585693,
1.0090922117233276,
1.0091956853866577,
1.0084474086761475,
1.00857675075531,
1.0080251693725586,
1.0078003406524658,
1.0074920654296875,
1.0068074464797974,
1.0063101053237915,
1.0055241584777832,
1.0047037601470947,
1.0043656826019287,
1.0039093494415283,
1.0032349824905396,
1.0029780864715576,
1.002340316772461,
1.0019887685775757,
1.001410961151123,
1.000967264175415,
1.0006275177001953,
1.0001661777496338,
0.9991186261177063,
0.9988831877708435,
0.9984073042869568,
0.9979539513587952,
0.9974686503410339,
0.9966297745704651,
0.9967139363288879,
0.9958469271659851,
0.9954535365104675,
0.9952096343040466,
0.9950059056282043,
0.994106650352478,
0.993861734867096,
0.9931567311286926,
0.9917271733283997,
0.9925904870033264,
0.9916582703590393,
0.9912457466125488,
0.9903672337532043,
0.9900173544883728,
0.9889898300170898,
0.9888840913772583,
0.9884945154190063,
0.9877279996871948,
0.9869884252548218,
0.9866886734962463,
0.9858699440956116,
0.985581636428833,
0.9849708080291748,
0.9842296838760376,
0.9837780594825745,
0.9830363988876343,
0.9828777313232422,
0.9821624755859375,
0.9813063740730286,
0.9809057712554932,
0.9802147746086121,
0.9794213771820068,
0.9791513085365295,
0.978819727897644,
0.9786227941513062,
0.9776473045349121,
0.977103054523468,
0.9764087796211243,
0.9758055210113525,
0.975236713886261,
0.982569694519043,
0.9744170308113098,
0.9734236598014832,
0.9725214242935181,
0.9719215035438538,
0.9713034629821777,
0.9701016545295715,
0.9694289565086365,
0.9691288471221924,
0.9680637121200562,
0.9672555923461914,
0.9664839506149292,
0.9659942388534546,
0.965632438659668,
0.9646245837211609,
0.963950514793396,
0.9632962346076965,
0.9625983834266663,
0.961726188659668,
0.9615598917007446,
0.9609442949295044,
0.960381269454956,
0.9599056839942932,
0.959187924861908,
0.9583855271339417,
0.9582309722900391,
0.9569540023803711,
0.9562609791755676,
0.9560719728469849,
0.9548442363739014,
0.9545615911483765,
0.9534750580787659,
0.9529023170471191,
0.952109694480896,
0.9514788389205933,
0.9505707025527954,
0.9502021670341492,
0.9495623707771301,
0.9488000273704529,
0.9478245973587036,
0.9474789500236511,
0.946754515171051,
0.9461751580238342,
0.945580244064331,
0.9449484348297119,
0.9441716074943542,
0.9433872699737549,
0.942844808101654,
0.9416974782943726,
0.9411616325378418,
0.940827488899231,
0.9402449131011963,
0.9395973682403564,
0.9394237399101257,
0.9386454820632935,
0.938259482383728,
0.9378128051757812,
0.937046468257904,
0.9364388585090637,
0.935787558555603,
0.9348013997077942,
0.9340545535087585,
0.9331239461898804,
0.9323800802230835,
0.9318078756332397,
0.9308534264564514,
0.9287363886833191,
0.9295212030410767,
0.928723156452179,
0.927980363368988,
0.9272484183311462,
0.9266317486763,
0.9260234236717224,
0.9251513481140137,
0.9242672920227051,
0.9228895306587219,
0.921818196773529,
0.9213408827781677,
0.9208809733390808,
0.9191346168518066,
0.9184946417808533,
0.9181695580482483,
0.9167119264602661,
0.9157145619392395,
0.9149934649467468,
0.915091872215271,
0.9139466285705566,
0.9129121899604797,
0.9119257926940918,
0.9115119576454163,
0.9105725884437561,
0.9096090793609619,
0.908602237701416,
0.9081690311431885,
0.9065947532653809,
0.9054387807846069,
0.904516875743866,
0.9039797782897949,
0.9024484753608704,
0.9013469815254211,
0.9002431631088257,
0.8994069695472717,
0.8981949687004089,
0.8970814347267151,
0.8961607217788696,
0.8954166173934937,
0.8941138982772827,
0.892699122428894,
0.8919761776924133,
0.8910277485847473,
0.8901243209838867,
0.8891567587852478,
0.8881209492683411,
0.8869930505752563,
0.8860037326812744,
0.8845668435096741,
0.8840375542640686,
0.8827152252197266,
0.88166743516922,
0.8806645274162292,
0.8806645274162292,
0.8806645274162292,
0.0,
0.0,
0.0,
0.0,
0.0,
0.0,
0.0,
0.0,
0.0,
0.0,
0.0,
0.0,
0.0,
0.0,
0.0,
0.0,
0.0,
0.0,
0.0,
0.0,
0.0,
0.0,
0.0,
0.0,
0.0,
0.0,
0.0,
0.0,
0.0,
0.0,
0.0,
0.0,
0.0,
0.0,
0.0,
0.0,
0.0,
0.0,
0.0,
0.0,
0.0,
0.0,
0.0,
0.0,
0.0,
0.0,
0.0,
0.0,
0.0,
0.0,
0.0,
0.0,
0.0,
0.0,
0.0,
0.0,
0.0,
0.0,
0.0,
0.0,
0.0,
0.0,
0.0,
0.0,
0.0,
0.0,
0.0,
0.0,
0.0,
0.0,
0.0,
0.0,
0.0,
0.0,
0.0,
0.0,
0.0,
0.0,
0.0,
0.0,
0.0,
0.0,
0.0,
0.0,
0.0,
0.0,
0.0,
0.0,
0.0,
0.0,
0.0,
0.0,
0.0,
0.0,
0.0,
0.0,
0.0,
0.0,
0.0,
0.0,
0.0,
0.0,
0.0,
0.0,
0.0,
0.0,
0.0,
0.0,
0.0,
0.0,
0.0,
0.0,
0.0,
0.0,
0.0,
0.0,
0.0,
0.0,
0.0,
0.0,
0.0,
0.0,
0.0,
0.0,
0.0,
0.0,
0.0,
0.0,
0.0,
0.0,
0.0,
0.0,
0.0,
0.0,
0.0,
0.0,
0.0,
0.0,
0.0,
0.0,
0.0,
0.0,
0.0,
0.0,
0.0,
0.0,
0.0,
0.0,
0.0,
0.0,
0.0,
0.0,
0.0,
0.0,
0.0,
0.0,
0.0,
0.0,
0.0,
0.0,
0.0,
0.0,
0.0,
0.0,
0.0,
0.0,
0.0,
0.0,
0.0,
0.0,
0.0,
0.0,
0.0,
0.0,
0.0,
0.0,
0.0,
0.0,
0.0,
0.0,
0.0,
0.0,
0.0,
0.0,
0.0,
0.0,
0.0,
0.0,
0.0,
0.0,
0.0,
0.0,
0.0,
0.0,
0.0,
0.0,
0.0,
0.0,
0.0,
0.0,
0.0,
0.0,
0.0,
0.0,
0.0,
0.0,
0.0,
0.0,
0.0,
0.0,
0.0,
0.0,
0.0,
0.0,
0.0,
0.0,
0.0,
0.0,
0.0,
0.0,
0.0,
0.0,
0.0,
0.0,
0.0,
0.0,
0.0,
0.0,
0.0,
0.0,
0.0,
0.0,
0.0,
0.0,
0.0,
0.0,
0.0,
0.0,
0.0,
0.0,
0.0,
0.0,
0.0,
0.0,
0.0,
0.0,
0.0,
0.0,
0.0,
0.0,
0.0,
0.0,
0.0,
0.0,
0.0,
0.0,
0.0,
0.0,
0.0,
0.0,
0.0,
0.0,
0.0,
0.0,
0.0,
0.0,
0.0,
0.0,
0.0,
0.0,
0.0,
0.0,
0.0,
0.0,
0.0,
0.0,
0.0,
0.0,
0.0,
0.0,
0.0,
0.0,
0.0,
0.0,
0.0,
0.0,
0.0,
0.0,
0.0,
0.0,
0.0,
0.0,
0.0,
0.0,
0.0,
0.0,
0.0,
0.0,
0.0,
0.0,
0.0,
0.0,
0.0,
0.0,
0.0,
0.0,
0.0,
0.0,
0.0,
0.0,
0.0,
0.0,
0.0,
0.0,
0.0,
0.0,
0.0,
0.0,
0.0,
0.0,
0.0,
0.0,
0.0,
0.0,
0.0,
0.0,
0.0,
0.0,
0.0,
0.0,
0.0,
0.0,
0.0,
0.0,
0.0,
0.0,
0.0,
0.0,
0.0,
0.0,
0.0,
0.0,
0.0,
0.0,
0.0,
0.0,
0.0,
0.0,
0.0,
0.0,
0.0,
0.0,
0.0,
0.0,
0.0,
0.0,
0.0,
0.0,
0.0,
0.0,
0.0,
0.0,
0.0,
0.0,
0.0,
0.0,
0.0,
0.0,
0.0,
0.0,
0.0,
0.0,
0.0,
0.0,
0.0,
0.0,
0.0,
0.0,
0.0,
0.0,
0.0,
0.0,
0.0,
0.0,
0.0,
0.0,
0.0,
0.0,
0.0,
0.0,
0.0,
0.0,
0.0,
0.0,
0.0,
0.0,
0.0,
0.0,
0.0,
0.0,
0.0,
0.0,
0.0,
0.0,
0.0,
0.0,
0.0,
0.0,
0.0,
0.0,
0.0,
0.0,
0.0,
0.0,
0.0,
0.0,
0.0,
0.0,
0.0,
0.0,
0.0,
0.0,
0.0,
0.0,
0.0,
0.0,
0.0,
0.0,
0.0,
0.0,
0.0,
0.0,
0.0,
0.0,
0.0,
0.0,
0.0,
0.0,
0.0,
0.0,
0.0,
0.0,
0.0,
0.0,
0.0,
0.0,
0.0,
0.0,
0.0,
0.0,
0.0,
0.0,
0.0,
0.0,
0.0,
0.0,
0.0,
0.0,
0.0,
0.0,
0.0,
0.0,
0.0,
0.0,
0.0,
0.0,
0.0,
0.0,
0.0,
0.0,
0.0,
0.0,
0.0,
0.0,
0.0,
0.0,
0.0,
0.0,
0.0,
0.0,
0.0,
0.0,
0.0,
0.0,
0.0,
0.0,
0.0,
0.0,
0.0,
0.0,
0.0,
0.0,
0.0,
0.0,
0.0,
0.0,
0.0,
0.0,
0.0,
0.0,
0.0,
0.0,
0.0,
0.0,
0.0,
0.0,
0.0,
0.0,
0.0,
0.0,
0.0,
0.0,
0.0,
0.0,
0.0,
0.0,
0.0,
0.0,
0.0,
0.0,
0.0,
0.0,
0.0,
0.0,
0.0,
0.0,
0.0,
0.0,
0.0,
0.0,
0.0,
0.0,
0.0,
0.0,
0.0,
0.0,
0.0,
0.0,
0.0,
0.0,
0.0,
0.0,
0.0,
0.0,
0.0,
0.0,
0.0,
0.0,
0.0,
0.0,
0.0,
0.0,
0.0,
0.0,
0.0,
0.0,
0.0,
0.0,
0.0,
0.0,
0.0,
0.0,
0.0,
0.0,
0.0,
0.0,
0.0,
0.0,
0.0,
0.0,
0.0,
0.0,
0.0,
0.0,
0.0,
0.0,
0.0,
0.0,
0.0,
0.0,
0.0,
0.0,
0.0,
0.0,
0.0,
0.0,
0.0,
0.0,
0.0,
0.0,
0.0,
0.0,
0.0,
0.0,
0.0,
0.0,
0.0,
0.0,
0.0,
0.0,
0.0,
0.0,
0.0,
0.0,
0.0,
0.0,
0.0,
0.0,
0.0,
0.0,
0.0,
0.0,
0.0,
0.0,
0.0,
0.0,
0.0,
0.0,
0.0,
0.0,
0.0,
0.0,
0.0,
0.0,
0.0,
0.0,
0.0,
0.0,
0.0,
0.0,
0.0,
0.0,
0.0,
0.0,
0.0,
0.0,
0.0,
0.0,
0.0,
0.0,
0.0,
0.0,
0.0,
0.0,
0.0,
0.0,
0.0,
0.0,
0.0,
0.0,
0.0,
0.0,
0.0,
0.0,
0.0,
0.0,
0.0,
0.0,
0.0,
0.0,
0.0,
0.0,
0.0,
0.0,
0.0,
0.0,
0.0,
0.0,
0.0,
0.0,
0.0,
0.0,
0.0,
0.0,
0.0,
0.0,
0.0,
0.0,
0.0,
0.0,
0.0,
0.0,
0.0,
0.0,
0.0,
0.0,
0.0,
0.0,
0.0,
0.0,
0.0,
0.0,
0.0,
0.0,
0.0,
0.0,
0.0,
0.0,
0.0,
0.0,
0.0,
0.0,
0.0,
0.0,
0.0,
0.0,
0.0,
0.0,
0.0,
0.0,
0.0,
0.0,
0.0,
0.0,
0.0,
0.0,
0.0,
0.0,
0.0,
0.0,
0.0,
0.0,
0.0,
0.0,
0.0,
0.0,
0.0,
0.0,
0.0,
0.0,
0.0,
0.0,
0.0,
0.0,
0.0,
0.0,
0.0,
0.0,
0.0,
0.0,
0.0,
0.0,
0.0,
0.0,
0.0,
0.0,
0.0,
0.0,
0.0,
0.0,
0.0,
0.0,
0.0,
0.0,
0.0,
0.0,
0.0,
0.0,
0.0,
0.0,
0.0,
0.0,
0.0,
0.0,
0.0,
0.0,
0.0,
0.0,
0.0,
0.0,
0.0,
0.0,
0.0,
0.0,
0.0,
0.0,
0.0,
0.0,
0.0,
0.0,
0.0,
0.0,
0.0,
0.0,
0.0,
0.0,
0.0,
0.0,
0.0,
0.0,
0.0,
0.0,
0.0,
0.0,
0.0,
0.0,
0.0,
0.0,
0.0,
0.0,
0.0,
0.0,
0.0,
0.0,
0.0,
0.0,
0.0,
0.0,
0.0,
0.0,
0.0,
0.0,
0.0,
0.0,
0.0,
0.0,
0.0,
0.0,
0.0,
0.0,
0.0,
0.0,
0.0,
0.0,
0.0,
0.0,
0.0,
0.0,
0.0,
0.0,
0.0,
0.0,
0.0,
0.0,
0.0,
0.0,
0.0,
0.0,
0.0,
0.0,
0.0,
0.0,
0.0,
0.0,
0.0,
0.0,
0.0,
0.0,
0.0,
0.0,
0.0,
0.0,
0.0,
0.0,
0.0,
0.0,
0.0,
0.0,
0.0,
0.0,
0.0,
0.0,
0.0,
0.0,
0.0,
0.0,
0.0,
0.0,
0.0,
0.0,
0.0,
0.0,
0.0,
0.0,
0.0,
0.0,
0.0,
0.0,
0.0,
0.0,
0.0,
0.0,
0.0,
0.0,
0.0,
0.0,
0.0,
0.0,
0.0,
0.0,
0.0,
0.0,
0.0,
0.0,
0.0,
0.0,
0.0,
0.0,
0.0,
0.0,
0.0,
0.0,
0.0,
0.0,
0.0,
0.0,
0.0,
0.0,
0.0,
0.0,
0.0,
0.0,
0.0,
0.0,
0.0,
0.0,
0.0,
0.0,
0.0,
0.0,
0.0,
0.0,
0.0,
0.0,
0.0,
0.0,
0.0,
0.0,
0.0,
0.0,
0.0,
0.0,
0.0,
0.0,
0.0,
0.0,
0.0,
0.0,
0.0,
0.0,
0.0,
0.0,
0.0,
0.0,
0.0,
0.0,
0.0,
0.0,
0.0,
0.0,
0.0,
0.0,
0.0,
0.0,
0.0,
0.0,
0.0,
0.0,
0.0,
0.0,
0.0,
0.0,
0.0,
0.0,
0.0,
0.0,
0.0,
0.0,
0.0,
0.0,
0.0,
0.0,
0.0,
0.0,
0.0,
0.0,
0.0,
0.0,
0.0,
0.0,
0.0,
0.0,
0.0,
0.0,
0.0,
0.0,
0.0,
0.0,
0.0,
0.0,
0.0,
0.0,
0.0,
0.0,
0.0,
0.0,
0.0,
0.0,
0.0,
0.0,
0.0,
0.0,
0.0,
0.0,
0.0,
0.0,
0.0,
0.0,
0.0,
0.0,
0.0,
0.0,
0.0,
0.0,
0.0,
0.0,
0.0,
0.0,
0.0,
0.0,
0.0,
0.0,
0.0,
0.0,
0.0,
0.0,
0.0,
0.0,
0.0,
0.0,
0.0,
0.0,
0.0,
0.0,
0.0,
0.0,
0.0,
0.0,
0.0,
0.0,
0.0,
0.0,
0.0,
0.0,
0.0,
0.0,
0.0,
0.0,
0.0,
0.0,
0.0,
0.0,
0.0,
0.0,
0.0,
0.0,
0.0,
0.0,
0.0,
0.0,
0.0,
0.0,
0.0,
0.0,
0.0,
0.0,
0.0,
0.0,
0.0,
0.0,
0.0,
0.0,
0.0,
0.0,
0.0,
0.0,
0.0,
0.0,
0.0,
0.0,
0.0,
0.0,
0.0,
0.0,
0.0,
0.0,
0.0,
0.0,
0.0,
0.0,
0.0,
0.0,
0.0,
0.0,
0.0,
0.0,
0.0,
0.0,
0.0,
0.0,
0.0,
0.0,
0.0,
0.0,
0.0,
0.0,
0.0,
0.0,
0.0,
0.0,
0.0,
0.0,
0.0,
0.0,
0.0,
0.0,
0.0,
0.0,
0.0,
0.0,
0.0,
0.0,
0.0,
0.0,
0.0,
0.0,
0.0,
0.0,
0.0,
0.0,
0.0,
0.0,
0.0,
0.0,
0.0,
0.0,
0.0,
0.0,
0.0,
0.0,
0.0,
0.0,
0.0,
0.0,
0.0,
0.0,
0.0,
0.0,
0.0,
0.0,
0.0,
0.0,
0.0,
0.0,
0.0,
0.0,
0.0,
0.0,
0.0,
0.0,
0.0,
0.0,
0.0,
0.0,
0.0,
0.0,
0.0,
0.0,
0.0,
0.0,
0.0,
0.0,
0.0,
0.0,
0.0,
0.0,
0.0,
0.0,
0.0,
0.0,
0.0,
0.0,
0.0,
0.0,
0.0,
0.0,
0.0,
0.0,
0.0,
0.0,
0.0,
0.0,
0.0,
0.0,
0.0,
0.0,
0.0,
0.0,
0.0,
0.0,
0.0,
0.0,
0.0,
0.0,
0.0,
0.0,
0.0,
0.0,
0.0,
0.0,
0.0,
0.0,
0.0,
0.0,
0.0,
0.0,
0.0,
0.0,
0.0,
0.0,
0.0,
0.0,
0.0,
0.0,
0.0,
0.0,
0.0,
0.0,
0.0,
0.0,
0.0,
0.0,
0.0,
0.0,
0.0,
0.0,
0.0,
0.0,
0.0,
0.0,
0.0,
0.0,
0.0,
0.0,
0.0,
0.0,
0.0,
0.0,
0.0,
0.0,
0.0,
0.0,
0.0,
0.0,
0.0,
0.0,
0.0,
0.0,
0.0,
0.0,
0.0,
0.0,
0.0,
0.0,
0.0,
0.0,
0.0,
0.0,
0.0,
0.0,
0.0,
0.0,
0.0,
0.0,
0.0,
0.0,
0.0,
0.0,
0.0,
0.0,
0.0,
0.0,
0.0,
0.0,
0.0,
0.0,
0.0,
0.0,
0.0,
