1.0499999523162842,
1.0745354890823364,
1.0755144357681274,
1.0761921405792236,
1.0764751434326172,
1.0769914388656616,
1.0772000551223755,
1.0773504972457886,
1.0774465799331665,
1.0777039527893066,
1.0779180526733398,
1.0779328346252441,
1.0780599117279053,
1.0781316757202148,
1.078079342842102,
1.0781141519546509,
1.0781769752502441,
1.078230619430542,
1.0782139301300049,
1.0782995223999023,
1.0783032178878784,
1.078328013420105,
1.0782109498977661,
1.0783392190933228,
1.07709538936615,
1.0782816410064697,
1.0782203674316406,
1.0783177614212036,
1.078503966331482,
1.0784962177276611,
1.0784822702407837,
1.0786821842193604,
1.0785157680511475,
1.0785722732543945,
1.0786314010620117,
1.0786495208740234,
1.0786845684051514,
1.0787391662597656,
1.0786514282226562,
1.0774556398391724,
1.0786817073822021,
1.0786375999450684,
1.0785598754882812,
1.0773626565933228,
1.0786625146865845,
1.078610897064209,
1.0785207748413086,
1.078559160232544,
1.0785398483276367,
1.0785309076309204,
1.0786478519439697,
1.0788483619689941,
1.0789719820022583,
1.0790749788284302,
1.07903254032135,
1.0784971714019775,
1.0784027576446533,
1.0784188508987427,
1.0784260034561157,
1.0784494876861572,
1.0785013437271118,
1.0784342288970947,
1.078461766242981,
1.0783838033676147,
1.078377604484558,
1.078294038772583,
1.0783766508102417,
1.0783796310424805,
1.0782870054244995,
1.0771291255950928,
1.0781919956207275,
1.076941967010498,
1.0782396793365479,
1.078136682510376,
1.0780915021896362,
1.0781207084655762,
1.0780107975006104,
1.0782045125961304,
1.0780776739120483,
1.078016996383667,
1.077950119972229,
1.078035831451416,
1.0778324604034424,
1.077906608581543,
1.0780367851257324,
1.0779145956039429,
1.0778836011886597,
1.0777984857559204,
1.0777652263641357,
1.077811360359192,
1.0777078866958618,
1.0777746438980103,
1.0777181386947632,
1.0777857303619385,
1.0777300596237183,
1.0777274370193481,
1.0763521194458008,
1.0764607191085815,
1.0776407718658447,
1.0776313543319702,
1.0776454210281372,
1.0775762796401978,
1.0774757862091064,
1.077463984489441,
1.0774489641189575,
1.077414631843567,
1.0773299932479858,
1.0772403478622437,
1.0772788524627686,
1.077272653579712,
1.0772947072982788,
1.077214241027832,
1.0771749019622803,
1.0771214962005615,
1.0771205425262451,
1.0770930051803589,
1.077072024345398,
1.0770697593688965,
1.0771238803863525,
1.0771409273147583,
1.0770983695983887,
1.076960802078247,
1.0769926309585571,
1.0768709182739258,
1.0768506526947021,
1.076837420463562,
1.0766531229019165,
1.0766676664352417,
1.0767192840576172,
1.0766651630401611,
1.0766218900680542,
1.0765666961669922,
1.0765951871871948,
1.076485514640808,
1.0764009952545166,
1.0764896869659424,
1.0762642621994019,
1.076431393623352,
1.0763145685195923,
1.0762990713119507,
1.0763071775436401,
1.0762672424316406,
1.0761747360229492,
1.0749590396881104,
1.07614004611969,
1.0760748386383057,
1.075973629951477,
1.0759516954421997,
1.0759810209274292,
1.0760037899017334,
1.075974941253662,
1.0758589506149292,
1.0759357213974,
1.075900673866272,
1.075924277305603,
1.0755971670150757,
1.075714111328125,
1.0758066177368164,
1.0756182670593262,
1.0756170749664307,
1.0756319761276245,
1.0755361318588257,
1.0756094455718994,
1.075742244720459,
1.075706124305725,
1.0755765438079834,
1.0753768682479858,
1.0752763748168945,
1.0751631259918213,
1.0752633810043335,
1.0754188299179077,
1.0755279064178467,
1.0755293369293213,
1.0743473768234253,
1.0755418539047241,
1.0753837823867798,
1.0752698183059692,
1.074914574623108,
1.075033187866211,
1.074723720550537,
1.0748894214630127,
1.0748268365859985,
1.0747078657150269,
1.074537754058838,
1.074680209159851,
1.0746042728424072,
1.0745693445205688,
1.0742732286453247,
1.0745751857757568,
1.0747038125991821,
1.0747642517089844,
1.074902057647705,
1.0746454000473022,
1.0745683908462524,
1.0743738412857056,
1.0742636919021606,
1.0742543935775757,
1.0745298862457275,
1.0747119188308716,
1.0746939182281494,
1.07461416721344,
1.0747389793395996,
1.0746039152145386,
1.0733827352523804,
1.0743603706359863,
1.074040412902832,
1.0716098546981812,
1.0739191770553589,
1.0738317966461182,
1.0700585842132568,
1.068830966949463,
1.073585033416748,
1.0735141038894653,
1.0735300779342651,
1.07357919216156,
1.0735130310058594,
1.0736808776855469,
1.073787808418274,
1.073806643486023,
1.07368004322052,
1.0735317468643188,
1.073179841041565,
1.0732473134994507,
1.0731465816497803,
1.0731854438781738,
1.0732793807983398,
1.0733734369277954,
1.0733839273452759,
1.07332181930542,
1.073365569114685,
1.0731594562530518,
1.073068380355835,
1.0728421211242676,
1.072616457939148,
1.0726691484451294,
1.0726583003997803,
1.0726417303085327,
1.0725239515304565,
1.0724791288375854,
1.0724009275436401,
1.0723719596862793,
1.0723707675933838,
1.0722898244857788,
1.0722813606262207,
1.0722112655639648,
1.0724436044692993,
1.0723650455474854,
1.0713003873825073,
1.0718708038330078,
1.0719492435455322,
1.0719459056854248,
1.0718858242034912,
1.071799397468567,
1.0720330476760864,
1.072135090827942,
1.0720793008804321,
1.0720295906066895,
1.0720256567001343,
1.0720049142837524,
1.0717579126358032,
1.0715742111206055,
1.0713093280792236,
1.071246862411499,
1.0714054107666016,
1.0713330507278442,
1.0710231065750122,
1.071171760559082,
1.071079969406128,
1.0710915327072144,
1.0710855722427368,
1.0710231065750122,
1.070878267288208,
1.071018099784851,
1.0708812475204468,
1.0706816911697388,
1.0708621740341187,
1.0707424879074097,
1.070759892463684,
1.0705877542495728,
1.070633053779602,
1.0707106590270996,
1.0707553625106812,
1.0708532333374023,
1.0707824230194092,
1.0709322690963745,
1.0707355737686157,
1.0702626705169678,
1.0703071355819702,
1.070257306098938,
1.0697743892669678,
1.0700610876083374,
1.0700370073318481,
1.0697710514068604,
1.0696005821228027,
1.0697386264801025,
1.0697513818740845,
1.069719910621643,
1.0695973634719849,
1.0695334672927856,
1.069561243057251,
1.069766640663147,
1.0696046352386475,
1.0693608522415161,
1.0693719387054443,
1.0690969228744507,
1.069109320640564,
1.068468451499939,
1.0691571235656738,
1.0688915252685547,
1.0692154169082642,
1.0692174434661865,
1.0692205429077148,
1.0692334175109863,
1.0691702365875244,
1.0687857866287231,
1.068577766418457,
1.06818687915802,
1.0686784982681274,
1.0687251091003418,
1.0683845281600952,
1.0685828924179077,
1.0683355331420898,
1.0683714151382446,
1.068377137184143,
1.06833815574646,
1.0681453943252563,
1.0679776668548584,
1.0683122873306274,
1.0685144662857056,
1.0685639381408691,
1.068629503250122,
1.0686719417572021,
1.0688867568969727,
1.0684806108474731,
1.0684560537338257,
1.0681726932525635,
1.0686652660369873,
1.0688591003417969,
1.068936824798584,
1.0690709352493286,
1.0692975521087646,
1.069179654121399,
1.0690566301345825,
1.0689375400543213,
1.0683399438858032,
1.0682542324066162,
1.0682443380355835,
1.0674551725387573,
1.067681908607483,
1.0677297115325928,
1.0673198699951172,
1.0679306983947754,
1.067357063293457,
1.0671876668930054,
1.0671521425247192,
1.066369652748108,
1.0674508810043335,
1.067517638206482,
1.0675429105758667,
1.066951870918274,
1.0668765306472778,
1.0670448541641235,
1.0664082765579224,
1.066698431968689,
1.0667742490768433,
1.0670626163482666,
1.0667128562927246,
1.0668694972991943,
1.0668319463729858,
1.0674543380737305,
1.0673364400863647,
1.067099928855896,
1.0666824579238892,
1.0663926601409912,
1.0663198232650757,
1.0663942098617554,
1.066556453704834,
1.0658513307571411,
1.0653958320617676,
1.0657405853271484,
1.0654817819595337,
1.064017415046692,
1.0652259588241577,
1.0654675960540771,
1.0618771314620972,
1.0659856796264648,
1.0642273426055908,
1.0654444694519043,
1.0650899410247803,
1.0651575326919556,
1.06520414352417,
1.0647205114364624,
1.0652122497558594,
1.0648623704910278,
1.0651320219039917,
1.0655605792999268,
1.0651681423187256,
1.0651127099990845,
1.065798282623291,
1.0654884576797485,
1.0654737949371338,
1.0651777982711792,
1.0646419525146484,
1.0647289752960205,
1.064305067062378,
1.063978672027588,
1.0637614727020264,
1.0640144348144531,
1.0639272928237915,
1.063749074935913,
1.0638788938522339,
1.0638447999954224,
1.0632357597351074,
1.063741683959961,
1.0638229846954346,
1.0637582540512085,
1.063455581665039,
1.063743233680725,
1.0633461475372314,
1.0633046627044678,
1.0633472204208374,
1.063369870185852,
1.0634300708770752,
1.0635638236999512,
1.0636640787124634,
1.0636496543884277,
1.063700556755066,
1.0635753870010376,
1.0634686946868896,
1.0631275177001953,
1.0626813173294067,
1.0629106760025024,
1.0624843835830688,
1.0620696544647217,
1.0621802806854248,
1.0620555877685547,
1.06242036819458,
1.0621689558029175,
1.0620012283325195,
1.0622444152832031,
1.0621534585952759,
1.061622142791748,
1.0623176097869873,
1.062145471572876,
1.0621429681777954,
1.0616062879562378,
1.0613080263137817,
1.0612988471984863,
1.0615791082382202,
1.0612717866897583,
1.0617871284484863,
1.0616809129714966,
1.0615131855010986,
1.0617899894714355,
1.0613545179367065,
1.061241626739502,
1.0613313913345337,
1.0606648921966553,
1.0610179901123047,
1.0608553886413574,
1.0606544017791748,
1.060644507408142,
1.060134768486023,
1.0598756074905396,
1.0601511001586914,
1.0601162910461426,
1.0601840019226074,
1.0598360300064087,
1.0599740743637085,
1.059505581855774,
1.0600310564041138,
1.0596888065338135,
1.059577226638794,
1.0592961311340332,
1.0595711469650269,
1.0595691204071045,
1.059602975845337,
1.0593928098678589,
1.0597399473190308,
1.059898853302002,
1.0602831840515137,
1.0600252151489258,
1.0602385997772217,
1.0599052906036377,
1.0596359968185425,
1.0599571466445923,
1.0595825910568237,
1.059748649597168,
1.0589895248413086,
1.0586673021316528,
1.058655023574829,
1.0583282709121704,
1.058148741722107,
1.0584050416946411,
1.0568965673446655,
1.0564817190170288,
1.055721402168274,
1.0566952228546143,
1.056288719177246,
1.0569530725479126,
1.056762456893921,
1.0563000440597534,
1.0565496683120728,
1.056685447692871,
1.0564414262771606,
1.0568181276321411,
1.056457281112671,
1.0564554929733276,
1.056018590927124,
1.0563596487045288,
1.0564086437225342,
1.0561654567718506,
1.05508553981781,
1.056418776512146,
1.0567975044250488,
1.0560208559036255,
1.0560652017593384,
1.0557148456573486,
1.0558239221572876,
1.055546760559082,
1.0557506084442139,
1.0544463396072388,
1.0551873445510864,
1.055116891860962,
1.0553410053253174,
1.0552802085876465,
1.0549455881118774,
1.0548431873321533,
1.0553102493286133,
1.0545474290847778,
1.0546903610229492,
1.054528832435608,
1.0545663833618164,
1.0544445514678955,
1.0541234016418457,
1.0543016195297241,
1.0540097951889038,
1.0539045333862305,
1.0544018745422363,
1.0544891357421875,
1.0544785261154175,
1.0540307760238647,
1.0537866353988647,
1.0540087223052979,
1.0534412860870361,
1.0536274909973145,
1.0517300367355347,
1.053367018699646,
1.05322265625,
1.0534013509750366,
1.0526902675628662,
1.0528382062911987,
1.052785873413086,
1.0529329776763916,
1.0527786016464233,
1.0525720119476318,
1.0525667667388916,
1.0523979663848877,
1.0526323318481445,
1.0524979829788208,
1.0526175498962402,
1.0522103309631348,
1.0518473386764526,
1.0518709421157837,
1.0518596172332764,
1.051584005355835,
1.0523028373718262,
1.0523039102554321,
1.0520176887512207,
1.052034854888916,
1.0521105527877808,
1.0520975589752197,
1.0518041849136353,
1.0521339178085327,
1.0512531995773315,
1.0510315895080566,
1.0503944158554077,
1.0509212017059326,
1.051006555557251,
1.050599217414856,
1.050765872001648,
1.0506476163864136,
1.0505459308624268,
1.0508702993392944,
1.050519347190857,
1.0500067472457886,
1.0499520301818848,
1.0505677461624146,
1.0498584508895874,
1.0499337911605835,
1.049483060836792,
1.0499600172042847,
1.0496950149536133,
1.0495672225952148,
1.049234390258789,
1.0492929220199585,
1.0492466688156128,
1.0496180057525635,
1.0493417978286743,
1.0492517948150635,
1.0488656759262085,
1.0493897199630737,
1.0493886470794678,
1.0491632223129272,
1.048251986503601,
1.0484296083450317,
1.048140525817871,
1.0481072664260864,
1.0478053092956543,
1.0482017993927002,
1.047468900680542,
1.047658920288086,
1.0480875968933105,
1.0475878715515137,
1.0472806692123413,
1.0474321842193604,
1.0473592281341553,
1.0474026203155518,
1.0471431016921997,
1.0471580028533936,
1.0469661951065063,
1.0468288660049438,
1.0468332767486572,
1.046756625175476,
1.0464770793914795,
1.0461795330047607,
1.0464195013046265,
1.0459803342819214,
1.0459271669387817,
1.0460102558135986,
1.0455825328826904,
1.0458400249481201,
1.0455487966537476,
1.0458334684371948,
1.0448817014694214,
1.0454866886138916,
1.0447977781295776,
1.0451878309249878,
1.0449328422546387,
1.0445257425308228,
1.044433355331421,
1.0444642305374146,
1.0444774627685547,
1.0441392660140991,
1.0439198017120361,
1.0428539514541626,
1.0433950424194336,
1.0437644720077515,
1.043879747390747,
1.0433155298233032,
1.04335618019104,
1.0433615446090698,
1.042629599571228,
1.0428287982940674,
1.0429102182388306,
1.0426082611083984,
1.0428876876831055,
1.0429409742355347,
1.0422518253326416,
1.0419118404388428,
1.0422500371932983,
1.0420032739639282,
1.0418130159378052,
1.041511058807373,
1.0414870977401733,
1.0411218404769897,
1.0410637855529785,
1.041390299797058,
1.040907621383667,
1.0405925512313843,
1.040961742401123,
1.0406547784805298,
1.0402411222457886,
1.039918303489685,
1.040209412574768,
1.0401383638381958,
1.0397005081176758,
1.0399184226989746,
1.0392348766326904,
1.039754033088684,
1.0395127534866333,
1.039209246635437,
1.0390510559082031,
1.0387219190597534,
1.0386849641799927,
1.0387208461761475,
1.0383002758026123,
1.0384238958358765,
1.0381083488464355,
1.0382485389709473,
1.038189172744751,
1.0375481843948364,
1.0372235774993896,
1.0371133089065552,
1.0373175144195557,
1.0365098714828491,
1.037000298500061,
1.036278486251831,
1.0369577407836914,
1.0360850095748901,
1.0346561670303345,
1.0357533693313599,
1.035430908203125,
1.035380482673645,
1.035286545753479,
1.0350537300109863,
1.0350992679595947,
1.0347174406051636,
1.034523844718933,
1.034119725227356,
1.0339632034301758,
1.033896803855896,
1.034224033355713,
1.0341248512268066,
1.033810019493103,
1.0333857536315918,
1.0329715013504028,
1.0325870513916016,
1.0326553583145142,
1.0326162576675415,
1.0322213172912598,
1.0320497751235962,
1.0319533348083496,
1.0314244031906128,
1.0312317609786987,
1.0311812162399292,
1.0309948921203613,
1.0307263135910034,
1.0307493209838867,
1.0302103757858276,
1.0301716327667236,
1.0300685167312622,
1.029891014099121,
1.0296515226364136,
1.0297412872314453,
1.029634952545166,
1.0288268327713013,
1.0291426181793213,
1.0288928747177124,
1.02875816822052,
1.028097152709961,
1.0277987718582153,
1.0277067422866821,
1.0279322862625122,
1.027816653251648,
1.0274384021759033,
1.027337670326233,
1.0276098251342773,
1.0279589891433716,
1.0273725986480713,
1.0272151231765747,
1.0268540382385254,
1.025942087173462,
1.0259588956832886,
1.0251868963241577,
1.0248686075210571,
1.024711012840271,
1.0239733457565308,
1.0238642692565918,
1.0237270593643188,
1.023377537727356,
1.023485779762268,
1.0227911472320557,
1.0226795673370361,
1.022024154663086,
1.0192800760269165,
1.0218900442123413,
1.018036127090454,
1.02139413356781,
1.0212746858596802,
1.0206938982009888,
1.020317554473877,
1.020573377609253,
1.0198897123336792,
1.0200073719024658,
1.0202405452728271,
1.0194164514541626,
1.0197358131408691,
1.0195472240447998,
1.0192537307739258,
1.0190097093582153,
1.0183573961257935,
1.017809271812439,
1.0162115097045898,
1.0169028043746948,
1.016891598701477,
1.0147298574447632,
1.0134397745132446,
1.015462040901184,
1.0129992961883545,
1.014937162399292,
1.0143768787384033,
1.014054298400879,
1.0139390230178833,
1.0133297443389893,
1.012903094291687,
1.0124189853668213,
1.0125685930252075,
1.0119179487228394,
1.0116976499557495,
1.011184573173523,
1.0112528800964355,
1.010877251625061,
1.0103272199630737,
1.0103462934494019,
1.0099668502807617,
1.0096096992492676,
1.009353756904602,
1.0089051723480225,
1.0086811780929565,
1.008331298828125,
1.0077333450317383,
1.0073368549346924,
1.0064003467559814,
1.006357192993164,
1.0058035850524902,
1.00553297996521,
1.0050580501556396,
1.004480004310608,
1.0040701627731323,
1.0038806200027466,
1.0034195184707642,
1.0016239881515503,
1.002389669418335,
1.0021460056304932,
1.0017333030700684,
1.0011284351348877,
1.0006440877914429,
0.9999459385871887,
0.9998336434364319,
0.999351441860199,
0.9989087581634521,
0.9983974695205688,
0.9983468055725098,
0.9974449872970581,
0.9961955547332764,
0.9969537258148193,
0.9967358112335205,
0.9960280656814575,
0.9958260655403137,
0.995349109172821,
0.994865357875824,
0.9903590679168701,
0.9934564828872681,
0.9928311109542847,
0.9922776222229004,
0.9919074177742004,
0.9914889335632324,
0.9910534620285034,
0.9905828833580017,
0.9902641177177429,
0.9895567893981934,
0.9892481565475464,
0.9883286356925964,
0.988083004951477,
0.9877715110778809,
0.9869979619979858,
0.986760675907135,
0.9860951900482178,
0.9856061935424805,
0.9851898550987244,
0.9847111701965332,
0.9840914607048035,
0.9839467406272888,
0.9837293028831482,
0.983085572719574,
0.9826464056968689,
0.982279360294342,
0.9815384149551392,
0.9810915589332581,
0.9805727601051331,
0.9798237681388855,
0.9793798327445984,
0.9788365960121155,
0.9779026508331299,
0.9776874780654907,
0.9770342111587524,
0.976352334022522,
0.9760091304779053,
0.9753723740577698,
0.9749670028686523,
0.9745467305183411,
0.9742035865783691,
0.9730568528175354,
0.9728078842163086,
0.9723209738731384,
0.9718244671821594,
0.9711276888847351,
0.9707246422767639,
0.9701930284500122,
0.9694642424583435,
0.9688970446586609,
0.9686319828033447,
0.968032717704773,
0.9677941799163818,
0.9669259786605835,
0.9669605493545532,
0.9661152362823486,
0.965599775314331,
0.9650653600692749,
0.9641228318214417,
0.9596424698829651,
0.960776686668396,
0.961013913154602,
0.9605609178543091,
0.9598196148872375,
0.9597342014312744,
0.9590175747871399,
0.9583214521408081,
0.9580593109130859,
0.9575062394142151,
0.9567111730575562,
0.9564683437347412,
0.9560351967811584,
0.9553236365318298,
0.9549235105514526,
0.9541035890579224,
0.9536277055740356,
0.9527689218521118,
0.9526108503341675,
0.9522396922111511,
0.9516759514808655,
0.9511011838912964,
0.9508108496665955,
0.9503478407859802,
0.9496061205863953,
0.949264407157898,
0.9483727216720581,
0.9478313326835632,
0.9472213983535767,
0.9465422034263611,
0.9457706809043884,
0.9449761509895325,
0.9444285035133362,
0.9440260529518127,
0.943343997001648,
0.9425323605537415,
0.9421513080596924,
0.9413233399391174,
0.9408201575279236,
0.9400817155838013,
0.9393427968025208,
0.9388428330421448,
0.9383332133293152,
0.9377121925354004,
0.9370096921920776,
0.9364439249038696,
0.9355127215385437,
0.9348805546760559,
0.9342573881149292,
0.9335219860076904,
0.9331672191619873,
0.9327237606048584,
0.9319406151771545,
0.9314849376678467,
0.9308539628982544,
0.9305190443992615,
0.9296836853027344,
0.9292823672294617,
0.9286162257194519,
0.92779940366745,
0.926819920539856,
0.9262396693229675,
0.9254835844039917,
0.9247757792472839,
0.9239309430122375,
0.9232324957847595,
0.922670304775238,
0.9217033386230469,
0.9212579131126404,
0.9202646017074585,
0.9198163151741028,
0.9189311265945435,
0.9179307222366333,
0.9171304106712341,
0.9152982831001282,
0.9146462678909302,
0.9148832559585571,
0.9131737947463989,
0.9123833179473877,
0.9118321537971497,
0.9111695289611816,
0.9096826314926147,
0.908736526966095,
0.9087838530540466,
0.907977283000946,
0.9067773818969727,
0.9061076641082764,
0.9053163528442383,
0.9043464064598083,
0.9033286571502686,
0.9026726484298706,
0.9021378755569458,
0.9007670879364014,
0.8996886610984802,
0.8991239070892334,
0.8981775641441345,
0.8971332311630249,
0.896416425704956,
0.8950238823890686,
0.8944653272628784,
0.893381655216217,
0.8925331234931946,
0.8918932676315308,
0.8906028866767883,
0.8896236419677734,
0.8887441754341125,
0.8874835968017578,
0.8868182897567749,
0.8863101601600647,
0.8852429389953613,
0.8841050267219543,
0.8831892013549805,
0.8824447989463806,
0.8812701106071472,
0.8804659843444824,
0.8804659843444824,
0.8804659843444824,
0.0,
0.0,
0.0,
0.0,
0.0,
0.0,
0.0,
0.0,
0.0,
0.0,
0.0,
0.0,
0.0,
0.0,
0.0,
0.0,
0.0,
0.0,
0.0,
0.0,
0.0,
0.0,
0.0,
0.0,
0.0,
0.0,
0.0,
0.0,
0.0,
0.0,
0.0,
0.0,
0.0,
0.0,
0.0,
0.0,
0.0,
0.0,
0.0,
0.0,
0.0,
0.0,
0.0,
0.0,
0.0,
0.0,
0.0,
0.0,
0.0,
0.0,
0.0,
0.0,
0.0,
0.0,
0.0,
0.0,
0.0,
0.0,
0.0,
0.0,
0.0,
0.0,
0.0,
0.0,
0.0,
0.0,
0.0,
0.0,
0.0,
0.0,
0.0,
0.0,
0.0,
0.0,
0.0,
0.0,
0.0,
0.0,
0.0,
0.0,
0.0,
0.0,
0.0,
0.0,
0.0,
0.0,
0.0,
0.0,
0.0,
0.0,
0.0,
0.0,
0.0,
0.0,
0.0,
0.0,
0.0,
0.0,
0.0,
0.0,
0.0,
0.0,
0.0,
0.0,
0.0,
0.0,
0.0,
0.0,
0.0,
0.0,
0.0,
0.0,
0.0,
0.0,
0.0,
0.0,
0.0,
0.0,
0.0,
0.0,
0.0,
0.0,
0.0,
0.0,
0.0,
0.0,
0.0,
0.0,
0.0,
0.0,
0.0,
0.0,
0.0,
0.0,
0.0,
0.0,
0.0,
0.0,
0.0,
0.0,
0.0,
0.0,
0.0,
0.0,
0.0,
0.0,
0.0,
0.0,
0.0,
0.0,
0.0,
0.0,
0.0,
0.0,
0.0,
0.0,
0.0,
0.0,
0.0,
0.0,
0.0,
0.0,
0.0,
0.0,
0.0,
0.0,
0.0,
0.0,
0.0,
0.0,
0.0,
0.0,
0.0,
0.0,
0.0,
0.0,
0.0,
0.0,
0.0,
0.0,
0.0,
0.0,
0.0,
0.0,
0.0,
0.0,
0.0,
0.0,
0.0,
0.0,
0.0,
0.0,
0.0,
0.0,
0.0,
0.0,
0.0,
0.0,
0.0,
0.0,
0.0,
0.0,
0.0,
0.0,
0.0,
0.0,
0.0,
0.0,
0.0,
0.0,
0.0,
0.0,
0.0,
0.0,
0.0,
0.0,
0.0,
0.0,
0.0,
0.0,
0.0,
0.0,
0.0,
0.0,
0.0,
0.0,
0.0,
0.0,
0.0,
0.0,
0.0,
0.0,
0.0,
0.0,
0.0,
0.0,
0.0,
0.0,
0.0,
0.0,
0.0,
0.0,
0.0,
0.0,
0.0,
0.0,
0.0,
0.0,
0.0,
0.0,
0.0,
0.0,
0.0,
0.0,
0.0,
0.0,
0.0,
0.0,
0.0,
0.0,
0.0,
0.0,
0.0,
0.0,
0.0,
0.0,
0.0,
0.0,
0.0,
0.0,
0.0,
0.0,
0.0,
0.0,
0.0,
0.0,
0.0,
0.0,
0.0,
0.0,
0.0,
0.0,
0.0,
0.0,
0.0,
0.0,
0.0,
0.0,
0.0,
0.0,
0.0,
0.0,
0.0,
0.0,
0.0,
0.0,
0.0,
0.0,
0.0,
0.0,
0.0,
0.0,
0.0,
0.0,
0.0,
0.0,
0.0,
0.0,
0.0,
0.0,
0.0,
0.0,
0.0,
0.0,
0.0,
0.0,
0.0,
0.0,
0.0,
0.0,
0.0,
0.0,
0.0,
0.0,
0.0,
0.0,
0.0,
0.0,
0.0,
0.0,
0.0,
0.0,
0.0,
0.0,
0.0,
0.0,
0.0,
0.0,
0.0,
0.0,
0.0,
0.0,
0.0,
0.0,
0.0,
0.0,
0.0,
0.0,
0.0,
0.0,
0.0,
0.0,
0.0,
0.0,
0.0,
0.0,
0.0,
0.0,
0.0,
0.0,
0.0,
0.0,
0.0,
0.0,
0.0,
0.0,
0.0,
0.0,
0.0,
0.0,
0.0,
0.0,
0.0,
0.0,
0.0,
0.0,
0.0,
0.0,
0.0,
0.0,
0.0,
0.0,
0.0,
0.0,
0.0,
0.0,
0.0,
0.0,
0.0,
0.0,
0.0,
0.0,
0.0,
0.0,
0.0,
0.0,
0.0,
0.0,
0.0,
0.0,
0.0,
0.0,
0.0,
0.0,
0.0,
0.0,
0.0,
0.0,
0.0,
0.0,
0.0,
0.0,
0.0,
0.0,
0.0,
0.0,
0.0,
0.0,
0.0,
0.0,
0.0,
0.0,
0.0,
0.0,
0.0,
0.0,
0.0,
0.0,
0.0,
0.0,
0.0,
0.0,
0.0,
0.0,
0.0,
0.0,
0.0,
0.0,
0.0,
0.0,
0.0,
0.0,
0.0,
0.0,
0.0,
0.0,
0.0,
0.0,
0.0,
0.0,
0.0,
0.0,
0.0,
0.0,
0.0,
0.0,
0.0,
0.0,
0.0,
0.0,
0.0,
0.0,
0.0,
0.0,
0.0,
0.0,
0.0,
0.0,
0.0,
0.0,
0.0,
0.0,
0.0,
0.0,
0.0,
0.0,
0.0,
0.0,
0.0,
0.0,
0.0,
0.0,
0.0,
0.0,
0.0,
0.0,
0.0,
0.0,
0.0,
0.0,
0.0,
0.0,
0.0,
0.0,
0.0,
0.0,
0.0,
0.0,
0.0,
0.0,
0.0,
0.0,
0.0,
0.0,
0.0,
0.0,
0.0,
0.0,
0.0,
0.0,
0.0,
0.0,
0.0,
0.0,
0.0,
0.0,
0.0,
0.0,
0.0,
0.0,
0.0,
0.0,
0.0,
0.0,
0.0,
0.0,
0.0,
0.0,
0.0,
0.0,
0.0,
0.0,
0.0,
0.0,
0.0,
0.0,
0.0,
0.0,
0.0,
0.0,
0.0,
0.0,
0.0,
0.0,
0.0,
0.0,
0.0,
0.0,
0.0,
0.0,
0.0,
0.0,
0.0,
0.0,
0.0,
0.0,
0.0,
0.0,
0.0,
0.0,
0.0,
0.0,
0.0,
0.0,
0.0,
0.0,
0.0,
0.0,
0.0,
0.0,
0.0,
0.0,
0.0,
0.0,
0.0,
0.0,
0.0,
0.0,
0.0,
0.0,
0.0,
0.0,
0.0,
0.0,
0.0,
0.0,
0.0,
0.0,
0.0,
0.0,
0.0,
0.0,
0.0,
0.0,
0.0,
0.0,
0.0,
0.0,
0.0,
0.0,
0.0,
0.0,
0.0,
0.0,
0.0,
0.0,
0.0,
0.0,
0.0,
0.0,
0.0,
0.0,
0.0,
0.0,
0.0,
0.0,
0.0,
0.0,
0.0,
0.0,
0.0,
0.0,
0.0,
0.0,
0.0,
0.0,
0.0,
0.0,
0.0,
0.0,
0.0,
0.0,
0.0,
0.0,
0.0,
0.0,
0.0,
0.0,
0.0,
0.0,
0.0,
0.0,
0.0,
0.0,
0.0,
0.0,
0.0,
0.0,
0.0,
0.0,
0.0,
0.0,
0.0,
0.0,
0.0,
0.0,
0.0,
0.0,
0.0,
0.0,
0.0,
0.0,
0.0,
0.0,
0.0,
0.0,
0.0,
0.0,
0.0,
0.0,
0.0,
0.0,
0.0,
0.0,
0.0,
0.0,
0.0,
0.0,
0.0,
0.0,
0.0,
0.0,
0.0,
0.0,
0.0,
0.0,
0.0,
0.0,
0.0,
0.0,
0.0,
0.0,
0.0,
0.0,
0.0,
0.0,
0.0,
0.0,
0.0,
0.0,
0.0,
0.0,
0.0,
0.0,
0.0,
0.0,
0.0,
0.0,
0.0,
0.0,
0.0,
0.0,
0.0,
0.0,
0.0,
0.0,
0.0,
0.0,
0.0,
0.0,
0.0,
0.0,
0.0,
0.0,
0.0,
0.0,
0.0,
0.0,
0.0,
0.0,
0.0,
0.0,
0.0,
0.0,
0.0,
0.0,
0.0,
0.0,
0.0,
0.0,
0.0,
0.0,
0.0,
0.0,
0.0,
0.0,
0.0,
0.0,
0.0,
0.0,
0.0,
0.0,
0.0,
0.0,
0.0,
0.0,
0.0,
0.0,
0.0,
0.0,
0.0,
0.0,
0.0,
0.0,
0.0,
0.0,
0.0,
0.0,
0.0,
0.0,
0.0,
0.0,
0.0,
0.0,
0.0,
0.0,
0.0,
0.0,
0.0,
0.0,
0.0,
0.0,
0.0,
0.0,
0.0,
0.0,
0.0,
0.0,
0.0,
0.0,
0.0,
0.0,
0.0,
0.0,
0.0,
0.0,
0.0,
0.0,
0.0,
0.0,
0.0,
0.0,
0.0,
0.0,
0.0,
0.0,
0.0,
0.0,
0.0,
0.0,
0.0,
0.0,
0.0,
0.0,
0.0,
0.0,
0.0,
0.0,
0.0,
0.0,
0.0,
0.0,
0.0,
0.0,
0.0,
0.0,
0.0,
0.0,
0.0,
0.0,
0.0,
0.0,
0.0,
0.0,
0.0,
0.0,
0.0,
0.0,
0.0,
0.0,
0.0,
0.0,
0.0,
0.0,
0.0,
0.0,
0.0,
0.0,
0.0,
0.0,
0.0,
0.0,
0.0,
0.0,
0.0,
0.0,
0.0,
0.0,
0.0,
0.0,
0.0,
0.0,
0.0,
0.0,
0.0,
0.0,
0.0,
0.0,
0.0,
0.0,
0.0,
0.0,
0.0,
0.0,
0.0,
0.0,
0.0,
0.0,
0.0,
0.0,
0.0,
0.0,
0.0,
0.0,
0.0,
0.0,
0.0,
0.0,
0.0,
0.0,
0.0,
0.0,
0.0,
0.0,
0.0,
0.0,
0.0,
0.0,
0.0,
0.0,
0.0,
0.0,
0.0,
0.0,
0.0,
0.0,
0.0,
0.0,
0.0,
0.0,
0.0,
0.0,
0.0,
0.0,
0.0,
0.0,
0.0,
0.0,
0.0,
0.0,
0.0,
0.0,
0.0,
0.0,
0.0,
0.0,
0.0,
0.0,
0.0,
0.0,
0.0,
0.0,
0.0,
0.0,
0.0,
0.0,
0.0,
0.0,
0.0,
0.0,
0.0,
0.0,
0.0,
0.0,
0.0,
0.0,
0.0,
0.0,
0.0,
0.0,
0.0,
0.0,
0.0,
0.0,
0.0,
0.0,
0.0,
0.0,
0.0,
0.0,
0.0,
0.0,
0.0,
0.0,
0.0,
0.0,
0.0,
0.0,
0.0,
0.0,
0.0,
0.0,
0.0,
0.0,
0.0,
0.0,
0.0,
0.0,
0.0,
0.0,
0.0,
0.0,
0.0,
0.0,
0.0,
0.0,
0.0,
0.0,
0.0,
0.0,
0.0,
0.0,
0.0,
0.0,
0.0,
0.0,
0.0,
0.0,
0.0,
0.0,
0.0,
0.0,
0.0,
0.0,
0.0,
0.0,
0.0,
0.0,
0.0,
0.0,
0.0,
0.0,
0.0,
0.0,
0.0,
0.0,
0.0,
0.0,
0.0,
0.0,
0.0,
0.0,
0.0,
0.0,
0.0,
0.0,
0.0,
0.0,
0.0,
0.0,
0.0,
0.0,
0.0,
0.0,
0.0,
0.0,
0.0,
0.0,
0.0,
0.0,
0.0,
0.0,
0.0,
0.0,
0.0,
0.0,
0.0,
0.0,
0.0,
0.0,
0.0,
0.0,
0.0,
0.0,
0.0,
0.0,
0.0,
0.0,
0.0,
0.0,
0.0,
0.0,
0.0,
0.0,
0.0,
0.0,
0.0,
0.0,
0.0,
0.0,
0.0,
0.0,
0.0,
0.0,
0.0,
0.0,
0.0,
0.0,
0.0,
0.0,
0.0,
0.0,
0.0,
0.0,
0.0,
0.0,
0.0,
0.0,
0.0,
0.0,
0.0,
0.0,
0.0,
0.0,
0.0,
0.0,
0.0,
0.0,
0.0,
0.0,
0.0,
0.0,
0.0,
0.0,
0.0,
0.0,
0.0,
0.0,
0.0,
0.0,
0.0,
0.0,
0.0,
0.0,
0.0,
0.0,
0.0,
0.0,
0.0,
0.0,
0.0,
0.0,
0.0,
0.0,
0.0,
0.0,
0.0,
0.0,
0.0,
0.0,
0.0,
0.0,
0.0,
0.0,
0.0,
0.0,
0.0,
0.0,
0.0,
0.0,
0.0,
0.0,
0.0,
0.0,
0.0,
0.0,
0.0,
0.0,
0.0,
0.0,
0.0,
0.0,
0.0,
0.0,
0.0,
0.0,
0.0,
0.0,
0.0,
0.0,
0.0,
0.0,
0.0,
0.0,
0.0,
0.0,
0.0,
0.0,
0.0,
0.0,
0.0,
0.0,
0.0,
0.0,
0.0,
0.0,
0.0,
0.0,
0.0,
0.0,
0.0,
0.0,
0.0,
0.0,
0.0,
0.0,
0.0,
0.0,
0.0,
0.0,
0.0,
0.0,
0.0,
0.0,
0.0,
0.0,
0.0,
0.0,
0.0,
0.0,
0.0,
0.0,
0.0,
0.0,
0.0,
0.0,
0.0,
0.0,
0.0,
0.0,
0.0,
0.0,
0.0,
0.0,
0.0,
0.0,
0.0,
0.0,
0.0,
0.0,
0.0,
0.0,
0.0,
0.0,
0.0,
0.0,
0.0,
0.0,
0.0,
0.0,
0.0,
0.0,
0.0,
0.0,
0.0,
0.0,
0.0,
0.0,
0.0,
0.0,
0.0,
0.0,
0.0,
0.0,
0.0,
0.0,
0.0,
0.0,
0.0,
0.0,
0.0,
0.0,
0.0,
0.0,
0.0,
0.0,
0.0,
0.0,
0.0,
0.0,
0.0,
0.0,
0.0,
0.0,
0.0,
0.0,
0.0,
0.0,
0.0,
0.0,
0.0,
0.0,
0.0,
0.0,
0.0,
0.0,
0.0,
0.0,
0.0,
0.0,
0.0,
0.0,
0.0,
0.0,
0.0,
0.0,
