1.0499999523162842,
1.0777474641799927,
1.079065203666687,
1.0796903371810913,
1.080146312713623,
1.0804075002670288,
1.08059561252594,
1.080731749534607,
1.0808194875717163,
1.0809714794158936,
1.08101224899292,
1.0809608697891235,
1.081031322479248,
1.0809837579727173,
1.080997347831726,
1.0810998678207397,
1.0811108350753784,
1.0810973644256592,
1.0811631679534912,
1.0812205076217651,
1.081181287765503,
1.0811784267425537,
1.081174373626709,
1.0811246633529663,
1.0812140703201294,
1.0811887979507446,
1.0811575651168823,
1.0811550617218018,
1.0811859369277954,
1.0811901092529297,
1.0812164545059204,
1.0811845064163208,
1.0811294317245483,
1.0811315774917603,
1.0811387300491333,
1.0811398029327393,
1.0811165571212769,
1.081122636795044,
1.081095576286316,
1.0811094045639038,
1.0810697078704834,
1.0809979438781738,
1.0809547901153564,
1.0810108184814453,
1.0810081958770752,
1.0809961557388306,
1.0809706449508667,
1.080972671508789,
1.0809780359268188,
1.080979585647583,
1.0812128782272339,
1.0813982486724854,
1.0815058946609497,
1.081594467163086,
1.0814849138259888,
1.0809634923934937,
1.080889344215393,
1.0808935165405273,
1.0808770656585693,
1.080859661102295,
1.0808374881744385,
1.080857753753662,
1.0808727741241455,
1.080843448638916,
1.0808075666427612,
1.0807913541793823,
1.080771565437317,
1.0807241201400757,
1.0806849002838135,
1.0806450843811035,
1.0806306600570679,
1.080578327178955,
1.0805413722991943,
1.0805057287216187,
1.0804965496063232,
1.0804847478866577,
1.0804738998413086,
1.080475926399231,
1.0804443359375,
1.080391764640808,
1.0803860425949097,
1.0803308486938477,
1.0803319215774536,
1.080288052558899,
1.0802212953567505,
1.0801821947097778,
1.080093264579773,
1.0800554752349854,
1.0800237655639648,
1.0799723863601685,
1.0799800157546997,
1.0799719095230103,
1.0799658298492432,
1.0798850059509277,
1.0798991918563843,
1.079867959022522,
1.079781413078308,
1.079749345779419,
1.0797218084335327,
1.0796947479248047,
1.0796308517456055,
1.0796014070510864,
1.0795598030090332,
1.0795629024505615,
1.079517126083374,
1.079493761062622,
1.0794339179992676,
1.079337239265442,
1.079376459121704,
1.0794117450714111,
1.0793750286102295,
1.0793828964233398,
1.0793551206588745,
1.0793474912643433,
1.0780524015426636,
1.0791587829589844,
1.079145073890686,
1.0791581869125366,
1.079124093055725,
1.0791224241256714,
1.0790729522705078,
1.0790916681289673,
1.079079031944275,
1.0790261030197144,
1.0789355039596558,
1.0788745880126953,
1.078827977180481,
1.0788215398788452,
1.0787640810012817,
1.0787458419799805,
1.0787012577056885,
1.0786895751953125,
1.0785932540893555,
1.0785197019577026,
1.0784430503845215,
1.0784296989440918,
1.0783888101577759,
1.0783663988113403,
1.0783761739730835,
1.078352689743042,
1.0783236026763916,
1.0782675743103027,
1.0781948566436768,
1.0781691074371338,
1.0768826007843018,
1.0780898332595825,
1.0780655145645142,
1.078026533126831,
1.077950119972229,
1.0779399871826172,
1.0778859853744507,
1.0778902769088745,
1.0778450965881348,
1.0778261423110962,
1.077775478363037,
1.077729344367981,
1.0776792764663696,
1.0776350498199463,
1.0775717496871948,
1.077534794807434,
1.0774987936019897,
1.0774391889572144,
1.0774457454681396,
1.0775434970855713,
1.0776135921478271,
1.0776677131652832,
1.0775004625320435,
1.0773366689682007,
1.0772162675857544,
1.0770992040634155,
1.0770807266235352,
1.0772829055786133,
1.0774205923080444,
1.0773789882659912,
1.0774412155151367,
1.0773764848709106,
1.0772342681884766,
1.0771431922912598,
1.0768747329711914,
1.0767961740493774,
1.0767247676849365,
1.0766397714614868,
1.0766046047210693,
1.0765396356582642,
1.0765262842178345,
1.0763983726501465,
1.0763804912567139,
1.0763036012649536,
1.0762596130371094,
1.0762649774551392,
1.076277256011963,
1.0763624906539917,
1.0764750242233276,
1.0764142274856567,
1.0762652158737183,
1.0760904550552368,
1.0759652853012085,
1.0758705139160156,
1.0760281085968018,
1.0762457847595215,
1.0763108730316162,
1.0763564109802246,
1.0763423442840576,
1.0762819051742554,
1.0762112140655518,
1.076075553894043,
1.0757057666778564,
1.0754399299621582,
1.0754473209381104,
1.0753096342086792,
1.0753000974655151,
1.0752257108688354,
1.0751570463180542,
1.075119137763977,
1.0750784873962402,
1.075029969215393,
1.0750480890274048,
1.0750411748886108,
1.0751047134399414,
1.0752112865447998,
1.0752812623977661,
1.0751794576644897,
1.074922800064087,
1.0747469663619995,
1.0746477842330933,
1.0746171474456787,
1.0747066736221313,
1.0747414827346802,
1.0748372077941895,
1.074778437614441,
1.0747791528701782,
1.0747160911560059,
1.074650526046753,
1.0745055675506592,
1.0742263793945312,
1.0729343891143799,
1.0740960836410522,
1.0740653276443481,
1.0739655494689941,
1.0739078521728516,
1.073831558227539,
1.0737299919128418,
1.0737011432647705,
1.0736500024795532,
1.0736613273620605,
1.0736538171768188,
1.0736757516860962,
1.0737650394439697,
1.0737212896347046,
1.0736337900161743,
1.0734665393829346,
1.073203682899475,
1.0732030868530273,
1.073160171508789,
1.0731534957885742,
1.0733331441879272,
1.073377251625061,
1.0732287168502808,
1.0733461380004883,
1.073228359222412,
1.0732420682907104,
1.0730443000793457,
1.0727633237838745,
1.0726964473724365,
1.0726197957992554,
1.0725501775741577,
1.072535514831543,
1.0724108219146729,
1.0722408294677734,
1.0722559690475464,
1.0720579624176025,
1.071629285812378,
1.0720666646957397,
1.0720428228378296,
1.0720789432525635,
1.0721362829208374,
1.0718965530395508,
1.0719501972198486,
1.0718305110931396,
1.0714753866195679,
1.071683406829834,
1.071651816368103,
1.071707844734192,
1.0717658996582031,
1.071640133857727,
1.0718472003936768,
1.0717614889144897,
1.0716524124145508,
1.0718131065368652,
1.0716595649719238,
1.0708179473876953,
1.07107675075531,
1.0705618858337402,
1.0708990097045898,
1.0708255767822266,
1.0705320835113525,
1.0695347785949707,
1.0705649852752686,
1.07062828540802,
1.0704604387283325,
1.0703325271606445,
1.0702288150787354,
1.0703825950622559,
1.0703516006469727,
1.0700182914733887,
1.0702847242355347,
1.0701879262924194,
1.069814920425415,
1.0700931549072266,
1.069861650466919,
1.0700050592422485,
1.0698162317276,
1.0697580575942993,
1.0695708990097046,
1.069608449935913,
1.0698728561401367,
1.069871425628662,
1.0695387125015259,
1.0693820714950562,
1.069426417350769,
1.0693213939666748,
1.0692955255508423,
1.0692288875579834,
1.0688767433166504,
1.0690721273422241,
1.0689985752105713,
1.0689736604690552,
1.0689680576324463,
1.06890869140625,
1.068870186805725,
1.0690079927444458,
1.0694202184677124,
1.069611668586731,
1.069165587425232,
1.0693382024765015,
1.0691043138504028,
1.0691642761230469,
1.0692311525344849,
1.0689513683319092,
1.0691614151000977,
1.0693622827529907,
1.06948983669281,
1.0699191093444824,
1.0696324110031128,
1.0694459676742554,
1.0693780183792114,
1.069008708000183,
1.0687005519866943,
1.0684581995010376,
1.0684438943862915,
1.0678943395614624,
1.067861795425415,
1.0676753520965576,
1.0673998594284058,
1.067582368850708,
1.0678478479385376,
1.0675079822540283,
1.0676106214523315,
1.0672187805175781,
1.0673677921295166,
1.0668411254882812,
1.0671532154083252,
1.0670371055603027,
1.0671837329864502,
1.0670467615127563,
1.0669631958007812,
1.0669066905975342,
1.067124843597412,
1.066945195198059,
1.066999077796936,
1.0670875310897827,
1.0671626329421997,
1.0676970481872559,
1.067106008529663,
1.0669209957122803,
1.0669361352920532,
1.0665749311447144,
1.0665619373321533,
1.0661015510559082,
1.0657449960708618,
1.0661436319351196,
1.0655694007873535,
1.0657646656036377,
1.0659058094024658,
1.065515160560608,
1.0658572912216187,
1.0651609897613525,
1.0652828216552734,
1.065298318862915,
1.0655442476272583,
1.0652542114257812,
1.0654484033584595,
1.0650832653045654,
1.065063714981079,
1.0645878314971924,
1.0649157762527466,
1.0651473999023438,
1.0652581453323364,
1.0650883913040161,
1.0650899410247803,
1.0648481845855713,
1.0651440620422363,
1.0650302171707153,
1.064656376838684,
1.0641937255859375,
1.0643599033355713,
1.0643349885940552,
1.0636402368545532,
1.0638325214385986,
1.0635607242584229,
1.0634294748306274,
1.0639383792877197,
1.0635360479354858,
1.0634360313415527,
1.0629856586456299,
1.0635349750518799,
1.0637034177780151,
1.063094139099121,
1.062923789024353,
1.0628308057785034,
1.0612276792526245,
1.062687635421753,
1.0621962547302246,
1.062330722808838,
1.0628379583358765,
1.0624425411224365,
1.0625160932540894,
1.0627357959747314,
1.0627565383911133,
1.0627235174179077,
1.0625596046447754,
1.062351107597351,
1.0616823434829712,
1.0616215467453003,
1.0613332986831665,
1.0612962245941162,
1.0611491203308105,
1.0609705448150635,
1.0608577728271484,
1.060708999633789,
1.0605113506317139,
1.060642123222351,
1.060838222503662,
1.060279369354248,
1.0607596635818481,
1.0609668493270874,
1.0602006912231445,
1.0604511499404907,
1.0601274967193604,
1.0600228309631348,
1.0597747564315796,
1.0595333576202393,
1.060051441192627,
1.0599159002304077,
1.060131549835205,
1.0600215196609497,
1.06016206741333,
1.059748888015747,
1.0599945783615112,
1.059800148010254,
1.059436321258545,
1.0591919422149658,
1.0594655275344849,
1.058491587638855,
1.058854103088379,
1.0579888820648193,
1.058124303817749,
1.0581395626068115,
1.0579739809036255,
1.0582196712493896,
1.0582196712493896,
1.058118224143982,
1.0577863454818726,
1.057591438293457,
1.0576870441436768,
1.0575097799301147,
1.0578593015670776,
1.0577069520950317,
1.0567678213119507,
1.0571599006652832,
1.057262897491455,
1.0573350191116333,
1.057153344154358,
1.057323932647705,
1.0580658912658691,
1.0578256845474243,
1.0577939748764038,
1.0575898885726929,
1.0571647882461548,
1.0572102069854736,
1.057010531425476,
1.056435227394104,
1.0563558340072632,
1.0563400983810425,
1.0558123588562012,
1.0556453466415405,
1.0558375120162964,
1.0548721551895142,
1.054484248161316,
1.0532306432724,
1.0531929731369019,
1.0541865825653076,
1.0539990663528442,
1.0542702674865723,
1.05389404296875,
1.0539110898971558,
1.0537762641906738,
1.0536327362060547,
1.053485631942749,
1.0533881187438965,
1.0532175302505493,
1.0529109239578247,
1.0528900623321533,
1.0535094738006592,
1.0531642436981201,
1.0529005527496338,
1.052865743637085,
1.0530710220336914,
1.052962303161621,
1.0521968603134155,
1.0523338317871094,
1.052146077156067,
1.0519685745239258,
1.0515109300613403,
1.051730751991272,
1.051002860069275,
1.0514346361160278,
1.0512887239456177,
1.0513122081756592,
1.0511105060577393,
1.050718903541565,
1.0501270294189453,
1.0502092838287354,
1.0501762628555298,
1.0503019094467163,
1.0501841306686401,
1.049843668937683,
1.0498912334442139,
1.049659252166748,
1.0499001741409302,
1.0497239828109741,
1.0495200157165527,
1.0494071245193481,
1.0492923259735107,
1.049539566040039,
1.0494954586029053,
1.0489684343338013,
1.0486592054367065,
1.0485270023345947,
1.0483717918395996,
1.0481480360031128,
1.0478163957595825,
1.0476950407028198,
1.0474880933761597,
1.0473026037216187,
1.046902060508728,
1.0471150875091553,
1.0465061664581299,
1.0466773509979248,
1.0468353033065796,
1.0465712547302246,
1.046510100364685,
1.0462586879730225,
1.046197772026062,
1.0455737113952637,
1.0454636812210083,
1.0446888208389282,
1.0449806451797485,
1.0450164079666138,
1.0449473857879639,
1.0450587272644043,
1.0450851917266846,
1.0445455312728882,
1.0445677042007446,
1.0448861122131348,
1.0446510314941406,
1.0445971488952637,
1.0441622734069824,
1.0437092781066895,
1.043068528175354,
1.0429086685180664,
1.0429095029830933,
1.0424376726150513,
1.0423120260238647,
1.0422884225845337,
1.0419234037399292,
1.0419049263000488,
1.0415914058685303,
1.0412565469741821,
1.0412935018539429,
1.0410239696502686,
1.040650725364685,
1.040555477142334,
1.040326476097107,
1.040284514427185,
1.0400495529174805,
1.03993558883667,
1.0395652055740356,
1.0389862060546875,
1.0395499467849731,
1.0393807888031006,
1.039342999458313,
1.0391439199447632,
1.0391286611557007,
1.0386313199996948,
1.0383634567260742,
1.037471055984497,
1.037230372428894,
1.0371893644332886,
1.0364307165145874,
1.0364437103271484,
1.0360954999923706,
1.0363682508468628,
1.0357472896575928,
1.035589575767517,
1.0355592966079712,
1.0351866483688354,
1.0349727869033813,
1.0347943305969238,
1.0344501733779907,
1.0346778631210327,
1.0339231491088867,
1.033751130104065,
1.0335875749588013,
1.0335699319839478,
1.0330606698989868,
1.0326848030090332,
1.0319178104400635,
1.031895399093628,
1.0317918062210083,
1.0317556858062744,
1.0310801267623901,
1.031029462814331,
1.03105890750885,
1.0308579206466675,
1.0301002264022827,
1.0297447443008423,
1.0294208526611328,
1.0293866395950317,
1.0290946960449219,
1.0286943912506104,
1.0280336141586304,
1.0280252695083618,
1.027808427810669,
1.027116060256958,
1.0269948244094849,
1.026592493057251,
1.0261642932891846,
1.0258982181549072,
1.0254802703857422,
1.025546669960022,
1.0249022245407104,
1.0243431329727173,
1.0242916345596313,
1.0235016345977783,
1.0231480598449707,
1.022849202156067,
1.0222415924072266,
1.0217291116714478,
1.0216137170791626,
1.0213725566864014,
1.0210250616073608,
1.0203748941421509,
1.0200411081314087,
1.019052505493164,
1.018970251083374,
1.018142580986023,
1.018081784248352,
1.0171244144439697,
1.0169706344604492,
1.0162380933761597,
1.0157865285873413,
1.015255331993103,
1.0147945880889893,
1.014679193496704,
1.014038324356079,
1.0122356414794922,
1.013069748878479,
1.011959433555603,
1.0115728378295898,
1.011324405670166,
1.0103694200515747,
1.009924292564392,
1.0096158981323242,
1.0086634159088135,
1.008030891418457,
1.0076518058776855,
1.007059097290039,
1.006592035293579,
1.0059293508529663,
1.0054495334625244,
1.00465989112854,
1.0042827129364014,
1.0034570693969727,
1.0026392936706543,
1.0023785829544067,
1.00155770778656,
1.0007405281066895,
1.0002487897872925,
0.9994919300079346,
0.9988909959793091,
0.9983460307121277,
0.997646152973175,
0.9970157742500305,
0.9963471293449402,
0.9954894781112671,
0.9950850605964661,
0.9943907260894775,
0.9938494563102722,
0.992956817150116,
0.9920711517333984,
0.9914342761039734,
0.9909000992774963,
0.9900745749473572,
0.9895349740982056,
0.9886695146560669,
0.988386869430542,
0.9875890612602234,
0.9865580797195435,
0.9860514402389526,
0.9857080578804016,
0.9846730828285217,
0.9839019179344177,
0.9832053780555725,
0.9825623035430908,
0.9818710684776306,
0.981204628944397,
0.9803957939147949,
0.9796248078346252,
0.9789059162139893,
0.9783347249031067,
0.9773162007331848,
0.9768524765968323,
0.9761035442352295,
0.975193440914154,
0.974715530872345,
0.9743266105651855,
0.9735556244850159,
0.9727486968040466,
0.971957802772522,
0.9714694619178772,
0.9708673357963562,
0.9698814749717712,
0.9692573547363281,
0.9688402414321899,
0.9678808450698853,
0.9668523669242859,
0.9664685130119324,
0.9657922387123108,
0.9651100039482117,
0.9640493392944336,
0.963949978351593,
0.9633865356445312,
0.962661623954773,
0.9623321294784546,
0.9615869522094727,
0.960660994052887,
0.9601626992225647,
0.9594452977180481,
0.9584469199180603,
0.957735002040863,
0.956628143787384,
0.9559208750724792,
0.9553303122520447,
0.9541335701942444,
0.953679621219635,
0.9527692198753357,
0.9519256353378296,
0.9514384269714355,
0.9507961273193359,
0.9497048854827881,
0.9490565061569214,
0.9485055208206177,
0.9477200508117676,
0.9472163319587708,
0.946449875831604,
0.9457011818885803,
0.9450184106826782,
0.944271981716156,
0.9436525106430054,
0.9428492784500122,
0.9424187541007996,
0.941791296005249,
0.9411802887916565,
0.940339207649231,
0.9395996332168579,
0.9390890002250671,
0.938566267490387,
0.9377091526985168,
0.9370323419570923,
0.9361345767974854,
0.9352818727493286,
0.934439480304718,
0.9335125684738159,
0.9326419234275818,
0.9319518804550171,
0.9312206506729126,
0.9304023385047913,
0.9295910000801086,
0.9287989139556885,
0.9282256960868835,
0.9274749159812927,
0.9267536997795105,
0.9259870648384094,
0.9251168966293335,
0.9244478344917297,
0.9236519932746887,
0.9227379560470581,
0.9222747087478638,
0.9212797284126282,
0.9205795526504517,
0.9196956753730774,
0.9188516139984131,
0.9181017875671387,
0.9173692464828491,
0.9167457222938538,
0.9162028431892395,
0.9152461886405945,
0.9149797558784485,
0.9142394065856934,
0.9132080674171448,
0.9125721454620361,
0.9113805890083313,
0.9108091592788696,
0.90997713804245,
0.9091492891311646,
0.9083307981491089,
0.907379686832428,
0.9063710570335388,
0.9057499170303345,
0.904811441898346,
0.9041479825973511,
0.9032381772994995,
0.9023945331573486,
0.9015843868255615,
0.9006401896476746,
0.8999408483505249,
0.8989460468292236,
0.8982831835746765,
0.8973926901817322,
0.8965087532997131,
0.8953368067741394,
0.8946622610092163,
0.8937042951583862,
0.89300537109375,
0.8920842409133911,
0.8913403749465942,
0.890195369720459,
0.8894815444946289,
0.8889079093933105,
0.8879591226577759,
0.8868032693862915,
0.8862759470939636,
0.8850128054618835,
0.8840528130531311,
0.8815646171569824,
0.8824737071990967,
0.8814728856086731,
0.8805822730064392,
0.8805822730064392,
0.8805822730064392,
0.0,
0.0,
0.0,
0.0,
0.0,
0.0,
0.0,
0.0,
0.0,
0.0,
0.0,
0.0,
0.0,
0.0,
0.0,
0.0,
0.0,
0.0,
0.0,
0.0,
0.0,
0.0,
0.0,
0.0,
0.0,
0.0,
0.0,
0.0,
0.0,
0.0,
0.0,
0.0,
0.0,
0.0,
0.0,
0.0,
0.0,
0.0,
0.0,
0.0,
0.0,
0.0,
0.0,
0.0,
0.0,
0.0,
0.0,
0.0,
0.0,
0.0,
0.0,
0.0,
0.0,
0.0,
0.0,
0.0,
0.0,
0.0,
0.0,
0.0,
0.0,
0.0,
0.0,
0.0,
0.0,
0.0,
0.0,
0.0,
0.0,
0.0,
0.0,
0.0,
0.0,
0.0,
0.0,
0.0,
0.0,
0.0,
0.0,
0.0,
0.0,
0.0,
0.0,
0.0,
0.0,
0.0,
0.0,
0.0,
0.0,
0.0,
0.0,
0.0,
0.0,
0.0,
0.0,
0.0,
0.0,
0.0,
0.0,
0.0,
0.0,
0.0,
0.0,
0.0,
0.0,
0.0,
0.0,
0.0,
0.0,
0.0,
0.0,
0.0,
0.0,
0.0,
0.0,
0.0,
0.0,
0.0,
0.0,
0.0,
0.0,
0.0,
0.0,
0.0,
0.0,
0.0,
0.0,
0.0,
0.0,
0.0,
0.0,
0.0,
0.0,
0.0,
0.0,
0.0,
0.0,
0.0,
0.0,
0.0,
0.0,
0.0,
0.0,
0.0,
0.0,
0.0,
0.0,
0.0,
0.0,
0.0,
0.0,
0.0,
0.0,
0.0,
0.0,
0.0,
0.0,
0.0,
0.0,
0.0,
0.0,
0.0,
0.0,
0.0,
0.0,
0.0,
0.0,
0.0,
0.0,
0.0,
0.0,
0.0,
0.0,
0.0,
0.0,
0.0,
0.0,
0.0,
0.0,
0.0,
0.0,
0.0,
0.0,
0.0,
0.0,
0.0,
0.0,
0.0,
0.0,
0.0,
0.0,
0.0,
0.0,
0.0,
0.0,
0.0,
0.0,
0.0,
0.0,
0.0,
0.0,
0.0,
0.0,
0.0,
0.0,
0.0,
0.0,
0.0,
0.0,
0.0,
0.0,
0.0,
0.0,
0.0,
0.0,
0.0,
0.0,
0.0,
0.0,
0.0,
0.0,
0.0,
0.0,
0.0,
0.0,
0.0,
0.0,
0.0,
0.0,
0.0,
0.0,
0.0,
0.0,
0.0,
0.0,
0.0,
0.0,
0.0,
0.0,
0.0,
0.0,
0.0,
0.0,
0.0,
0.0,
0.0,
0.0,
0.0,
0.0,
0.0,
0.0,
0.0,
0.0,
0.0,
0.0,
0.0,
0.0,
0.0,
0.0,
0.0,
0.0,
0.0,
0.0,
0.0,
0.0,
0.0,
0.0,
0.0,
0.0,
0.0,
0.0,
0.0,
0.0,
0.0,
0.0,
0.0,
0.0,
0.0,
0.0,
0.0,
0.0,
0.0,
0.0,
0.0,
0.0,
0.0,
0.0,
0.0,
0.0,
0.0,
0.0,
0.0,
0.0,
0.0,
0.0,
0.0,
0.0,
0.0,
0.0,
0.0,
0.0,
0.0,
0.0,
0.0,
0.0,
0.0,
0.0,
0.0,
0.0,
0.0,
0.0,
0.0,
0.0,
0.0,
0.0,
0.0,
0.0,
0.0,
0.0,
0.0,
0.0,
0.0,
0.0,
0.0,
0.0,
0.0,
0.0,
0.0,
0.0,
0.0,
0.0,
0.0,
0.0,
0.0,
0.0,
0.0,
0.0,
0.0,
0.0,
0.0,
0.0,
0.0,
0.0,
0.0,
0.0,
0.0,
0.0,
0.0,
0.0,
0.0,
0.0,
0.0,
0.0,
0.0,
0.0,
0.0,
0.0,
0.0,
0.0,
0.0,
0.0,
0.0,
0.0,
0.0,
0.0,
0.0,
0.0,
0.0,
0.0,
0.0,
0.0,
0.0,
0.0,
0.0,
0.0,
0.0,
0.0,
0.0,
0.0,
0.0,
0.0,
0.0,
0.0,
0.0,
0.0,
0.0,
0.0,
0.0,
0.0,
0.0,
0.0,
0.0,
0.0,
0.0,
0.0,
0.0,
0.0,
0.0,
0.0,
0.0,
0.0,
0.0,
0.0,
0.0,
0.0,
0.0,
0.0,
0.0,
0.0,
0.0,
0.0,
0.0,
0.0,
0.0,
0.0,
0.0,
0.0,
0.0,
0.0,
0.0,
0.0,
0.0,
0.0,
0.0,
0.0,
0.0,
0.0,
0.0,
0.0,
0.0,
0.0,
0.0,
0.0,
0.0,
0.0,
0.0,
0.0,
0.0,
0.0,
0.0,
0.0,
0.0,
0.0,
0.0,
0.0,
0.0,
0.0,
0.0,
0.0,
0.0,
0.0,
0.0,
0.0,
0.0,
0.0,
0.0,
0.0,
0.0,
0.0,
0.0,
0.0,
0.0,
0.0,
0.0,
0.0,
0.0,
0.0,
0.0,
0.0,
0.0,
0.0,
0.0,
0.0,
0.0,
0.0,
0.0,
0.0,
0.0,
0.0,
0.0,
0.0,
0.0,
0.0,
0.0,
0.0,
0.0,
0.0,
0.0,
0.0,
0.0,
0.0,
0.0,
0.0,
0.0,
0.0,
0.0,
0.0,
0.0,
0.0,
0.0,
0.0,
0.0,
0.0,
0.0,
0.0,
0.0,
0.0,
0.0,
0.0,
0.0,
0.0,
0.0,
0.0,
0.0,
0.0,
0.0,
0.0,
0.0,
0.0,
0.0,
0.0,
0.0,
0.0,
0.0,
0.0,
0.0,
0.0,
0.0,
0.0,
0.0,
0.0,
0.0,
0.0,
0.0,
0.0,
0.0,
0.0,
0.0,
0.0,
0.0,
0.0,
0.0,
0.0,
0.0,
0.0,
0.0,
0.0,
0.0,
0.0,
0.0,
0.0,
0.0,
0.0,
0.0,
0.0,
0.0,
0.0,
0.0,
0.0,
0.0,
0.0,
0.0,
0.0,
0.0,
0.0,
0.0,
0.0,
0.0,
0.0,
0.0,
0.0,
0.0,
0.0,
0.0,
0.0,
0.0,
0.0,
0.0,
0.0,
0.0,
0.0,
0.0,
0.0,
0.0,
0.0,
0.0,
0.0,
0.0,
0.0,
0.0,
0.0,
0.0,
0.0,
0.0,
0.0,
0.0,
0.0,
0.0,
0.0,
0.0,
0.0,
0.0,
0.0,
0.0,
0.0,
0.0,
0.0,
0.0,
0.0,
0.0,
0.0,
0.0,
0.0,
0.0,
0.0,
0.0,
0.0,
0.0,
0.0,
0.0,
0.0,
0.0,
0.0,
0.0,
0.0,
0.0,
0.0,
0.0,
0.0,
0.0,
0.0,
0.0,
0.0,
0.0,
0.0,
0.0,
0.0,
0.0,
0.0,
0.0,
0.0,
0.0,
0.0,
0.0,
0.0,
0.0,
0.0,
0.0,
0.0,
0.0,
0.0,
0.0,
0.0,
0.0,
0.0,
0.0,
0.0,
0.0,
0.0,
0.0,
0.0,
0.0,
0.0,
0.0,
0.0,
0.0,
0.0,
0.0,
0.0,
0.0,
0.0,
0.0,
0.0,
0.0,
0.0,
0.0,
0.0,
0.0,
0.0,
0.0,
0.0,
0.0,
0.0,
0.0,
0.0,
0.0,
0.0,
0.0,
0.0,
0.0,
0.0,
0.0,
0.0,
0.0,
0.0,
0.0,
0.0,
0.0,
0.0,
0.0,
0.0,
0.0,
0.0,
0.0,
0.0,
0.0,
0.0,
0.0,
0.0,
0.0,
0.0,
0.0,
0.0,
0.0,
0.0,
0.0,
0.0,
0.0,
0.0,
0.0,
0.0,
0.0,
0.0,
0.0,
0.0,
0.0,
0.0,
0.0,
0.0,
0.0,
0.0,
0.0,
0.0,
0.0,
0.0,
0.0,
0.0,
0.0,
0.0,
0.0,
0.0,
0.0,
0.0,
0.0,
0.0,
0.0,
0.0,
0.0,
0.0,
0.0,
0.0,
0.0,
0.0,
0.0,
0.0,
0.0,
0.0,
0.0,
0.0,
0.0,
0.0,
0.0,
0.0,
0.0,
0.0,
0.0,
0.0,
0.0,
0.0,
0.0,
0.0,
0.0,
0.0,
0.0,
0.0,
0.0,
0.0,
0.0,
0.0,
0.0,
0.0,
0.0,
0.0,
0.0,
0.0,
0.0,
0.0,
0.0,
0.0,
0.0,
0.0,
0.0,
0.0,
0.0,
0.0,
0.0,
0.0,
0.0,
0.0,
0.0,
0.0,
0.0,
0.0,
0.0,
0.0,
0.0,
0.0,
0.0,
0.0,
0.0,
0.0,
0.0,
0.0,
0.0,
0.0,
0.0,
0.0,
0.0,
0.0,
0.0,
0.0,
0.0,
0.0,
0.0,
0.0,
0.0,
0.0,
0.0,
0.0,
0.0,
0.0,
0.0,
0.0,
0.0,
0.0,
0.0,
0.0,
0.0,
0.0,
0.0,
0.0,
0.0,
0.0,
0.0,
0.0,
0.0,
0.0,
0.0,
0.0,
0.0,
0.0,
0.0,
0.0,
0.0,
0.0,
0.0,
0.0,
0.0,
0.0,
0.0,
0.0,
0.0,
0.0,
0.0,
0.0,
0.0,
0.0,
0.0,
0.0,
0.0,
0.0,
0.0,
0.0,
0.0,
0.0,
0.0,
0.0,
0.0,
0.0,
0.0,
0.0,
0.0,
0.0,
0.0,
0.0,
0.0,
0.0,
0.0,
0.0,
0.0,
0.0,
0.0,
0.0,
0.0,
0.0,
0.0,
0.0,
0.0,
0.0,
0.0,
0.0,
0.0,
0.0,
0.0,
0.0,
0.0,
0.0,
0.0,
0.0,
0.0,
0.0,
0.0,
0.0,
0.0,
0.0,
0.0,
0.0,
0.0,
0.0,
0.0,
0.0,
0.0,
0.0,
0.0,
0.0,
0.0,
0.0,
0.0,
0.0,
0.0,
0.0,
0.0,
0.0,
0.0,
0.0,
0.0,
0.0,
0.0,
0.0,
0.0,
0.0,
0.0,
0.0,
0.0,
0.0,
0.0,
0.0,
0.0,
0.0,
0.0,
0.0,
0.0,
0.0,
0.0,
0.0,
0.0,
0.0,
0.0,
0.0,
0.0,
0.0,
0.0,
0.0,
0.0,
0.0,
0.0,
0.0,
0.0,
0.0,
0.0,
0.0,
0.0,
0.0,
0.0,
0.0,
0.0,
0.0,
0.0,
0.0,
0.0,
0.0,
0.0,
0.0,
0.0,
0.0,
0.0,
0.0,
0.0,
0.0,
0.0,
0.0,
0.0,
0.0,
0.0,
0.0,
0.0,
0.0,
0.0,
0.0,
0.0,
0.0,
0.0,
0.0,
0.0,
0.0,
0.0,
0.0,
0.0,
0.0,
0.0,
0.0,
0.0,
0.0,
0.0,
0.0,
0.0,
0.0,
0.0,
0.0,
0.0,
0.0,
0.0,
0.0,
0.0,
0.0,
0.0,
0.0,
0.0,
0.0,
0.0,
0.0,
0.0,
0.0,
0.0,
0.0,
0.0,
0.0,
0.0,
0.0,
0.0,
0.0,
0.0,
0.0,
0.0,
0.0,
0.0,
0.0,
0.0,
0.0,
0.0,
0.0,
0.0,
0.0,
0.0,
0.0,
0.0,
0.0,
0.0,
0.0,
0.0,
0.0,
0.0,
0.0,
0.0,
0.0,
0.0,
0.0,
0.0,
0.0,
0.0,
0.0,
0.0,
0.0,
0.0,
0.0,
0.0,
0.0,
0.0,
0.0,
0.0,
0.0,
0.0,
0.0,
0.0,
0.0,
0.0,
0.0,
0.0,
0.0,
0.0,
0.0,
0.0,
0.0,
0.0,
0.0,
0.0,
0.0,
0.0,
0.0,
0.0,
0.0,
0.0,
0.0,
0.0,
0.0,
0.0,
0.0,
0.0,
0.0,
0.0,
0.0,
0.0,
0.0,
0.0,
0.0,
0.0,
0.0,
0.0,
0.0,
0.0,
0.0,
0.0,
0.0,
0.0,
0.0,
0.0,
0.0,
0.0,
0.0,
0.0,
0.0,
0.0,
0.0,
0.0,
0.0,
0.0,
0.0,
0.0,
0.0,
0.0,
0.0,
0.0,
0.0,
0.0,
0.0,
0.0,
0.0,
0.0,
0.0,
0.0,
0.0,
0.0,
0.0,
0.0,
0.0,
0.0,
0.0,
0.0,
0.0,
0.0,
0.0,
0.0,
0.0,
0.0,
0.0,
0.0,
0.0,
0.0,
0.0,
0.0,
0.0,
0.0,
0.0,
0.0,
0.0,
0.0,
0.0,
0.0,
0.0,
0.0,
0.0,
0.0,
0.0,
0.0,
0.0,
0.0,
0.0,
0.0,
0.0,
0.0,
0.0,
0.0,
0.0,
0.0,
0.0,
0.0,
0.0,
0.0,
0.0,
0.0,
0.0,
0.0,
0.0,
0.0,
0.0,
0.0,
0.0,
0.0,
0.0,
0.0,
0.0,
0.0,
0.0,
0.0,
0.0,
0.0,
0.0,
0.0,
0.0,
0.0,
0.0,
0.0,
0.0,
0.0,
0.0,
0.0,
0.0,
0.0,
0.0,
0.0,
0.0,
0.0,
0.0,
0.0,
0.0,
0.0,
0.0,
0.0,
0.0,
0.0,
0.0,
0.0,
0.0,
0.0,
0.0,
0.0,
0.0,
0.0,
0.0,
0.0,
0.0,
0.0,
0.0,
0.0,
0.0,
0.0,
0.0,
0.0,
0.0,
0.0,
0.0,
0.0,
0.0,
0.0,
0.0,
0.0,
0.0,
0.0,
0.0,
0.0,
0.0,
0.0,
0.0,
0.0,
0.0,
0.0,
0.0,
0.0,
0.0,
0.0,
0.0,
0.0,
0.0,
0.0,
0.0,
0.0,
0.0,
0.0,
0.0,
0.0,
0.0,
0.0,
0.0,
0.0,
0.0,
0.0,
0.0,
0.0,
0.0,
0.0,
0.0,
0.0,
0.0,
0.0,
0.0,
0.0,
0.0,
0.0,
0.0,
0.0,
0.0,
0.0,
0.0,
0.0,
0.0,
0.0,
0.0,
0.0,
0.0,
0.0,
0.0,
0.0,
0.0,
0.0,
0.0,
0.0,
0.0,
0.0,
0.0,
0.0,
0.0,
0.0,
0.0,
0.0,
0.0,
0.0,
0.0,
0.0,
0.0,
0.0,
0.0,
0.0,
0.0,
0.0,
0.0,
0.0,
0.0,
0.0,
0.0,
0.0,
0.0,
0.0,
0.0,
0.0,
0.0,
0.0,
0.0,
0.0,
0.0,
0.0,
0.0,
0.0,
0.0,
0.0,
0.0,
0.0,
0.0,
0.0,
0.0,
0.0,
0.0,
0.0,
0.0,
0.0,
0.0,
0.0,
0.0,
0.0,
0.0,
0.0,
0.0,
0.0,
0.0,
0.0,
0.0,
0.0,
0.0,
0.0,
0.0,
0.0,
0.0,
0.0,
0.0,
0.0,
0.0,
0.0,
0.0,
0.0,
0.0,
0.0,
0.0,
0.0,
0.0,
0.0,
0.0,
0.0,
0.0,
0.0,
0.0,
0.0,
0.0,
0.0,
0.0,
0.0,
0.0,
0.0,
0.0,
0.0,
0.0,
0.0,
0.0,
0.0,
0.0,
0.0,
0.0,
0.0,
0.0,
0.0,
0.0,
0.0,
0.0,
0.0,
0.0,
0.0,
0.0,
0.0,
0.0,
0.0,
0.0,
0.0,
0.0,
0.0,
0.0,
