1.0499999523162842,
1.0790461301803589,
1.0801724195480347,
1.0807079076766968,
1.0812071561813354,
1.0814733505249023,
1.081748604774475,
1.0817883014678955,
1.0822019577026367,
1.0822893381118774,
1.0824029445648193,
1.0824897289276123,
1.0825185775756836,
1.0825607776641846,
1.082728624343872,
1.0826587677001953,
1.08274245262146,
1.08274245262146,
1.082667350769043,
1.0814627408981323,
1.08273446559906,
1.0827443599700928,
1.0827800035476685,
1.0827059745788574,
1.0826860666275024,
1.082676887512207,
1.0827150344848633,
1.0827239751815796,
1.0827583074569702,
1.082790732383728,
1.0827864408493042,
1.0827869176864624,
1.082748293876648,
1.0827980041503906,
1.0828063488006592,
1.0828173160552979,
1.082781434059143,
1.082882285118103,
1.0828132629394531,
1.0827502012252808,
1.0827618837356567,
1.0826311111450195,
1.0813862085342407,
1.08253014087677,
1.0825536251068115,
1.0825297832489014,
1.0824838876724243,
1.0824681520462036,
1.0825170278549194,
1.082482099533081,
1.0825705528259277,
1.082672357559204,
1.082861304283142,
1.082977294921875,
1.0829994678497314,
1.0825634002685547,
1.082358956336975,
1.0823215246200562,
1.0822536945343018,
1.08225417137146,
1.082229495048523,
1.0822633504867554,
1.0822691917419434,
1.0822019577026367,
1.082114577293396,
1.0808402299880981,
1.0820075273513794,
1.0819648504257202,
1.081898808479309,
1.0818718671798706,
1.0818554162979126,
1.0806323289871216,
1.0818212032318115,
1.0817744731903076,
1.0816994905471802,
1.0816376209259033,
1.081640601158142,
1.0817031860351562,
1.0816603899002075,
1.0816072225570679,
1.0816013813018799,
1.0816256999969482,
1.081587553024292,
1.0816116333007812,
1.0815166234970093,
1.0814590454101562,
1.0813779830932617,
1.0813453197479248,
1.0812186002731323,
1.081207275390625,
1.0812255144119263,
1.0812244415283203,
1.0811687707901,
1.081137776374817,
1.080001950263977,
1.0811699628829956,
1.0811570882797241,
1.0810874700546265,
1.081054449081421,
1.0810226202011108,
1.081012487411499,
1.0809378623962402,
1.0808639526367188,
1.0807934999465942,
1.0807561874389648,
1.0807839632034302,
1.080795407295227,
1.080674648284912,
1.080582618713379,
1.0805832147598267,
1.0806279182434082,
1.0805526971817017,
1.0805727243423462,
1.0804789066314697,
1.0804226398468018,
1.0803661346435547,
1.0803691148757935,
1.0791499614715576,
1.0804023742675781,
1.080358862876892,
1.0803619623184204,
1.0803303718566895,
1.0802820920944214,
1.0802794694900513,
1.0801630020141602,
1.0801060199737549,
1.0800727605819702,
1.080014944076538,
1.0799702405929565,
1.0799493789672852,
1.0798912048339844,
1.0798838138580322,
1.0798181295394897,
1.0797231197357178,
1.0796363353729248,
1.0796129703521729,
1.079481601715088,
1.0794963836669922,
1.079506278038025,
1.079469919204712,
1.0781888961791992,
1.0794306993484497,
1.0793800354003906,
1.0792858600616455,
1.0792123079299927,
1.079123854637146,
1.0791605710983276,
1.0790891647338867,
1.0790596008300781,
1.0790048837661743,
1.0789767503738403,
1.0789852142333984,
1.0789732933044434,
1.0789110660552979,
1.0788981914520264,
1.0788707733154297,
1.0788453817367554,
1.0788015127182007,
1.0787934064865112,
1.0786211490631104,
1.0785423517227173,
1.0785342454910278,
1.0785062313079834,
1.0772154331207275,
1.0785280466079712,
1.0786164999008179,
1.078630805015564,
1.0784721374511719,
1.0783287286758423,
1.0781972408294678,
1.078073263168335,
1.0781223773956299,
1.0782517194747925,
1.0783108472824097,
1.078330159187317,
1.078336477279663,
1.078261137008667,
1.0782079696655273,
1.078118920326233,
1.0779260396957397,
1.0778480768203735,
1.0778061151504517,
1.0777140855789185,
1.0776435136795044,
1.077612280845642,
1.0775266885757446,
1.0762336254119873,
1.0773874521255493,
1.0773601531982422,
1.077284336090088,
1.0772805213928223,
1.0773073434829712,
1.0761799812316895,
1.0775173902511597,
1.0775165557861328,
1.0773820877075195,
1.0771713256835938,
1.0770421028137207,
1.0769453048706055,
1.077030897140503,
1.077227234840393,
1.0773345232009888,
1.0773812532424927,
1.0773776769638062,
1.077386498451233,
1.0772513151168823,
1.0771949291229248,
1.0769025087356567,
1.076660394668579,
1.076491117477417,
1.0765047073364258,
1.0764621496200562,
1.0763188600540161,
1.0762639045715332,
1.0762277841567993,
1.0749528408050537,
1.0761356353759766,
1.076112985610962,
1.0761373043060303,
1.076106309890747,
1.0762330293655396,
1.07625150680542,
1.0761480331420898,
1.0760023593902588,
1.075832486152649,
1.0757631063461304,
1.0756293535232544,
1.075727105140686,
1.075778603553772,
1.0758697986602783,
1.0758931636810303,
1.0758609771728516,
1.075779676437378,
1.0757285356521606,
1.0756175518035889,
1.0753675699234009,
1.0752878189086914,
1.0752055644989014,
1.0739119052886963,
1.0750786066055298,
1.0749781131744385,
1.0749293565750122,
1.0748379230499268,
1.0747795104980469,
1.0747582912445068,
1.0747027397155762,
1.0747045278549194,
1.0747238397598267,
1.0748019218444824,
1.074886441230774,
1.0747967958450317,
1.0746060609817505,
1.0744410753250122,
1.0743772983551025,
1.0742889642715454,
1.0743540525436401,
1.0744404792785645,
1.0745151042938232,
1.0745062828063965,
1.0744930505752563,
1.0744435787200928,
1.0731534957885742,
1.074275016784668,
1.0739648342132568,
1.0739091634750366,
1.0738341808319092,
1.0738335847854614,
1.073730707168579,
1.0736618041992188,
1.0735650062561035,
1.0735149383544922,
1.0734399557113647,
1.073390245437622,
1.0733081102371216,
1.0732030868530273,
1.0732399225234985,
1.0733020305633545,
1.073301911354065,
1.0732203722000122,
1.073142647743225,
1.0730713605880737,
1.072975993156433,
1.0728247165679932,
1.072818636894226,
1.0717109441757202,
1.0729994773864746,
1.0730520486831665,
1.0730719566345215,
1.0730336904525757,
1.0730010271072388,
1.0729173421859741,
1.0726226568222046,
1.0723906755447388,
1.0723069906234741,
1.072250247001648,
1.072167158126831,
1.072169303894043,
1.072047233581543,
1.0719369649887085,
1.0718696117401123,
1.0718015432357788,
1.0717419385910034,
1.0717296600341797,
1.0716195106506348,
1.0715667009353638,
1.0714681148529053,
1.0715093612670898,
1.0702193975448608,
1.0713672637939453,
1.0713156461715698,
1.0712168216705322,
1.0711885690689087,
1.0711852312088013,
1.0711590051651,
1.07117760181427,
1.071158528327942,
1.0711162090301514,
1.0710742473602295,
1.0709270238876343,
1.0707228183746338,
1.0705876350402832,
1.0705615282058716,
1.070479393005371,
1.0704251527786255,
1.0703649520874023,
1.0703123807907104,
1.069891333580017,
1.070117473602295,
1.0700620412826538,
1.069995403289795,
1.0698649883270264,
1.0703355073928833,
1.0706467628479004,
1.070760726928711,
1.070683240890503,
1.0705652236938477,
1.0692917108535767,
1.0704307556152344,
1.0705692768096924,
1.0704095363616943,
1.070849061012268,
1.0709795951843262,
1.0710769891738892,
1.071110725402832,
1.0706956386566162,
1.0709956884384155,
1.0708024501800537,
1.0704838037490845,
1.0701841115951538,
1.0699454545974731,
1.0696007013320923,
1.0696189403533936,
1.069537878036499,
1.068993091583252,
1.0694166421890259,
1.0686653852462769,
1.0691931247711182,
1.0691698789596558,
1.0691121816635132,
1.067863941192627,
1.0691330432891846,
1.069079041481018,
1.0689449310302734,
1.0688368082046509,
1.0686520338058472,
1.068594217300415,
1.0686720609664917,
1.0687941312789917,
1.0688878297805786,
1.0689250230789185,
1.068979263305664,
1.0689539909362793,
1.0689178705215454,
1.0689491033554077,
1.0687000751495361,
1.0684703588485718,
1.0681513547897339,
1.0679888725280762,
1.067807912826538,
1.0677094459533691,
1.0675888061523438,
1.0674934387207031,
1.066202163696289,
1.0673688650131226,
1.067336082458496,
1.0672537088394165,
1.0672000646591187,
1.0672351121902466,
1.0660349130630493,
1.0671696662902832,
1.0663752555847168,
1.0667606592178345,
1.0666754245758057,
1.066559910774231,
1.0666472911834717,
1.0667768716812134,
1.0668648481369019,
1.0669382810592651,
1.0669461488723755,
1.066941738128662,
1.0669573545455933,
1.0668997764587402,
1.0666568279266357,
1.066322684288025,
1.0660579204559326,
1.0658748149871826,
1.0657784938812256,
1.0656179189682007,
1.0652899742126465,
1.065242052078247,
1.0651742219924927,
1.0640449523925781,
1.0649833679199219,
1.0650973320007324,
1.0651350021362305,
1.0644241571426392,
1.0651640892028809,
1.0651289224624634,
1.0645955801010132,
1.0647525787353516,
1.0646426677703857,
1.0644968748092651,
1.063726782798767,
1.0645898580551147,
1.06463623046875,
1.0642549991607666,
1.064484715461731,
1.064712643623352,
1.064679741859436,
1.0645756721496582,
1.0640956163406372,
1.0640480518341064,
1.0635946989059448,
1.0635671615600586,
1.0634218454360962,
1.0630779266357422,
1.0632096529006958,
1.063061237335205,
1.0630979537963867,
1.0624070167541504,
1.0616579055786133,
1.0628836154937744,
1.062330961227417,
1.0622838735580444,
1.0628210306167603,
1.0627440214157104,
1.0610707998275757,
1.0617624521255493,
1.0622272491455078,
1.0621274709701538,
1.0621482133865356,
1.0622535943984985,
1.0622854232788086,
1.0622377395629883,
1.0622340440750122,
1.0621511936187744,
1.0620946884155273,
1.0620912313461304,
1.0618764162063599,
1.0616194009780884,
1.0613676309585571,
1.061181664466858,
1.0610357522964478,
1.0609341859817505,
1.0608488321304321,
1.0607324838638306,
1.060614824295044,
1.0605047941207886,
1.0604324340820312,
1.059019684791565,
1.060197114944458,
1.0600858926773071,
1.060048222541809,
1.0596421957015991,
1.0598318576812744,
1.0585052967071533,
1.0593364238739014,
1.0594733953475952,
1.0595978498458862,
1.0597630739212036,
1.0599002838134766,
1.0599993467330933,
1.0589207410812378,
1.0598634481430054,
1.059755563735962,
1.059755802154541,
1.059643030166626,
1.0592350959777832,
1.0589725971221924,
1.0587397813796997,
1.05812668800354,
1.05814790725708,
1.0579304695129395,
1.0568879842758179,
1.0565687417984009,
1.055071234703064,
1.054538369178772,
1.056038737297058,
1.0566232204437256,
1.0563997030258179,
1.0562242269515991,
1.0561411380767822,
1.0561158657073975,
1.0560076236724854,
1.0533696413040161,
1.0556527376174927,
1.055558204650879,
1.0551117658615112,
1.0556493997573853,
1.0556552410125732,
1.0544034242630005,
1.0555871725082397,
1.0555613040924072,
1.055526852607727,
1.0553908348083496,
1.0550711154937744,
1.0547155141830444,
1.0541374683380127,
1.0540629625320435,
1.0541858673095703,
1.0540471076965332,
1.0538817644119263,
1.0538644790649414,
1.0527375936508179,
1.0535237789154053,
1.0529773235321045,
1.0527064800262451,
1.053250789642334,
1.0531426668167114,
1.053033471107483,
1.0529924631118774,
1.0528507232666016,
1.0525500774383545,
1.052320957183838,
1.0524362325668335,
1.0523550510406494,
1.0522793531417847,
1.0523613691329956,
1.052019715309143,
1.050966501235962,
1.0516971349716187,
1.0517027378082275,
1.0514822006225586,
1.0513513088226318,
1.0510249137878418,
1.0496039390563965,
1.0508580207824707,
1.0507274866104126,
1.0505658388137817,
1.050477147102356,
1.0500409603118896,
1.0498652458190918,
1.0498299598693848,
1.049837350845337,
1.0496277809143066,
1.049281120300293,
1.0493278503417969,
1.0492089986801147,
1.0491328239440918,
1.0480326414108276,
1.0469774007797241,
1.0481829643249512,
1.0482616424560547,
1.0483478307724,
1.0481467247009277,
1.04818856716156,
1.0474684238433838,
1.0476371049880981,
1.047532558441162,
1.0477052927017212,
1.046961784362793,
1.0470894575119019,
1.0462863445281982,
1.0466232299804688,
1.0464074611663818,
1.0463770627975464,
1.0460565090179443,
1.0457017421722412,
1.0454401969909668,
1.0455600023269653,
1.0445590019226074,
1.045091152191162,
1.0449961423873901,
1.0443090200424194,
1.0433266162872314,
1.0440564155578613,
1.0430127382278442,
1.0436660051345825,
1.043888807296753,
1.0428498983383179,
1.04320228099823,
1.0429188013076782,
1.0416069030761719,
1.0424484014511108,
1.0429508686065674,
1.0424070358276367,
1.0425126552581787,
1.0424009561538696,
1.041752815246582,
1.0414328575134277,
1.039837121963501,
1.0409754514694214,
1.0404284000396729,
1.0400326251983643,
1.0401629209518433,
1.039610505104065,
1.0389111042022705,
1.0391901731491089,
1.038558006286621,
1.0386786460876465,
1.0383005142211914,
1.037972092628479,
1.0375291109085083,
1.0375944375991821,
1.0379239320755005,
1.0371991395950317,
1.037379264831543,
1.0363856554031372,
1.036607265472412,
1.0363672971725464,
1.0356123447418213,
1.0359816551208496,
1.035329818725586,
1.035104751586914,
1.0349072217941284,
1.0345414876937866,
1.0336554050445557,
1.033646821975708,
1.0322309732437134,
1.0335572957992554,
1.0325244665145874,
1.032509207725525,
1.032053828239441,
1.0320309400558472,
1.0310412645339966,
1.0317363739013672,
1.0312656164169312,
1.031038761138916,
1.030688762664795,
1.0300801992416382,
1.0286930799484253,
1.0292854309082031,
1.0292083024978638,
1.028883695602417,
1.0281741619110107,
1.0287609100341797,
1.0261764526367188,
1.0278955698013306,
1.027700424194336,
1.0270781517028809,
1.0267926454544067,
1.0263516902923584,
1.0250604152679443,
1.0258487462997437,
1.0244265794754028,
1.024784803390503,
1.0246412754058838,
1.0238194465637207,
1.0221024751663208,
1.0221885442733765,
1.0230779647827148,
1.0223678350448608,
1.0210410356521606,
1.021471619606018,
1.0203192234039307,
1.0205105543136597,
1.0201619863510132,
1.0197104215621948,
1.0183281898498535,
1.0182595252990723,
1.0187047719955444,
1.0178481340408325,
1.0172325372695923,
1.0170406103134155,
1.016371488571167,
1.0159879922866821,
1.0154008865356445,
1.014917016029358,
1.014295220375061,
1.0137399435043335,
1.0132437944412231,
1.012808918952942,
1.012032389640808,
1.0117918252944946,
1.0112054347991943,
1.01084566116333,
1.0100563764572144,
1.0092138051986694,
1.0090913772583008,
1.0089877843856812,
1.0081243515014648,
1.0078396797180176,
1.0069546699523926,
1.006377100944519,
1.005804181098938,
1.0037729740142822,
1.004661202430725,
1.0043470859527588,
1.003571629524231,
1.0030086040496826,
1.002415418624878,
1.0018465518951416,
1.0014232397079468,
1.0007336139678955,
0.9990608096122742,
0.9996489882469177,
0.9990109205245972,
0.9987116456031799,
0.9979537129402161,
0.9972876310348511,
0.9966616034507751,
0.9962347149848938,
0.9955562949180603,
0.9948861002922058,
0.9940584301948547,
0.9933309555053711,
0.9931989312171936,
0.9923092722892761,
0.9916178584098816,
0.9905462861061096,
0.9893016815185547,
0.989473819732666,
0.9888591766357422,
0.9880918264389038,
0.9875488877296448,
0.9873192310333252,
0.9864866733551025,
0.9853623509407043,
0.9852213859558105,
0.9844407439231873,
0.9839959144592285,
0.983527660369873,
0.9827911853790283,
0.9819729328155518,
0.9811096787452698,
0.9806527495384216,
0.9797992706298828,
0.979274332523346,
0.9783648252487183,
0.9761865139007568,
0.9770227074623108,
0.9762719869613647,
0.9758858680725098,
0.9752227663993835,
0.9745986461639404,
0.9739366769790649,
0.9730278849601746,
0.9720733165740967,
0.9716253280639648,
0.9704403877258301,
0.9698434472084045,
0.9687062501907349,
0.9665238261222839,
0.9668065309524536,
0.9662755131721497,
0.96530681848526,
0.9645313024520874,
0.9637567400932312,
0.9622674584388733,
0.962044358253479,
0.9607515931129456,
0.960484504699707,
0.9593851566314697,
0.9586373567581177,
0.9580882787704468,
0.9557746052742004,
0.9560765624046326,
0.9553825855255127,
0.9544819593429565,
0.9535462260246277,
0.9529221653938293,
0.9520847201347351,
0.9514009952545166,
0.9506779313087463,
0.9500507712364197,
0.9490740895271301,
0.9482988119125366,
0.9476223587989807,
0.9466027021408081,
0.9457373023033142,
0.9448902606964111,
0.9438772201538086,
0.9429002404212952,
0.9419417977333069,
0.9404891133308411,
0.9403111934661865,
0.9394583106040955,
0.9385586380958557,
0.9374576807022095,
0.9364193677902222,
0.935478925704956,
0.9347708821296692,
0.9338524341583252,
0.9326568841934204,
0.9320674538612366,
0.9309523701667786,
0.9296998977661133,
0.9286139011383057,
0.9274596571922302,
0.9269944429397583,
0.9261911511421204,
0.9251242876052856,
0.9239729046821594,
0.9232238531112671,
0.9223195910453796,
0.9214036464691162,
0.9204733371734619,
0.9193025827407837,
0.918363094329834,
0.9173986315727234,
0.91657954454422,
0.9156721234321594,
0.9146042466163635,
0.9132637977600098,
0.9123566746711731,
0.9111140966415405,
0.9099426865577698,
0.9089112281799316,
0.9078162908554077,
0.9066644310951233,
0.9054573774337769,
0.9045141339302063,
0.9031432867050171,
0.9021927118301392,
0.9010536670684814,
0.8985313177108765,
0.8987117409706116,
0.8972453474998474,
0.8962271213531494,
0.8950448036193848,
0.893753170967102,
0.892500638961792,
0.8912155032157898,
0.8898777961730957,
0.8887408375740051,
0.8873236179351807,
0.8863200545310974,
0.8848278522491455,
0.883864164352417,
0.8825196027755737,
0.8813005685806274,
0.8813005685806274,
0.8813005685806274,
0.0,
0.0,
0.0,
0.0,
0.0,
0.0,
0.0,
0.0,
0.0,
0.0,
0.0,
0.0,
0.0,
0.0,
0.0,
0.0,
0.0,
0.0,
0.0,
0.0,
0.0,
0.0,
0.0,
0.0,
0.0,
0.0,
0.0,
0.0,
0.0,
0.0,
0.0,
0.0,
0.0,
0.0,
0.0,
0.0,
0.0,
0.0,
0.0,
0.0,
0.0,
0.0,
0.0,
0.0,
0.0,
0.0,
0.0,
0.0,
0.0,
0.0,
0.0,
0.0,
0.0,
0.0,
0.0,
0.0,
0.0,
0.0,
0.0,
0.0,
0.0,
0.0,
0.0,
0.0,
0.0,
0.0,
0.0,
0.0,
0.0,
0.0,
0.0,
0.0,
0.0,
0.0,
0.0,
0.0,
0.0,
0.0,
0.0,
0.0,
0.0,
0.0,
0.0,
0.0,
0.0,
0.0,
0.0,
0.0,
0.0,
0.0,
0.0,
0.0,
0.0,
0.0,
0.0,
0.0,
0.0,
0.0,
0.0,
0.0,
0.0,
0.0,
0.0,
0.0,
0.0,
0.0,
0.0,
0.0,
0.0,
0.0,
0.0,
0.0,
0.0,
0.0,
0.0,
0.0,
0.0,
0.0,
0.0,
0.0,
0.0,
0.0,
0.0,
0.0,
0.0,
0.0,
0.0,
0.0,
0.0,
0.0,
0.0,
0.0,
0.0,
0.0,
0.0,
0.0,
0.0,
0.0,
0.0,
0.0,
0.0,
0.0,
0.0,
0.0,
0.0,
0.0,
0.0,
0.0,
0.0,
0.0,
0.0,
0.0,
0.0,
0.0,
0.0,
0.0,
0.0,
0.0,
0.0,
0.0,
0.0,
0.0,
0.0,
0.0,
0.0,
0.0,
0.0,
0.0,
0.0,
0.0,
0.0,
0.0,
0.0,
0.0,
0.0,
0.0,
0.0,
0.0,
0.0,
0.0,
0.0,
0.0,
0.0,
0.0,
0.0,
0.0,
0.0,
0.0,
0.0,
0.0,
0.0,
0.0,
0.0,
0.0,
0.0,
0.0,
0.0,
0.0,
0.0,
0.0,
0.0,
0.0,
0.0,
0.0,
0.0,
0.0,
0.0,
0.0,
0.0,
0.0,
0.0,
0.0,
0.0,
0.0,
0.0,
0.0,
0.0,
0.0,
0.0,
0.0,
0.0,
0.0,
0.0,
0.0,
0.0,
0.0,
0.0,
0.0,
0.0,
0.0,
0.0,
0.0,
0.0,
0.0,
0.0,
0.0,
0.0,
0.0,
0.0,
0.0,
0.0,
0.0,
0.0,
0.0,
0.0,
0.0,
0.0,
0.0,
0.0,
0.0,
0.0,
0.0,
0.0,
0.0,
0.0,
0.0,
0.0,
0.0,
0.0,
0.0,
0.0,
0.0,
0.0,
0.0,
0.0,
0.0,
0.0,
0.0,
0.0,
0.0,
0.0,
0.0,
0.0,
0.0,
0.0,
0.0,
0.0,
0.0,
0.0,
0.0,
0.0,
0.0,
0.0,
0.0,
0.0,
0.0,
0.0,
0.0,
0.0,
0.0,
0.0,
0.0,
0.0,
0.0,
0.0,
0.0,
0.0,
0.0,
0.0,
0.0,
0.0,
0.0,
0.0,
0.0,
0.0,
0.0,
0.0,
0.0,
0.0,
0.0,
0.0,
0.0,
0.0,
0.0,
0.0,
0.0,
0.0,
0.0,
0.0,
0.0,
0.0,
0.0,
0.0,
0.0,
0.0,
0.0,
0.0,
0.0,
0.0,
0.0,
0.0,
0.0,
0.0,
0.0,
0.0,
0.0,
0.0,
0.0,
0.0,
0.0,
0.0,
0.0,
0.0,
0.0,
0.0,
0.0,
0.0,
0.0,
0.0,
0.0,
0.0,
0.0,
0.0,
0.0,
0.0,
0.0,
0.0,
0.0,
0.0,
0.0,
0.0,
0.0,
0.0,
0.0,
0.0,
0.0,
0.0,
0.0,
0.0,
0.0,
0.0,
0.0,
0.0,
0.0,
0.0,
0.0,
0.0,
0.0,
0.0,
0.0,
0.0,
0.0,
0.0,
0.0,
0.0,
0.0,
0.0,
0.0,
0.0,
0.0,
0.0,
0.0,
0.0,
0.0,
0.0,
0.0,
0.0,
0.0,
0.0,
0.0,
0.0,
0.0,
0.0,
0.0,
0.0,
0.0,
0.0,
0.0,
0.0,
0.0,
0.0,
0.0,
0.0,
0.0,
0.0,
0.0,
0.0,
0.0,
0.0,
0.0,
0.0,
0.0,
0.0,
0.0,
0.0,
0.0,
0.0,
0.0,
0.0,
0.0,
0.0,
0.0,
0.0,
0.0,
0.0,
0.0,
0.0,
0.0,
0.0,
0.0,
0.0,
0.0,
0.0,
0.0,
0.0,
0.0,
0.0,
0.0,
0.0,
0.0,
0.0,
0.0,
0.0,
0.0,
0.0,
0.0,
0.0,
0.0,
0.0,
0.0,
0.0,
0.0,
0.0,
0.0,
0.0,
0.0,
0.0,
0.0,
0.0,
0.0,
0.0,
0.0,
0.0,
0.0,
0.0,
0.0,
0.0,
0.0,
0.0,
0.0,
0.0,
0.0,
0.0,
0.0,
0.0,
0.0,
0.0,
0.0,
0.0,
0.0,
0.0,
0.0,
0.0,
0.0,
0.0,
0.0,
0.0,
0.0,
0.0,
0.0,
0.0,
0.0,
0.0,
0.0,
0.0,
0.0,
0.0,
0.0,
0.0,
0.0,
0.0,
0.0,
0.0,
0.0,
0.0,
0.0,
0.0,
0.0,
0.0,
0.0,
0.0,
0.0,
0.0,
0.0,
0.0,
0.0,
0.0,
0.0,
0.0,
0.0,
0.0,
0.0,
0.0,
0.0,
0.0,
0.0,
0.0,
0.0,
0.0,
0.0,
0.0,
0.0,
0.0,
0.0,
0.0,
0.0,
0.0,
0.0,
0.0,
0.0,
0.0,
0.0,
0.0,
0.0,
0.0,
0.0,
0.0,
0.0,
0.0,
0.0,
0.0,
0.0,
0.0,
0.0,
0.0,
0.0,
0.0,
0.0,
0.0,
0.0,
0.0,
0.0,
0.0,
0.0,
0.0,
0.0,
0.0,
0.0,
0.0,
0.0,
0.0,
0.0,
0.0,
0.0,
0.0,
0.0,
0.0,
0.0,
0.0,
0.0,
0.0,
0.0,
0.0,
0.0,
0.0,
0.0,
0.0,
0.0,
0.0,
0.0,
0.0,
0.0,
0.0,
0.0,
0.0,
0.0,
0.0,
0.0,
0.0,
0.0,
0.0,
0.0,
0.0,
0.0,
0.0,
0.0,
0.0,
0.0,
0.0,
0.0,
0.0,
0.0,
0.0,
0.0,
0.0,
0.0,
0.0,
0.0,
0.0,
0.0,
0.0,
0.0,
0.0,
0.0,
0.0,
0.0,
0.0,
0.0,
0.0,
0.0,
0.0,
0.0,
0.0,
0.0,
0.0,
0.0,
0.0,
0.0,
0.0,
0.0,
0.0,
0.0,
0.0,
0.0,
0.0,
0.0,
0.0,
0.0,
0.0,
0.0,
0.0,
0.0,
0.0,
0.0,
0.0,
0.0,
0.0,
0.0,
0.0,
0.0,
0.0,
0.0,
0.0,
0.0,
0.0,
0.0,
0.0,
0.0,
0.0,
0.0,
0.0,
0.0,
0.0,
0.0,
0.0,
0.0,
0.0,
0.0,
0.0,
0.0,
0.0,
0.0,
0.0,
0.0,
0.0,
0.0,
0.0,
0.0,
0.0,
0.0,
0.0,
0.0,
0.0,
0.0,
0.0,
0.0,
0.0,
0.0,
0.0,
0.0,
0.0,
0.0,
0.0,
0.0,
0.0,
0.0,
0.0,
0.0,
0.0,
0.0,
0.0,
0.0,
0.0,
0.0,
0.0,
0.0,
0.0,
0.0,
0.0,
0.0,
0.0,
0.0,
0.0,
0.0,
0.0,
0.0,
0.0,
0.0,
0.0,
0.0,
0.0,
0.0,
0.0,
0.0,
0.0,
0.0,
0.0,
0.0,
0.0,
0.0,
0.0,
0.0,
0.0,
0.0,
0.0,
0.0,
0.0,
0.0,
0.0,
0.0,
0.0,
0.0,
0.0,
0.0,
0.0,
0.0,
0.0,
0.0,
0.0,
0.0,
0.0,
0.0,
0.0,
0.0,
0.0,
0.0,
0.0,
0.0,
0.0,
0.0,
0.0,
0.0,
0.0,
0.0,
0.0,
0.0,
0.0,
0.0,
0.0,
0.0,
0.0,
0.0,
0.0,
0.0,
0.0,
0.0,
0.0,
0.0,
0.0,
0.0,
0.0,
0.0,
0.0,
0.0,
0.0,
0.0,
0.0,
0.0,
0.0,
0.0,
0.0,
0.0,
0.0,
0.0,
0.0,
0.0,
0.0,
0.0,
0.0,
0.0,
0.0,
0.0,
0.0,
0.0,
0.0,
0.0,
0.0,
0.0,
0.0,
0.0,
0.0,
0.0,
0.0,
0.0,
0.0,
0.0,
0.0,
0.0,
0.0,
0.0,
0.0,
0.0,
0.0,
0.0,
0.0,
0.0,
0.0,
0.0,
0.0,
0.0,
0.0,
0.0,
0.0,
0.0,
0.0,
0.0,
0.0,
0.0,
0.0,
0.0,
0.0,
0.0,
0.0,
0.0,
0.0,
0.0,
0.0,
0.0,
0.0,
0.0,
0.0,
0.0,
0.0,
0.0,
0.0,
0.0,
0.0,
0.0,
0.0,
0.0,
0.0,
0.0,
0.0,
0.0,
0.0,
0.0,
0.0,
0.0,
0.0,
0.0,
0.0,
0.0,
0.0,
0.0,
0.0,
0.0,
0.0,
0.0,
0.0,
0.0,
0.0,
0.0,
0.0,
0.0,
0.0,
0.0,
0.0,
0.0,
0.0,
0.0,
0.0,
0.0,
0.0,
0.0,
0.0,
0.0,
0.0,
0.0,
0.0,
0.0,
0.0,
0.0,
0.0,
0.0,
0.0,
0.0,
0.0,
0.0,
0.0,
0.0,
0.0,
0.0,
0.0,
0.0,
0.0,
0.0,
0.0,
0.0,
0.0,
0.0,
0.0,
0.0,
0.0,
0.0,
0.0,
0.0,
0.0,
0.0,
0.0,
0.0,
0.0,
0.0,
0.0,
0.0,
0.0,
0.0,
0.0,
0.0,
0.0,
0.0,
0.0,
0.0,
0.0,
0.0,
0.0,
0.0,
0.0,
0.0,
0.0,
0.0,
0.0,
0.0,
0.0,
0.0,
0.0,
0.0,
0.0,
0.0,
0.0,
0.0,
0.0,
0.0,
0.0,
0.0,
0.0,
0.0,
0.0,
0.0,
0.0,
0.0,
0.0,
0.0,
0.0,
0.0,
0.0,
0.0,
0.0,
0.0,
0.0,
0.0,
0.0,
0.0,
0.0,
0.0,
0.0,
0.0,
0.0,
0.0,
0.0,
0.0,
0.0,
0.0,
0.0,
0.0,
0.0,
0.0,
0.0,
0.0,
0.0,
0.0,
0.0,
0.0,
0.0,
0.0,
0.0,
0.0,
0.0,
0.0,
0.0,
0.0,
0.0,
0.0,
0.0,
0.0,
0.0,
0.0,
0.0,
0.0,
0.0,
0.0,
0.0,
0.0,
0.0,
0.0,
0.0,
0.0,
0.0,
0.0,
0.0,
0.0,
0.0,
0.0,
0.0,
0.0,
0.0,
0.0,
0.0,
0.0,
0.0,
0.0,
0.0,
0.0,
0.0,
0.0,
0.0,
0.0,
0.0,
0.0,
0.0,
0.0,
0.0,
0.0,
0.0,
0.0,
0.0,
0.0,
0.0,
0.0,
0.0,
0.0,
0.0,
0.0,
0.0,
0.0,
0.0,
0.0,
0.0,
0.0,
0.0,
0.0,
0.0,
0.0,
0.0,
0.0,
0.0,
0.0,
0.0,
0.0,
0.0,
0.0,
0.0,
0.0,
0.0,
0.0,
0.0,
0.0,
0.0,
0.0,
0.0,
0.0,
0.0,
0.0,
0.0,
0.0,
0.0,
0.0,
0.0,
0.0,
0.0,
0.0,
0.0,
0.0,
0.0,
0.0,
0.0,
0.0,
0.0,
0.0,
0.0,
0.0,
0.0,
0.0,
0.0,
0.0,
0.0,
0.0,
0.0,
0.0,
0.0,
0.0,
0.0,
0.0,
0.0,
0.0,
0.0,
0.0,
0.0,
0.0,
0.0,
0.0,
0.0,
0.0,
0.0,
0.0,
0.0,
0.0,
0.0,
0.0,
0.0,
0.0,
0.0,
0.0,
0.0,
0.0,
0.0,
0.0,
0.0,
0.0,
0.0,
0.0,
0.0,
0.0,
0.0,
0.0,
0.0,
0.0,
0.0,
0.0,
0.0,
0.0,
0.0,
0.0,
0.0,
0.0,
0.0,
0.0,
0.0,
0.0,
0.0,
0.0,
0.0,
0.0,
0.0,
0.0,
0.0,
0.0,
0.0,
0.0,
0.0,
0.0,
0.0,
0.0,
0.0,
0.0,
0.0,
0.0,
0.0,
0.0,
0.0,
0.0,
0.0,
0.0,
0.0,
0.0,
0.0,
0.0,
0.0,
0.0,
0.0,
0.0,
0.0,
0.0,
0.0,
0.0,
0.0,
0.0,
0.0,
0.0,
0.0,
0.0,
0.0,
0.0,
0.0,
0.0,
0.0,
0.0,
0.0,
0.0,
0.0,
0.0,
0.0,
0.0,
0.0,
0.0,
0.0,
0.0,
0.0,
0.0,
0.0,
0.0,
0.0,
0.0,
0.0,
0.0,
0.0,
0.0,
0.0,
0.0,
0.0,
0.0,
0.0,
0.0,
0.0,
0.0,
0.0,
0.0,
0.0,
0.0,
0.0,
0.0,
0.0,
0.0,
0.0,
0.0,
0.0,
0.0,
0.0,
0.0,
0.0,
0.0,
0.0,
0.0,
0.0,
0.0,
0.0,
0.0,
0.0,
0.0,
0.0,
0.0,
0.0,
0.0,
0.0,
0.0,
0.0,
0.0,
0.0,
0.0,
0.0,
0.0,
0.0,
0.0,
0.0,
0.0,
0.0,
0.0,
0.0,
0.0,
0.0,
0.0,
0.0,
0.0,
0.0,
0.0,
0.0,
0.0,
0.0,
0.0,
0.0,
0.0,
0.0,
0.0,
0.0,
0.0,
0.0,
0.0,
0.0,
0.0,
0.0,
0.0,
0.0,
0.0,
0.0,
0.0,
0.0,
0.0,
0.0,
0.0,
0.0,
0.0,
0.0,
0.0,
0.0,
0.0,
0.0,
0.0,
0.0,
0.0,
0.0,
0.0,
0.0,
0.0,
0.0,
0.0,
0.0,
0.0,
0.0,
0.0,
0.0,
0.0,
0.0,
0.0,
0.0,
0.0,
0.0,
0.0,
0.0,
0.0,
0.0,
0.0,
0.0,
0.0,
0.0,
0.0,
0.0,
0.0,
0.0,
0.0,
0.0,
0.0,
0.0,
0.0,
0.0,
0.0,
0.0,
0.0,
0.0,
0.0,
0.0,
0.0,
0.0,
0.0,
0.0,
0.0,
0.0,
0.0,
0.0,
0.0,
0.0,
0.0,
0.0,
0.0,
0.0,
0.0,
0.0,
0.0,
0.0,
0.0,
0.0,
0.0,
0.0,
0.0,
0.0,
0.0,
0.0,
0.0,
0.0,
0.0,
0.0,
0.0,
0.0,
0.0,
0.0,
0.0,
0.0,
0.0,
0.0,
0.0,
0.0,
0.0,
0.0,
0.0,
0.0,
0.0,
0.0,
0.0,
0.0,
0.0,
0.0,
0.0,
0.0,
0.0,
0.0,
0.0,
0.0,
0.0,
0.0,
0.0,
0.0,
0.0,
0.0,
0.0,
0.0,
0.0,
0.0,
0.0,
0.0,
0.0,
0.0,
0.0,
0.0,
