1.0499999523162842,
1.0752345323562622,
1.0763276815414429,
1.0766818523406982,
1.077251672744751,
1.0775747299194336,
1.0777455568313599,
1.0779703855514526,
1.0781482458114624,
1.0783456563949585,
1.0785980224609375,
1.0787464380264282,
1.0788993835449219,
1.07894766330719,
1.0789432525634766,
1.078993797302246,
1.0790927410125732,
1.0791382789611816,
1.079137921333313,
1.0792229175567627,
1.0792434215545654,
1.0792319774627686,
1.0792979001998901,
1.0792787075042725,
1.0780314207077026,
1.0792596340179443,
1.0792791843414307,
1.0792815685272217,
1.0793498754501343,
1.079372525215149,
1.0793665647506714,
1.0794181823730469,
1.0794479846954346,
1.0794551372528076,
1.0794471502304077,
1.0794848203659058,
1.0795193910598755,
1.0795679092407227,
1.079542636871338,
1.0795243978500366,
1.0795215368270874,
1.0794740915298462,
1.0794564485549927,
1.0794099569320679,
1.0793876647949219,
1.0793850421905518,
1.0793488025665283,
1.0793023109436035,
1.0793445110321045,
1.0793265104293823,
1.0794868469238281,
1.0796639919281006,
1.0798511505126953,
1.0799131393432617,
1.0798470973968506,
1.0793747901916504,
1.0792863368988037,
1.0792454481124878,
1.0792495012283325,
1.0792089700698853,
1.0791895389556885,
1.0792062282562256,
1.079180359840393,
1.0791717767715454,
1.0790960788726807,
1.079054832458496,
1.0790472030639648,
1.0790274143218994,
1.0789470672607422,
1.0789350271224976,
1.0788885354995728,
1.0788687467575073,
1.0787885189056396,
1.0788135528564453,
1.078758955001831,
1.0787453651428223,
1.0787166357040405,
1.078692078590393,
1.0786560773849487,
1.0786458253860474,
1.0786494016647339,
1.0786007642745972,
1.078575611114502,
1.0785092115402222,
1.0785187482833862,
1.0784715414047241,
1.0784341096878052,
1.078418254852295,
1.0783662796020508,
1.0783623456954956,
1.0783238410949707,
1.0782972574234009,
1.0783015489578247,
1.078293800354004,
1.078262448310852,
1.0782219171524048,
1.0781643390655518,
1.0781266689300537,
1.0780842304229736,
1.078043818473816,
1.0779945850372314,
1.0779566764831543,
1.077898383140564,
1.0778758525848389,
1.0777840614318848,
1.0777848958969116,
1.0777310132980347,
1.077707052230835,
1.0776811838150024,
1.0777232646942139,
1.0776870250701904,
1.0776333808898926,
1.0775777101516724,
1.0775195360183716,
1.0774959325790405,
1.077446460723877,
1.077404260635376,
1.077423334121704,
1.077426552772522,
1.0773956775665283,
1.0773814916610718,
1.0773319005966187,
1.0772150754928589,
1.0771390199661255,
1.0770926475524902,
1.0770617723464966,
1.077035665512085,
1.0769881010055542,
1.0769513845443726,
1.076894760131836,
1.0768656730651855,
1.0767954587936401,
1.0767418146133423,
1.0766786336898804,
1.0766284465789795,
1.0765968561172485,
1.0765868425369263,
1.0765656232833862,
1.0765457153320312,
1.076500415802002,
1.0764037370681763,
1.0763311386108398,
1.0762877464294434,
1.0763102769851685,
1.0762584209442139,
1.0762025117874146,
1.0761651992797852,
1.0761291980743408,
1.0761427879333496,
1.0761305093765259,
1.0760092735290527,
1.0760184526443481,
1.0759965181350708,
1.0759086608886719,
1.0758916139602661,
1.0758205652236938,
1.0757806301116943,
1.075698733329773,
1.0756592750549316,
1.0756080150604248,
1.075592041015625,
1.0756618976593018,
1.0757311582565308,
1.0757153034210205,
1.0755828619003296,
1.0753870010375977,
1.0751584768295288,
1.075175404548645,
1.0752383470535278,
1.0753631591796875,
1.075438380241394,
1.0754470825195312,
1.074202299118042,
1.0753378868103027,
1.0752227306365967,
1.075121521949768,
1.0749024152755737,
1.0748825073242188,
1.074676513671875,
1.0747268199920654,
1.0744266510009766,
1.0743311643600464,
1.0743112564086914,
1.0744554996490479,
1.074423909187317,
1.0743870735168457,
1.074355959892273,
1.0743684768676758,
1.074458122253418,
1.0745376348495483,
1.0742300748825073,
1.074349284172058,
1.074210286140442,
1.0740152597427368,
1.073927402496338,
1.0738824605941772,
1.073697805404663,
1.0742852687835693,
1.074386715888977,
1.074230670928955,
1.0743499994277954,
1.0739680528640747,
1.0741455554962158,
1.073852777481079,
1.0736292600631714,
1.0736117362976074,
1.0735093355178833,
1.0734189748764038,
1.0733424425125122,
1.0732897520065308,
1.0732356309890747,
1.072778344154358,
1.0730290412902832,
1.0730973482131958,
1.0731292963027954,
1.0731370449066162,
1.073121428489685,
1.0728192329406738,
1.0728880167007446,
1.0729081630706787,
1.0725136995315552,
1.0724531412124634,
1.072632074356079,
1.0727344751358032,
1.0728282928466797,
1.0728689432144165,
1.0728501081466675,
1.072373390197754,
1.0725280046463013,
1.072509527206421,
1.072403073310852,
1.0722465515136719,
1.0718638896942139,
1.0720328092575073,
1.0719091892242432,
1.0720185041427612,
1.0714256763458252,
1.0718282461166382,
1.0716984272003174,
1.0717744827270508,
1.0714565515518188,
1.0715110301971436,
1.0714219808578491,
1.0715290307998657,
1.071750283241272,
1.0716336965560913,
1.0712016820907593,
1.0712698698043823,
1.0712671279907227,
1.0711383819580078,
1.0713417530059814,
1.0711199045181274,
1.0710054636001587,
1.0709774494171143,
1.071224331855774,
1.0712348222732544,
1.0713273286819458,
1.070842981338501,
1.0708509683609009,
1.0703117847442627,
1.0702078342437744,
1.0704103708267212,
1.0705329179763794,
1.0703920125961304,
1.0700243711471558,
1.069894552230835,
1.0703063011169434,
1.070170521736145,
1.0701370239257812,
1.0700888633728027,
1.0698223114013672,
1.070081114768982,
1.0697021484375,
1.069976568222046,
1.069580316543579,
1.0696812868118286,
1.0694509744644165,
1.0697343349456787,
1.0697132349014282,
1.0696039199829102,
1.0699412822723389,
1.0696443319320679,
1.0699412822723389,
1.069709062576294,
1.0699175596237183,
1.0696715116500854,
1.0694005489349365,
1.0692235231399536,
1.0692024230957031,
1.068699598312378,
1.0687261819839478,
1.0686702728271484,
1.0688410997390747,
1.068638801574707,
1.068677544593811,
1.0682562589645386,
1.0685210227966309,
1.0686570405960083,
1.0686538219451904,
1.0681266784667969,
1.0681928396224976,
1.0683926343917847,
1.068119764328003,
1.0682563781738281,
1.068076729774475,
1.0675650835037231,
1.06810462474823,
1.0679941177368164,
1.0679126977920532,
1.0680978298187256,
1.0675570964813232,
1.0677485466003418,
1.0673730373382568,
1.0676344633102417,
1.0676286220550537,
1.0672447681427002,
1.0671807527542114,
1.0673859119415283,
1.0672924518585205,
1.0672297477722168,
1.0670052766799927,
1.0669095516204834,
1.0671104192733765,
1.0668202638626099,
1.0669078826904297,
1.0664445161819458,
1.0673741102218628,
1.0673872232437134,
1.067531943321228,
1.0671718120574951,
1.067397117614746,
1.0670846700668335,
1.067285180091858,
1.0671048164367676,
1.06769859790802,
1.0677324533462524,
1.0680313110351562,
1.0675686597824097,
1.067926049232483,
1.0674419403076172,
1.0673946142196655,
1.0672836303710938,
1.0667576789855957,
1.065997838973999,
1.0664068460464478,
1.0665168762207031,
1.0658119916915894,
1.0662002563476562,
1.0660529136657715,
1.0658903121948242,
1.0655264854431152,
1.0658079385757446,
1.0652774572372437,
1.0656949281692505,
1.0657223463058472,
1.0653746128082275,
1.0657669305801392,
1.0651036500930786,
1.0651397705078125,
1.065058708190918,
1.065176010131836,
1.0659197568893433,
1.0655548572540283,
1.0656135082244873,
1.0656039714813232,
1.066035270690918,
1.0649082660675049,
1.0651825666427612,
1.0649747848510742,
1.0648072957992554,
1.0646380186080933,
1.0648517608642578,
1.064192771911621,
1.0645818710327148,
1.0642503499984741,
1.0640424489974976,
1.0641905069351196,
1.0636175870895386,
1.0638253688812256,
1.0633976459503174,
1.0634950399398804,
1.0640949010849,
1.062699794769287,
1.0637351274490356,
1.0632648468017578,
1.0635589361190796,
1.0632964372634888,
1.0632874965667725,
1.063281536102295,
1.0634371042251587,
1.063663125038147,
1.063463807106018,
1.0637691020965576,
1.063584804534912,
1.0632766485214233,
1.0635486841201782,
1.0629394054412842,
1.0626083612442017,
1.0625678300857544,
1.0624758005142212,
1.0623345375061035,
1.062045693397522,
1.062293291091919,
1.0617355108261108,
1.0619488954544067,
1.0619335174560547,
1.0615899562835693,
1.061907172203064,
1.0614341497421265,
1.0619070529937744,
1.0617986917495728,
1.0613244771957397,
1.0615607500076294,
1.06099534034729,
1.0612021684646606,
1.0612211227416992,
1.061387300491333,
1.061348795890808,
1.0613067150115967,
1.061264991760254,
1.061354160308838,
1.061200737953186,
1.061617374420166,
1.0611279010772705,
1.0609701871871948,
1.0605319738388062,
1.0603389739990234,
1.0602294206619263,
1.0601497888565063,
1.0597323179244995,
1.0600732564926147,
1.059633493423462,
1.0596927404403687,
1.0591100454330444,
1.059462308883667,
1.059420108795166,
1.05928373336792,
1.0597580671310425,
1.059855341911316,
1.0593990087509155,
1.0591448545455933,
1.0590105056762695,
1.0593702793121338,
1.0590355396270752,
1.0592293739318848,
1.0590122938156128,
1.0591398477554321,
1.0593112707138062,
1.05867600440979,
1.059043049812317,
1.0589720010757446,
1.0588114261627197,
1.058702826499939,
1.0584757328033447,
1.0584266185760498,
1.0578608512878418,
1.0579098463058472,
1.0576941967010498,
1.0574519634246826,
1.0575964450836182,
1.0576319694519043,
1.057358741760254,
1.0571863651275635,
1.057257890701294,
1.0567837953567505,
1.0568978786468506,
1.0567960739135742,
1.0566588640213013,
1.0566916465759277,
1.0567065477371216,
1.056107759475708,
1.0558958053588867,
1.056335687637329,
1.056803822517395,
1.0557103157043457,
1.0572654008865356,
1.0564243793487549,
1.0566877126693726,
1.0563956499099731,
1.0563273429870605,
1.0563347339630127,
1.0560539960861206,
1.0553295612335205,
1.0550345182418823,
1.0549012422561646,
1.0550479888916016,
1.0548266172409058,
1.0536038875579834,
1.053288459777832,
1.0522412061691284,
1.0523109436035156,
1.0525496006011963,
1.053572177886963,
1.0529701709747314,
1.053008794784546,
1.0529319047927856,
1.0529899597167969,
1.0526108741760254,
1.0527876615524292,
1.0523675680160522,
1.052170753479004,
1.0525140762329102,
1.0521377325057983,
1.052363395690918,
1.052560806274414,
1.0512230396270752,
1.0525856018066406,
1.052106261253357,
1.0522116422653198,
1.0519098043441772,
1.0515633821487427,
1.0510663986206055,
1.051133394241333,
1.0512163639068604,
1.0504109859466553,
1.050804853439331,
1.0505403280258179,
1.0502561330795288,
1.0503406524658203,
1.0502312183380127,
1.0501954555511475,
1.0503066778182983,
1.0497915744781494,
1.0498710870742798,
1.0495350360870361,
1.0496861934661865,
1.0489336252212524,
1.0491050481796265,
1.04881751537323,
1.0492751598358154,
1.0488834381103516,
1.0487362146377563,
1.0484188795089722,
1.048708200454712,
1.048216462135315,
1.0481914281845093,
1.0468765497207642,
1.0479004383087158,
1.0476032495498657,
1.0476082563400269,
1.0469893217086792,
1.0466244220733643,
1.0467807054519653,
1.0465929508209229,
1.0467559099197388,
1.0464476346969604,
1.0463242530822754,
1.0464133024215698,
1.0458110570907593,
1.0456111431121826,
1.0457227230072021,
1.0459083318710327,
1.045119047164917,
1.0450844764709473,
1.0448609590530396,
1.044683575630188,
1.0445431470870972,
1.0446664094924927,
1.0442320108413696,
1.0449340343475342,
1.0445737838745117,
1.045082926750183,
1.0443142652511597,
1.0440257787704468,
1.0438017845153809,
1.0438894033432007,
1.0433635711669922,
1.0416510105133057,
1.042966365814209,
1.0425485372543335,
1.0423794984817505,
1.0415730476379395,
1.041379451751709,
1.041767954826355,
1.0413918495178223,
1.0412696599960327,
1.041325569152832,
1.0408135652542114,
1.0406954288482666,
1.040452241897583,
1.040437936782837,
1.0400996208190918,
1.0400359630584717,
1.0392837524414062,
1.0390973091125488,
1.039340853691101,
1.039503574371338,
1.0390355587005615,
1.0386117696762085,
1.038346529006958,
1.038395643234253,
1.0385152101516724,
1.0382418632507324,
1.0374178886413574,
1.0375258922576904,
1.0370954275131226,
1.036490797996521,
1.0362262725830078,
1.035791277885437,
1.0358558893203735,
1.0356332063674927,
1.035582184791565,
1.035238265991211,
1.0347282886505127,
1.0343115329742432,
1.0341331958770752,
1.0342744588851929,
1.0339205265045166,
1.0334291458129883,
1.0332212448120117,
1.0323797464370728,
1.0326906442642212,
1.0326001644134521,
1.0317751169204712,
1.0319854021072388,
1.031487226486206,
1.0315325260162354,
1.0308928489685059,
1.0306921005249023,
1.030531883239746,
1.030173659324646,
1.0300333499908447,
1.029346227645874,
1.029380202293396,
1.0288950204849243,
1.0283911228179932,
1.0278414487838745,
1.0276544094085693,
1.0272705554962158,
1.02659273147583,
1.025359869003296,
1.0262032747268677,
1.0257230997085571,
1.0250561237335205,
1.0251203775405884,
1.0247652530670166,
1.0241262912750244,
1.0240482091903687,
1.023688793182373,
1.023246169090271,
1.0224547386169434,
1.0226449966430664,
1.0219411849975586,
1.0217010974884033,
1.021323561668396,
1.0210686922073364,
1.0207924842834473,
1.0198746919631958,
1.0193735361099243,
1.0193358659744263,
1.0189133882522583,
1.0185861587524414,
1.0177901983261108,
1.017554759979248,
1.0169150829315186,
1.0164262056350708,
1.0160447359085083,
1.0155805349349976,
1.0148183107376099,
1.0146352052688599,
1.014060378074646,
1.0136927366256714,
1.0132980346679688,
1.0127087831497192,
1.0120692253112793,
1.0120116472244263,
1.0110238790512085,
1.010825276374817,
1.010378360748291,
1.0097805261611938,
1.009520411491394,
1.0089267492294312,
1.0081052780151367,
1.007933497428894,
1.007252812385559,
1.0066485404968262,
1.0061193704605103,
1.0055111646652222,
1.0051432847976685,
1.0042778253555298,
1.0037630796432495,
1.0031589269638062,
1.0026981830596924,
1.0020614862442017,
1.0012726783752441,
1.0009329319000244,
1.0001840591430664,
0.9996543526649475,
0.999181866645813,
0.9985502362251282,
0.9979560971260071,
0.996941328048706,
0.9966750144958496,
0.9958875179290771,
0.9954139590263367,
0.9935995936393738,
0.9941979646682739,
0.9936407208442688,
0.9931154251098633,
0.9927463531494141,
0.9922967553138733,
0.9914854764938354,
0.9910880923271179,
0.990330159664154,
0.9894381165504456,
0.9893749356269836,
0.9886214733123779,
0.9879410266876221,
0.9873226284980774,
0.9865458607673645,
0.9857067465782166,
0.9855027198791504,
0.9849393963813782,
0.9839641451835632,
0.9833183884620667,
0.9826606512069702,
0.9819258451461792,
0.9815570712089539,
0.9808809161186218,
0.9801203012466431,
0.9800108075141907,
0.9793572425842285,
0.9784793257713318,
0.9778075814247131,
0.9775224924087524,
0.9768424034118652,
0.9763710498809814,
0.9755799770355225,
0.9749906659126282,
0.9745090007781982,
0.9736296534538269,
0.9730851054191589,
0.9725306034088135,
0.9718418121337891,
0.9712328910827637,
0.9707484841346741,
0.9701634049415588,
0.9698075652122498,
0.9695683717727661,
0.968928873538971,
0.9682815074920654,
0.9677696228027344,
0.9669891595840454,
0.9665050506591797,
0.9657118320465088,
0.9649651646614075,
0.9642758965492249,
0.9632371664047241,
0.9624887704849243,
0.9619606733322144,
0.9612905979156494,
0.9605536460876465,
0.9599758386611938,
0.9593480825424194,
0.9585971236228943,
0.9579489231109619,
0.9574481844902039,
0.9568515419960022,
0.9561871886253357,
0.9554998278617859,
0.9548873901367188,
0.9543108940124512,
0.9535374045372009,
0.9531130194664001,
0.9524374008178711,
0.9518699645996094,
0.950744092464447,
0.9507365226745605,
0.9499982595443726,
0.9497876167297363,
0.9488130807876587,
0.9483082294464111,
0.9477528929710388,
0.9472493529319763,
0.9461267590522766,
0.9456459879875183,
0.9449796676635742,
0.9441544413566589,
0.9433209300041199,
0.9429226517677307,
0.9421588182449341,
0.9411190748214722,
0.9404915571212769,
0.9402058124542236,
0.9392900466918945,
0.9384323358535767,
0.9378534555435181,
0.9370497465133667,
0.9364772439002991,
0.9358576536178589,
0.9348410367965698,
0.934127151966095,
0.9334030151367188,
0.9326522946357727,
0.9320999383926392,
0.9312236905097961,
0.9304741024971008,
0.9300031065940857,
0.929179310798645,
0.9285911321640015,
0.927836000919342,
0.92714923620224,
0.9263348579406738,
0.9254894852638245,
0.9252041578292847,
0.9238734841346741,
0.923442006111145,
0.9225397706031799,
0.9218621850013733,
0.9207323789596558,
0.9201370477676392,
0.9191832542419434,
0.9183197021484375,
0.9175597429275513,
0.9166955351829529,
0.9159156680107117,
0.9149029850959778,
0.9141662120819092,
0.9130630493164062,
0.9124922156333923,
0.9114338755607605,
0.9105586409568787,
0.909841775894165,
0.9089598655700684,
0.9080173969268799,
0.9071217179298401,
0.9061862826347351,
0.9052538871765137,
0.9042518734931946,
0.9034824371337891,
0.9023032188415527,
0.9015576243400574,
0.9007452130317688,
0.8985766768455505,
0.8989998698234558,
0.8980215191841125,
0.8970535397529602,
0.8959829807281494,
0.8950387239456177,
0.893998920917511,
0.8930076956748962,
0.8918814659118652,
0.8909693956375122,
0.8896942138671875,
0.8886336088180542,
0.8875777125358582,
0.8866199851036072,
0.8852519989013672,
0.8843290209770203,
0.8832595944404602,
0.882271945476532,
0.8810796141624451,
0.8801999688148499,
0.8801999688148499,
0.8801999688148499,
0.0,
0.0,
0.0,
0.0,
0.0,
0.0,
0.0,
0.0,
0.0,
0.0,
0.0,
0.0,
0.0,
0.0,
0.0,
0.0,
0.0,
0.0,
0.0,
0.0,
0.0,
0.0,
0.0,
0.0,
0.0,
0.0,
0.0,
0.0,
0.0,
0.0,
0.0,
0.0,
0.0,
0.0,
0.0,
0.0,
0.0,
0.0,
0.0,
0.0,
0.0,
0.0,
0.0,
0.0,
0.0,
0.0,
0.0,
0.0,
0.0,
0.0,
0.0,
0.0,
0.0,
0.0,
0.0,
0.0,
0.0,
0.0,
0.0,
0.0,
0.0,
0.0,
0.0,
0.0,
0.0,
0.0,
0.0,
0.0,
0.0,
0.0,
0.0,
0.0,
0.0,
0.0,
0.0,
0.0,
0.0,
0.0,
0.0,
0.0,
0.0,
0.0,
0.0,
0.0,
0.0,
0.0,
0.0,
0.0,
0.0,
0.0,
0.0,
0.0,
0.0,
0.0,
0.0,
0.0,
0.0,
0.0,
0.0,
0.0,
0.0,
0.0,
0.0,
0.0,
0.0,
0.0,
0.0,
0.0,
0.0,
0.0,
0.0,
0.0,
0.0,
0.0,
0.0,
0.0,
0.0,
0.0,
0.0,
0.0,
0.0,
0.0,
0.0,
0.0,
0.0,
0.0,
0.0,
0.0,
0.0,
0.0,
0.0,
0.0,
0.0,
0.0,
0.0,
0.0,
0.0,
0.0,
0.0,
0.0,
0.0,
0.0,
0.0,
0.0,
0.0,
0.0,
0.0,
0.0,
0.0,
0.0,
0.0,
0.0,
0.0,
0.0,
0.0,
0.0,
0.0,
0.0,
0.0,
0.0,
0.0,
0.0,
0.0,
0.0,
0.0,
0.0,
0.0,
0.0,
0.0,
0.0,
0.0,
0.0,
0.0,
0.0,
0.0,
0.0,
0.0,
0.0,
0.0,
0.0,
0.0,
0.0,
0.0,
0.0,
0.0,
0.0,
0.0,
0.0,
0.0,
0.0,
0.0,
0.0,
0.0,
0.0,
0.0,
0.0,
0.0,
0.0,
0.0,
0.0,
0.0,
0.0,
0.0,
0.0,
0.0,
0.0,
0.0,
0.0,
0.0,
0.0,
0.0,
0.0,
0.0,
0.0,
0.0,
0.0,
0.0,
0.0,
0.0,
0.0,
0.0,
0.0,
0.0,
0.0,
0.0,
0.0,
0.0,
0.0,
0.0,
0.0,
0.0,
0.0,
0.0,
0.0,
0.0,
0.0,
0.0,
0.0,
0.0,
0.0,
0.0,
0.0,
0.0,
0.0,
0.0,
0.0,
0.0,
0.0,
0.0,
0.0,
0.0,
0.0,
0.0,
0.0,
0.0,
0.0,
0.0,
0.0,
0.0,
0.0,
0.0,
0.0,
0.0,
0.0,
0.0,
0.0,
0.0,
0.0,
0.0,
0.0,
0.0,
0.0,
0.0,
0.0,
0.0,
0.0,
0.0,
0.0,
0.0,
0.0,
0.0,
0.0,
0.0,
0.0,
0.0,
0.0,
0.0,
0.0,
0.0,
0.0,
0.0,
0.0,
0.0,
0.0,
0.0,
0.0,
0.0,
0.0,
0.0,
0.0,
0.0,
0.0,
0.0,
0.0,
0.0,
0.0,
0.0,
0.0,
0.0,
0.0,
0.0,
0.0,
0.0,
0.0,
0.0,
0.0,
0.0,
0.0,
0.0,
0.0,
0.0,
0.0,
0.0,
0.0,
0.0,
0.0,
0.0,
0.0,
0.0,
0.0,
0.0,
0.0,
0.0,
0.0,
0.0,
0.0,
0.0,
0.0,
0.0,
0.0,
0.0,
0.0,
0.0,
0.0,
0.0,
0.0,
0.0,
0.0,
0.0,
0.0,
0.0,
0.0,
0.0,
0.0,
0.0,
0.0,
0.0,
0.0,
0.0,
0.0,
0.0,
0.0,
0.0,
0.0,
0.0,
0.0,
0.0,
0.0,
0.0,
0.0,
0.0,
0.0,
0.0,
0.0,
0.0,
0.0,
0.0,
0.0,
0.0,
0.0,
0.0,
0.0,
0.0,
0.0,
0.0,
0.0,
0.0,
0.0,
0.0,
0.0,
0.0,
0.0,
0.0,
0.0,
0.0,
0.0,
0.0,
0.0,
0.0,
0.0,
0.0,
0.0,
0.0,
0.0,
0.0,
0.0,
0.0,
0.0,
0.0,
0.0,
0.0,
0.0,
0.0,
0.0,
0.0,
0.0,
0.0,
0.0,
0.0,
0.0,
0.0,
0.0,
0.0,
0.0,
0.0,
0.0,
0.0,
0.0,
0.0,
0.0,
0.0,
0.0,
0.0,
0.0,
0.0,
0.0,
0.0,
0.0,
0.0,
0.0,
0.0,
0.0,
0.0,
0.0,
0.0,
0.0,
0.0,
0.0,
0.0,
0.0,
0.0,
0.0,
0.0,
0.0,
0.0,
0.0,
0.0,
0.0,
0.0,
0.0,
0.0,
0.0,
0.0,
0.0,
0.0,
0.0,
0.0,
0.0,
0.0,
0.0,
0.0,
0.0,
0.0,
0.0,
0.0,
0.0,
0.0,
0.0,
0.0,
0.0,
0.0,
0.0,
0.0,
0.0,
0.0,
0.0,
0.0,
0.0,
0.0,
0.0,
0.0,
0.0,
0.0,
0.0,
0.0,
0.0,
0.0,
0.0,
0.0,
0.0,
0.0,
0.0,
0.0,
0.0,
0.0,
0.0,
0.0,
0.0,
0.0,
0.0,
0.0,
0.0,
0.0,
0.0,
0.0,
0.0,
0.0,
0.0,
0.0,
0.0,
0.0,
0.0,
0.0,
0.0,
0.0,
0.0,
0.0,
0.0,
0.0,
0.0,
0.0,
0.0,
0.0,
0.0,
0.0,
0.0,
0.0,
0.0,
0.0,
0.0,
0.0,
0.0,
0.0,
0.0,
0.0,
0.0,
0.0,
0.0,
0.0,
0.0,
0.0,
0.0,
0.0,
0.0,
0.0,
0.0,
0.0,
0.0,
0.0,
0.0,
0.0,
0.0,
0.0,
0.0,
0.0,
0.0,
0.0,
0.0,
0.0,
0.0,
0.0,
0.0,
0.0,
0.0,
0.0,
0.0,
0.0,
0.0,
0.0,
0.0,
0.0,
0.0,
0.0,
0.0,
0.0,
0.0,
0.0,
0.0,
0.0,
0.0,
0.0,
0.0,
0.0,
0.0,
0.0,
0.0,
0.0,
0.0,
0.0,
0.0,
0.0,
0.0,
0.0,
0.0,
0.0,
0.0,
0.0,
0.0,
0.0,
0.0,
0.0,
0.0,
0.0,
0.0,
0.0,
0.0,
0.0,
0.0,
0.0,
0.0,
0.0,
0.0,
0.0,
0.0,
0.0,
0.0,
0.0,
0.0,
0.0,
0.0,
0.0,
0.0,
0.0,
0.0,
0.0,
0.0,
0.0,
0.0,
0.0,
0.0,
0.0,
0.0,
0.0,
0.0,
0.0,
0.0,
0.0,
0.0,
0.0,
0.0,
0.0,
0.0,
0.0,
0.0,
0.0,
0.0,
0.0,
0.0,
0.0,
0.0,
0.0,
0.0,
0.0,
0.0,
0.0,
0.0,
0.0,
0.0,
0.0,
0.0,
0.0,
0.0,
0.0,
0.0,
0.0,
0.0,
0.0,
0.0,
0.0,
0.0,
0.0,
0.0,
0.0,
0.0,
0.0,
0.0,
0.0,
0.0,
0.0,
0.0,
0.0,
0.0,
0.0,
0.0,
0.0,
0.0,
0.0,
0.0,
0.0,
0.0,
0.0,
0.0,
0.0,
0.0,
0.0,
0.0,
0.0,
0.0,
0.0,
0.0,
0.0,
0.0,
0.0,
0.0,
0.0,
0.0,
0.0,
0.0,
0.0,
0.0,
0.0,
0.0,
0.0,
0.0,
0.0,
0.0,
0.0,
0.0,
0.0,
0.0,
0.0,
0.0,
0.0,
0.0,
0.0,
0.0,
0.0,
0.0,
0.0,
0.0,
0.0,
0.0,
0.0,
0.0,
0.0,
0.0,
0.0,
0.0,
0.0,
0.0,
0.0,
0.0,
0.0,
0.0,
0.0,
0.0,
0.0,
0.0,
0.0,
0.0,
0.0,
0.0,
0.0,
0.0,
0.0,
0.0,
0.0,
0.0,
0.0,
0.0,
0.0,
0.0,
0.0,
0.0,
0.0,
0.0,
0.0,
0.0,
0.0,
0.0,
0.0,
0.0,
0.0,
0.0,
0.0,
0.0,
0.0,
0.0,
0.0,
0.0,
0.0,
0.0,
0.0,
0.0,
0.0,
0.0,
0.0,
0.0,
0.0,
0.0,
0.0,
0.0,
0.0,
0.0,
0.0,
0.0,
0.0,
0.0,
0.0,
0.0,
0.0,
0.0,
0.0,
0.0,
0.0,
0.0,
0.0,
0.0,
0.0,
0.0,
0.0,
0.0,
0.0,
0.0,
0.0,
0.0,
0.0,
0.0,
0.0,
0.0,
0.0,
0.0,
0.0,
0.0,
0.0,
0.0,
0.0,
0.0,
0.0,
0.0,
0.0,
0.0,
0.0,
0.0,
0.0,
0.0,
0.0,
0.0,
0.0,
0.0,
0.0,
0.0,
0.0,
0.0,
0.0,
0.0,
0.0,
0.0,
0.0,
0.0,
0.0,
0.0,
0.0,
0.0,
0.0,
0.0,
0.0,
0.0,
0.0,
0.0,
0.0,
0.0,
0.0,
0.0,
0.0,
0.0,
0.0,
0.0,
0.0,
0.0,
0.0,
0.0,
0.0,
0.0,
0.0,
0.0,
0.0,
0.0,
0.0,
0.0,
0.0,
0.0,
0.0,
0.0,
0.0,
0.0,
0.0,
0.0,
0.0,
0.0,
0.0,
0.0,
0.0,
0.0,
0.0,
0.0,
0.0,
0.0,
0.0,
0.0,
0.0,
0.0,
0.0,
0.0,
0.0,
0.0,
0.0,
0.0,
0.0,
0.0,
0.0,
0.0,
0.0,
0.0,
0.0,
0.0,
0.0,
0.0,
0.0,
0.0,
0.0,
0.0,
0.0,
0.0,
0.0,
0.0,
0.0,
0.0,
0.0,
0.0,
0.0,
0.0,
0.0,
0.0,
0.0,
0.0,
0.0,
0.0,
0.0,
0.0,
0.0,
0.0,
0.0,
0.0,
0.0,
0.0,
0.0,
0.0,
0.0,
0.0,
0.0,
0.0,
0.0,
0.0,
0.0,
0.0,
0.0,
0.0,
0.0,
0.0,
0.0,
0.0,
0.0,
0.0,
0.0,
0.0,
0.0,
0.0,
0.0,
0.0,
0.0,
0.0,
0.0,
0.0,
0.0,
0.0,
0.0,
0.0,
0.0,
0.0,
0.0,
0.0,
0.0,
0.0,
0.0,
0.0,
0.0,
0.0,
0.0,
0.0,
0.0,
0.0,
0.0,
0.0,
0.0,
0.0,
0.0,
0.0,
0.0,
0.0,
0.0,
0.0,
0.0,
0.0,
0.0,
0.0,
0.0,
0.0,
0.0,
0.0,
0.0,
0.0,
0.0,
0.0,
0.0,
0.0,
0.0,
0.0,
0.0,
0.0,
0.0,
0.0,
0.0,
0.0,
0.0,
0.0,
0.0,
0.0,
0.0,
0.0,
0.0,
0.0,
0.0,
0.0,
0.0,
0.0,
0.0,
0.0,
0.0,
0.0,
0.0,
0.0,
0.0,
0.0,
0.0,
0.0,
0.0,
0.0,
0.0,
0.0,
0.0,
0.0,
0.0,
0.0,
0.0,
0.0,
0.0,
0.0,
0.0,
0.0,
0.0,
0.0,
0.0,
0.0,
0.0,
0.0,
0.0,
0.0,
0.0,
0.0,
0.0,
0.0,
0.0,
0.0,
0.0,
0.0,
0.0,
0.0,
0.0,
0.0,
0.0,
0.0,
0.0,
0.0,
0.0,
0.0,
0.0,
0.0,
0.0,
0.0,
0.0,
0.0,
0.0,
0.0,
0.0,
0.0,
0.0,
0.0,
0.0,
0.0,
0.0,
0.0,
0.0,
0.0,
0.0,
0.0,
0.0,
0.0,
0.0,
0.0,
0.0,
0.0,
0.0,
0.0,
0.0,
0.0,
0.0,
0.0,
0.0,
0.0,
0.0,
0.0,
0.0,
0.0,
0.0,
0.0,
0.0,
0.0,
0.0,
0.0,
0.0,
0.0,
0.0,
0.0,
0.0,
0.0,
0.0,
0.0,
0.0,
0.0,
0.0,
0.0,
0.0,
0.0,
0.0,
0.0,
0.0,
0.0,
0.0,
0.0,
0.0,
0.0,
0.0,
0.0,
0.0,
0.0,
0.0,
0.0,
0.0,
0.0,
0.0,
0.0,
0.0,
0.0,
0.0,
0.0,
0.0,
0.0,
0.0,
0.0,
0.0,
0.0,
0.0,
0.0,
0.0,
0.0,
0.0,
0.0,
0.0,
0.0,
0.0,
0.0,
0.0,
0.0,
0.0,
0.0,
0.0,
0.0,
0.0,
0.0,
0.0,
0.0,
0.0,
0.0,
0.0,
0.0,
0.0,
0.0,
0.0,
0.0,
0.0,
0.0,
0.0,
0.0,
0.0,
0.0,
0.0,
0.0,
0.0,
0.0,
0.0,
0.0,
0.0,
0.0,
0.0,
0.0,
0.0,
0.0,
0.0,
0.0,
0.0,
0.0,
0.0,
0.0,
0.0,
0.0,
0.0,
0.0,
0.0,
0.0,
0.0,
0.0,
0.0,
0.0,
0.0,
0.0,
0.0,
0.0,
0.0,
0.0,
0.0,
0.0,
0.0,
0.0,
0.0,
0.0,
0.0,
0.0,
0.0,
0.0,
0.0,
0.0,
0.0,
0.0,
0.0,
0.0,
0.0,
0.0,
0.0,
0.0,
0.0,
0.0,
0.0,
0.0,
0.0,
0.0,
0.0,
0.0,
0.0,
0.0,
0.0,
0.0,
0.0,
0.0,
0.0,
0.0,
0.0,
0.0,
0.0,
0.0,
0.0,
0.0,
0.0,
0.0,
0.0,
0.0,
0.0,
0.0,
0.0,
0.0,
0.0,
0.0,
0.0,
0.0,
0.0,
0.0,
0.0,
0.0,
0.0,
0.0,
0.0,
0.0,
0.0,
0.0,
0.0,
0.0,
0.0,
0.0,
0.0,
0.0,
0.0,
0.0,
0.0,
0.0,
0.0,
0.0,
0.0,
0.0,
0.0,
0.0,
0.0,
0.0,
0.0,
0.0,
0.0,
0.0,
0.0,
0.0,
0.0,
0.0,
0.0,
0.0,
0.0,
0.0,
0.0,
0.0,
0.0,
0.0,
0.0,
0.0,
0.0,
0.0,
0.0,
0.0,
0.0,
0.0,
0.0,
0.0,
0.0,
0.0,
0.0,
0.0,
0.0,
0.0,
0.0,
0.0,
0.0,
0.0,
0.0,
0.0,
0.0,
0.0,
0.0,
0.0,
0.0,
0.0,
0.0,
0.0,
0.0,
0.0,
0.0,
0.0,
0.0,
0.0,
0.0,
0.0,
0.0,
0.0,
0.0,
0.0,
0.0,
0.0,
0.0,
0.0,
0.0,
0.0,
0.0,
0.0,
0.0,
0.0,
0.0,
0.0,
0.0,
0.0,
0.0,
0.0,
0.0,
0.0,
0.0,
0.0,
0.0,
0.0,
0.0,
0.0,
0.0,
0.0,
0.0,
0.0,
0.0,
0.0,
0.0,
0.0,
0.0,
0.0,
0.0,
0.0,
0.0,
0.0,
0.0,
0.0,
0.0,
0.0,
0.0,
0.0,
0.0,
0.0,
0.0,
0.0,
0.0,
0.0,
0.0,
0.0,
0.0,
0.0,
0.0,
0.0,
0.0,
0.0,
0.0,
