1.0499999523162842,
1.0726300477981567,
1.0737344026565552,
1.0744811296463013,
1.0750004053115845,
1.0752696990966797,
1.0754400491714478,
1.0755836963653564,
1.0756525993347168,
1.0757242441177368,
1.0756772756576538,
1.0756840705871582,
1.0683214664459229,
1.0733307600021362,
1.073965072631836,
1.0740880966186523,
1.0741747617721558,
1.0742261409759521,
1.0742133855819702,
1.0741806030273438,
1.0741115808486938,
1.0740329027175903,
1.074033498764038,
1.0739837884902954,
1.0739037990570068,
1.073835015296936,
1.0738261938095093,
1.0737062692642212,
1.073654055595398,
1.0735315084457397,
1.0734468698501587,
1.0733368396759033,
1.0732250213623047,
1.0731313228607178,
1.073003888130188,
1.0729295015335083,
1.072794795036316,
1.072655439376831,
1.0725213289260864,
1.0723888874053955,
1.0722140073776245,
1.0721160173416138,
1.0719547271728516,
1.0718075037002563,
1.071683406829834,
1.071606993675232,
1.0714733600616455,
1.0713216066360474,
1.071148157119751,
1.0709916353225708,
1.0708779096603394,
1.0707365274429321,
1.070573329925537,
1.0704747438430786,
1.070265293121338,
1.0701216459274292,
1.06993567943573,
1.0697791576385498,
1.0695163011550903,
1.0692967176437378,
1.0690746307373047,
1.068886399269104,
1.0687466859817505,
1.068507194519043,
1.0682649612426758,
1.0680752992630005,
1.0679004192352295,
1.067701816558838,
1.0676690340042114,
1.0676487684249878,
1.0676162242889404,
1.0675221681594849,
1.0673590898513794,
1.0668227672576904,
1.0665299892425537,
1.066349744796753,
1.066135287284851,
1.0660059452056885,
1.0657912492752075,
1.0655937194824219,
1.065467357635498,
1.0652682781219482,
1.065087914466858,
1.0648860931396484,
1.0646264553070068,
1.064466118812561,
1.0642322301864624,
1.0640263557434082,
1.063816785812378,
1.0636088848114014,
1.0633498430252075,
1.0631169080734253,
1.0629149675369263,
1.0626821517944336,
1.0624748468399048,
1.06223464012146,
1.0620012283325195,
1.0617475509643555,
1.061484694480896,
1.0612478256225586,
1.0610520839691162,
1.0608041286468506,
1.0606101751327515,
1.0603108406066895,
1.0600910186767578,
1.0598475933074951,
1.0595371723175049,
1.0593347549438477,
1.0591394901275635,
1.0588939189910889,
1.0586631298065186,
1.0584275722503662,
1.0582009553909302,
1.0579839944839478,
1.0576832294464111,
1.0574653148651123,
1.0571883916854858,
1.056954264640808,
1.0567350387573242,
1.0564639568328857,
1.0562303066253662,
1.0559883117675781,
1.055780291557312,
1.0555332899093628,
1.0553362369537354,
1.0550856590270996,
1.054890513420105,
1.0545852184295654,
1.054282307624817,
1.0540140867233276,
1.0539120435714722,
1.0537084341049194,
1.0534248352050781,
1.053193211555481,
1.052978754043579,
1.0525891780853271,
1.0523544549942017,
1.0520693063735962,
1.0518238544464111,
1.0515742301940918,
1.0513744354248047,
1.0511434078216553,
1.0508919954299927,
1.0507441759109497,
1.0504448413848877,
1.0501370429992676,
1.0498771667480469,
1.04962158203125,
1.049379587173462,
1.0491297245025635,
1.0488688945770264,
1.0485918521881104,
1.048332691192627,
1.0480647087097168,
1.0477559566497803,
1.0474506616592407,
1.0470918416976929,
1.046852946281433,
1.0465885400772095,
1.0462627410888672,
1.046104907989502,
1.0455399751663208,
1.0455691814422607,
1.0454009771347046,
1.044886589050293,
1.044886589050293,
1.0445747375488281,
1.0441209077835083,
1.0435436964035034,
1.042877435684204,
1.043372392654419,
1.0431642532348633,
1.04292893409729,
1.0424097776412964,
1.042411208152771,
1.0421810150146484,
1.0417979955673218,
1.0416792631149292,
1.0411738157272339,
1.0411443710327148,
1.040879249572754,
1.0398917198181152,
1.0401530265808105,
1.039930820465088,
1.0389302968978882,
1.0393813848495483,
1.0387372970581055,
1.0390429496765137,
1.0386018753051758,
1.0380758047103882,
1.0380879640579224,
1.0379374027252197,
1.037300944328308,
1.0368481874465942,
1.036428451538086,
1.0362650156021118,
1.0360771417617798,
1.0361350774765015,
1.0361089706420898,
1.0360798835754395,
1.0356905460357666,
1.0353381633758545,
1.0347633361816406,
1.0345559120178223,
1.0343549251556396,
1.0338736772537231,
1.0336614847183228,
1.0335758924484253,
1.0327997207641602,
1.0329989194869995,
1.0328425168991089,
1.0317845344543457,
1.03139328956604,
1.0315676927566528,
1.0314967632293701,
1.0307608842849731,
1.0301462411880493,
1.0302048921585083,
1.0301494598388672,
1.0294591188430786,
1.0296114683151245,
1.029510498046875,
1.0288317203521729,
1.028538465499878,
1.0282870531082153,
1.027951717376709,
1.0285911560058594,
1.0282801389694214,
1.0281192064285278,
1.0277577638626099,
1.0275111198425293,
1.0268439054489136,
1.0268549919128418,
1.026786208152771,
1.0251153707504272,
1.0254583358764648,
1.0251765251159668,
1.0247375965118408,
1.0242122411727905,
1.0245976448059082,
1.0236670970916748,
1.0242959260940552,
1.023364782333374,
1.0228650569915771,
1.0228896141052246,
1.0224205255508423,
1.0223839282989502,
1.0223299264907837,
1.0222392082214355,
1.0218634605407715,
1.0206741094589233,
1.021061658859253,
1.0207501649856567,
1.0206259489059448,
1.0198290348052979,
1.019722819328308,
1.0195988416671753,
1.0194694995880127,
1.0188108682632446,
1.0186023712158203,
1.018959879875183,
1.0186843872070312,
1.0180959701538086,
1.0177299976348877,
1.0170379877090454,
1.0169237852096558,
1.0169005393981934,
1.016067385673523,
1.0162038803100586,
1.0160773992538452,
1.0159333944320679,
1.0152486562728882,
1.0141521692276,
1.0143094062805176,
1.014087200164795,
1.0141873359680176,
1.0136139392852783,
1.0132066011428833,
1.012398362159729,
1.0123059749603271,
1.0131781101226807,
1.0113310813903809,
1.011944055557251,
1.0111479759216309,
1.0108429193496704,
1.0110477209091187,
1.0106104612350464,
1.0103998184204102,
1.010076880455017,
1.0096731185913086,
1.0098892450332642,
1.0095162391662598,
1.0088012218475342,
1.0087403059005737,
1.0083914995193481,
1.0075809955596924,
1.0078303813934326,
1.0075280666351318,
1.0069366693496704,
1.0069040060043335,
1.0064280033111572,
1.00636887550354,
1.0061097145080566,
1.0051603317260742,
1.0055840015411377,
1.00534188747406,
1.0042848587036133,
1.004052758216858,
1.004036784172058,
1.0040823221206665,
1.0036921501159668,
1.0030306577682495,
1.002624273300171,
1.0026001930236816,
1.00229811668396,
1.0016531944274902,
1.0013246536254883,
1.0009795427322388,
1.0009475946426392,
1.000619649887085,
1.000273585319519,
1.0003387928009033,
0.9999745488166809,
0.9989498853683472,
0.9992947578430176,
0.9990640878677368,
0.9982951283454895,
0.9982565641403198,
0.9975172281265259,
0.9975496530532837,
0.9972506761550903,
0.9972432851791382,
0.9961430430412292,
0.9963018894195557,
0.995417058467865,
0.9961276650428772,
0.9948859810829163,
0.9944707155227661,
0.9944891929626465,
0.9942761659622192,
0.9938466548919678,
0.9929975867271423,
0.9931817650794983,
0.9930939674377441,
0.9926612973213196,
0.9924296140670776,
0.9918367862701416,
0.9912019371986389,
0.9909108281135559,
0.9907753467559814,
0.9904856085777283,
0.9901691675186157,
0.9900720119476318,
0.9895486235618591,
0.9886497855186462,
0.9891045093536377,
0.9885718822479248,
0.9884788990020752,
0.9881839752197266,
0.9870463609695435,
0.9872530102729797,
0.9859717488288879,
0.9859827160835266,
0.9858965277671814,
0.985107421875,
0.9851675033569336,
0.9849373698234558,
0.9840850234031677,
0.9839763641357422,
0.9832820892333984,
0.9826876521110535,
0.9824947118759155,
0.982894778251648,
0.9821427464485168,
0.9818742871284485,
0.9814903736114502,
0.981601357460022,
0.9808326959609985,
0.980588972568512,
0.9803300499916077,
0.9798831939697266,
0.9799417853355408,
0.9795557260513306,
0.979378342628479,
0.9787434339523315,
0.9789949059486389,
0.9788037538528442,
0.9786512851715088,
0.9785795211791992,
0.978508710861206,
0.9780197143554688,
0.9774802327156067,
0.9767107367515564,
0.9767073392868042,
0.9762171506881714,
0.9754922389984131,
0.9754241108894348,
0.9740622639656067,
0.9747332334518433,
0.9742060303688049,
0.9738873839378357,
0.9731114506721497,
0.9728396534919739,
0.9721022248268127,
0.9717668890953064,
0.9714828133583069,
0.9704195261001587,
0.9706703424453735,
0.9702320694923401,
0.9696365594863892,
0.9695408344268799,
0.9690425395965576,
0.9682368636131287,
0.9674257636070251,
0.9670992493629456,
0.9670875072479248,
0.9667505621910095,
0.9662541747093201,
0.9662171006202698,
0.9658881425857544,
0.9653285145759583,
0.9648613333702087,
0.964684784412384,
0.9641429781913757,
0.964248776435852,
0.9638423919677734,
0.9630427360534668,
0.9624370336532593,
0.961675763130188,
0.9610691070556641,
0.9610653519630432,
0.9604120850563049,
0.9599871635437012,
0.9597592353820801,
0.9580716490745544,
0.9582257270812988,
0.957685649394989,
0.9568914771080017,
0.9566136598587036,
0.9562980532646179,
0.9554945826530457,
0.9547308087348938,
0.9549049139022827,
0.9542243480682373,
0.9535354375839233,
0.9524410367012024,
0.9522532224655151,
0.9518604278564453,
0.9511507153511047,
0.9504814147949219,
0.9495213031768799,
0.9497217535972595,
0.9494988918304443,
0.9487177729606628,
0.9483144879341125,
0.9478031396865845,
0.9472207427024841,
0.9467423558235168,
0.9463334679603577,
0.9455389380455017,
0.9453499913215637,
0.9448861479759216,
0.9430603981018066,
0.9430625438690186,
0.9422988295555115,
0.9418819546699524,
0.9403212070465088,
0.9400137662887573,
0.9395046830177307,
0.9382283687591553,
0.9376949667930603,
0.9372795820236206,
0.9364392161369324,
0.9358835220336914,
0.9353588819503784,
0.9345026612281799,
0.9338993430137634,
0.9329184889793396,
0.9327986240386963,
0.9317454099655151,
0.9308026432991028,
0.9302169680595398,
0.9298095107078552,
0.9285192489624023,
0.928056001663208,
0.9269197583198547,
0.9267391562461853,
0.9259628057479858,
0.9250168204307556,
0.9243096709251404,
0.9237400889396667,
0.9226162433624268,
0.9226053953170776,
0.9216218590736389,
0.9207293391227722,
0.9196338057518005,
0.9191538691520691,
0.9179201722145081,
0.917007327079773,
0.9158452153205872,
0.915126383304596,
0.9138330221176147,
0.9133142232894897,
0.9123057723045349,
0.911341667175293,
0.9105001091957092,
0.9097924828529358,
0.9090328812599182,
0.9079374670982361,
0.906792163848877,
0.9058639407157898,
0.9052764177322388,
0.9041010737419128,
0.9031592011451721,
0.901875913143158,
0.9008206129074097,
0.8995442390441895,
0.8985480666160583,
0.8975617289543152,
0.8963838815689087,
0.8955177068710327,
0.8944966197013855,
0.8931930065155029,
0.8921510577201843,
0.8910428285598755,
0.8899385929107666,
0.8887042999267578,
0.8872630596160889,
0.8864539861679077,
0.884893000125885,
0.8835839033126831,
0.8827285766601562,
0.8807849287986755,
0.8807849287986755,
0.8807849287986755,
0.0,
0.0,
0.0,
0.0,
0.0,
0.0,
0.0,
0.0,
0.0,
0.0,
0.0,
0.0,
0.0,
0.0,
0.0,
0.0,
0.0,
0.0,
0.0,
0.0,
0.0,
0.0,
0.0,
0.0,
0.0,
0.0,
0.0,
0.0,
0.0,
0.0,
0.0,
0.0,
0.0,
0.0,
0.0,
0.0,
0.0,
0.0,
0.0,
0.0,
0.0,
0.0,
0.0,
0.0,
0.0,
0.0,
0.0,
0.0,
0.0,
0.0,
0.0,
0.0,
0.0,
0.0,
0.0,
0.0,
0.0,
0.0,
0.0,
0.0,
0.0,
0.0,
0.0,
0.0,
0.0,
0.0,
0.0,
0.0,
0.0,
0.0,
0.0,
0.0,
0.0,
0.0,
0.0,
0.0,
0.0,
0.0,
0.0,
0.0,
0.0,
0.0,
0.0,
0.0,
0.0,
0.0,
0.0,
0.0,
0.0,
0.0,
0.0,
0.0,
0.0,
0.0,
0.0,
0.0,
0.0,
0.0,
0.0,
0.0,
0.0,
0.0,
0.0,
0.0,
0.0,
0.0,
0.0,
0.0,
0.0,
0.0,
0.0,
0.0,
0.0,
0.0,
0.0,
0.0,
0.0,
0.0,
0.0,
0.0,
0.0,
0.0,
0.0,
0.0,
0.0,
0.0,
0.0,
0.0,
0.0,
0.0,
0.0,
0.0,
0.0,
0.0,
0.0,
0.0,
0.0,
0.0,
0.0,
0.0,
0.0,
0.0,
0.0,
0.0,
0.0,
0.0,
0.0,
0.0,
0.0,
0.0,
0.0,
0.0,
0.0,
0.0,
0.0,
0.0,
0.0,
0.0,
0.0,
0.0,
0.0,
0.0,
0.0,
0.0,
0.0,
0.0,
0.0,
0.0,
0.0,
0.0,
0.0,
0.0,
0.0,
0.0,
0.0,
0.0,
0.0,
0.0,
0.0,
0.0,
0.0,
0.0,
0.0,
0.0,
0.0,
0.0,
0.0,
0.0,
0.0,
0.0,
0.0,
0.0,
0.0,
0.0,
0.0,
0.0,
0.0,
0.0,
0.0,
0.0,
0.0,
0.0,
0.0,
0.0,
0.0,
0.0,
0.0,
0.0,
0.0,
0.0,
0.0,
0.0,
0.0,
0.0,
0.0,
0.0,
0.0,
0.0,
0.0,
0.0,
0.0,
0.0,
0.0,
0.0,
0.0,
0.0,
0.0,
0.0,
0.0,
0.0,
0.0,
0.0,
0.0,
0.0,
0.0,
0.0,
0.0,
0.0,
0.0,
0.0,
0.0,
0.0,
0.0,
0.0,
0.0,
0.0,
0.0,
0.0,
0.0,
0.0,
0.0,
0.0,
0.0,
0.0,
0.0,
0.0,
0.0,
0.0,
0.0,
0.0,
0.0,
0.0,
0.0,
0.0,
0.0,
0.0,
0.0,
0.0,
0.0,
0.0,
0.0,
0.0,
0.0,
0.0,
0.0,
0.0,
0.0,
0.0,
0.0,
0.0,
0.0,
0.0,
0.0,
0.0,
0.0,
0.0,
0.0,
0.0,
0.0,
0.0,
0.0,
0.0,
0.0,
0.0,
0.0,
0.0,
0.0,
0.0,
0.0,
0.0,
0.0,
0.0,
0.0,
0.0,
0.0,
0.0,
0.0,
0.0,
0.0,
0.0,
0.0,
0.0,
0.0,
0.0,
0.0,
0.0,
0.0,
0.0,
0.0,
0.0,
0.0,
0.0,
0.0,
0.0,
0.0,
0.0,
0.0,
0.0,
0.0,
0.0,
0.0,
0.0,
0.0,
0.0,
0.0,
0.0,
0.0,
0.0,
0.0,
0.0,
0.0,
0.0,
0.0,
0.0,
0.0,
0.0,
0.0,
0.0,
0.0,
0.0,
0.0,
0.0,
0.0,
0.0,
0.0,
0.0,
0.0,
0.0,
0.0,
0.0,
0.0,
0.0,
0.0,
0.0,
0.0,
0.0,
0.0,
0.0,
0.0,
0.0,
0.0,
0.0,
0.0,
0.0,
0.0,
0.0,
0.0,
0.0,
0.0,
0.0,
0.0,
0.0,
0.0,
0.0,
0.0,
0.0,
0.0,
0.0,
0.0,
0.0,
0.0,
0.0,
0.0,
0.0,
0.0,
0.0,
0.0,
0.0,
0.0,
0.0,
0.0,
0.0,
0.0,
0.0,
0.0,
0.0,
0.0,
0.0,
0.0,
0.0,
0.0,
0.0,
0.0,
0.0,
0.0,
0.0,
0.0,
0.0,
0.0,
0.0,
0.0,
0.0,
0.0,
0.0,
0.0,
0.0,
0.0,
0.0,
0.0,
0.0,
0.0,
0.0,
0.0,
0.0,
0.0,
0.0,
0.0,
0.0,
0.0,
0.0,
0.0,
0.0,
0.0,
0.0,
0.0,
0.0,
0.0,
0.0,
0.0,
0.0,
0.0,
0.0,
0.0,
0.0,
0.0,
0.0,
0.0,
0.0,
0.0,
0.0,
0.0,
0.0,
0.0,
0.0,
0.0,
0.0,
0.0,
0.0,
0.0,
0.0,
0.0,
0.0,
0.0,
0.0,
0.0,
0.0,
0.0,
0.0,
0.0,
0.0,
0.0,
0.0,
0.0,
0.0,
0.0,
0.0,
0.0,
0.0,
0.0,
0.0,
0.0,
0.0,
0.0,
0.0,
0.0,
0.0,
0.0,
0.0,
0.0,
0.0,
0.0,
0.0,
0.0,
0.0,
0.0,
0.0,
0.0,
0.0,
0.0,
0.0,
0.0,
0.0,
0.0,
0.0,
0.0,
0.0,
0.0,
0.0,
0.0,
0.0,
0.0,
0.0,
0.0,
0.0,
0.0,
0.0,
0.0,
0.0,
0.0,
0.0,
0.0,
0.0,
0.0,
0.0,
0.0,
0.0,
0.0,
0.0,
0.0,
0.0,
0.0,
0.0,
0.0,
0.0,
0.0,
0.0,
0.0,
0.0,
0.0,
0.0,
0.0,
0.0,
0.0,
0.0,
0.0,
0.0,
0.0,
0.0,
0.0,
0.0,
0.0,
0.0,
0.0,
0.0,
0.0,
0.0,
0.0,
0.0,
0.0,
0.0,
0.0,
0.0,
0.0,
0.0,
0.0,
0.0,
0.0,
0.0,
0.0,
0.0,
0.0,
0.0,
0.0,
0.0,
0.0,
0.0,
0.0,
0.0,
0.0,
0.0,
0.0,
0.0,
0.0,
0.0,
0.0,
0.0,
0.0,
0.0,
0.0,
0.0,
0.0,
0.0,
0.0,
0.0,
0.0,
0.0,
0.0,
0.0,
0.0,
0.0,
0.0,
0.0,
0.0,
0.0,
0.0,
0.0,
0.0,
0.0,
0.0,
0.0,
0.0,
0.0,
0.0,
0.0,
0.0,
0.0,
0.0,
0.0,
0.0,
0.0,
0.0,
0.0,
0.0,
0.0,
0.0,
0.0,
0.0,
0.0,
0.0,
0.0,
0.0,
0.0,
0.0,
0.0,
0.0,
0.0,
0.0,
0.0,
0.0,
0.0,
0.0,
0.0,
0.0,
0.0,
0.0,
0.0,
0.0,
0.0,
0.0,
0.0,
0.0,
0.0,
0.0,
0.0,
0.0,
0.0,
0.0,
0.0,
0.0,
0.0,
0.0,
0.0,
0.0,
0.0,
0.0,
0.0,
0.0,
0.0,
0.0,
0.0,
0.0,
0.0,
0.0,
0.0,
0.0,
0.0,
0.0,
0.0,
0.0,
0.0,
0.0,
0.0,
0.0,
0.0,
0.0,
0.0,
0.0,
0.0,
0.0,
0.0,
0.0,
0.0,
0.0,
0.0,
0.0,
0.0,
0.0,
0.0,
0.0,
0.0,
0.0,
0.0,
0.0,
0.0,
0.0,
0.0,
0.0,
0.0,
0.0,
0.0,
0.0,
0.0,
0.0,
0.0,
0.0,
0.0,
0.0,
0.0,
0.0,
0.0,
0.0,
0.0,
0.0,
0.0,
0.0,
0.0,
0.0,
0.0,
0.0,
0.0,
0.0,
0.0,
0.0,
0.0,
0.0,
0.0,
0.0,
0.0,
0.0,
0.0,
0.0,
0.0,
0.0,
0.0,
0.0,
0.0,
0.0,
0.0,
0.0,
0.0,
0.0,
0.0,
0.0,
0.0,
0.0,
0.0,
0.0,
0.0,
0.0,
0.0,
0.0,
0.0,
0.0,
0.0,
0.0,
0.0,
0.0,
0.0,
0.0,
0.0,
0.0,
0.0,
0.0,
0.0,
0.0,
0.0,
0.0,
0.0,
0.0,
0.0,
0.0,
0.0,
0.0,
0.0,
0.0,
0.0,
0.0,
0.0,
0.0,
0.0,
0.0,
0.0,
0.0,
0.0,
0.0,
0.0,
0.0,
0.0,
0.0,
0.0,
0.0,
0.0,
0.0,
0.0,
0.0,
0.0,
0.0,
0.0,
0.0,
0.0,
0.0,
0.0,
0.0,
0.0,
0.0,
0.0,
0.0,
0.0,
0.0,
0.0,
0.0,
0.0,
0.0,
0.0,
0.0,
0.0,
0.0,
0.0,
0.0,
0.0,
0.0,
0.0,
0.0,
0.0,
0.0,
0.0,
0.0,
0.0,
0.0,
0.0,
0.0,
0.0,
0.0,
0.0,
0.0,
0.0,
0.0,
0.0,
0.0,
0.0,
0.0,
0.0,
0.0,
0.0,
0.0,
0.0,
0.0,
0.0,
0.0,
0.0,
0.0,
0.0,
0.0,
0.0,
0.0,
0.0,
0.0,
0.0,
0.0,
0.0,
0.0,
0.0,
0.0,
0.0,
0.0,
0.0,
0.0,
0.0,
0.0,
0.0,
0.0,
0.0,
0.0,
0.0,
0.0,
0.0,
0.0,
0.0,
0.0,
0.0,
0.0,
0.0,
0.0,
0.0,
0.0,
0.0,
0.0,
0.0,
0.0,
0.0,
0.0,
0.0,
0.0,
0.0,
0.0,
0.0,
0.0,
0.0,
0.0,
0.0,
0.0,
0.0,
0.0,
0.0,
0.0,
0.0,
0.0,
0.0,
0.0,
0.0,
0.0,
0.0,
0.0,
0.0,
0.0,
0.0,
0.0,
0.0,
0.0,
0.0,
0.0,
0.0,
0.0,
0.0,
0.0,
0.0,
0.0,
0.0,
0.0,
0.0,
0.0,
0.0,
0.0,
0.0,
0.0,
0.0,
0.0,
0.0,
0.0,
0.0,
0.0,
0.0,
0.0,
0.0,
0.0,
0.0,
0.0,
0.0,
0.0,
0.0,
0.0,
0.0,
0.0,
0.0,
0.0,
0.0,
0.0,
0.0,
0.0,
0.0,
0.0,
0.0,
0.0,
0.0,
0.0,
0.0,
0.0,
0.0,
0.0,
0.0,
0.0,
0.0,
0.0,
0.0,
0.0,
0.0,
0.0,
0.0,
0.0,
0.0,
0.0,
0.0,
0.0,
0.0,
0.0,
0.0,
0.0,
0.0,
0.0,
0.0,
0.0,
0.0,
0.0,
0.0,
0.0,
0.0,
0.0,
0.0,
0.0,
0.0,
0.0,
0.0,
0.0,
0.0,
0.0,
0.0,
0.0,
0.0,
0.0,
0.0,
0.0,
0.0,
0.0,
0.0,
0.0,
0.0,
0.0,
0.0,
0.0,
0.0,
0.0,
0.0,
0.0,
0.0,
0.0,
0.0,
0.0,
0.0,
0.0,
0.0,
0.0,
0.0,
0.0,
0.0,
0.0,
0.0,
0.0,
0.0,
0.0,
0.0,
0.0,
0.0,
0.0,
0.0,
0.0,
0.0,
0.0,
0.0,
0.0,
0.0,
0.0,
0.0,
0.0,
0.0,
0.0,
0.0,
0.0,
0.0,
0.0,
0.0,
0.0,
0.0,
0.0,
0.0,
0.0,
0.0,
0.0,
0.0,
0.0,
0.0,
0.0,
0.0,
0.0,
0.0,
0.0,
0.0,
0.0,
0.0,
0.0,
0.0,
0.0,
0.0,
0.0,
0.0,
0.0,
0.0,
0.0,
0.0,
0.0,
0.0,
0.0,
0.0,
0.0,
0.0,
0.0,
0.0,
0.0,
0.0,
0.0,
0.0,
0.0,
0.0,
0.0,
0.0,
0.0,
0.0,
0.0,
0.0,
0.0,
0.0,
0.0,
0.0,
0.0,
0.0,
0.0,
0.0,
0.0,
0.0,
0.0,
0.0,
0.0,
0.0,
0.0,
0.0,
0.0,
0.0,
0.0,
0.0,
0.0,
0.0,
0.0,
0.0,
0.0,
0.0,
0.0,
0.0,
0.0,
0.0,
0.0,
0.0,
0.0,
0.0,
0.0,
0.0,
0.0,
0.0,
0.0,
0.0,
0.0,
0.0,
0.0,
0.0,
0.0,
0.0,
0.0,
0.0,
0.0,
0.0,
0.0,
0.0,
0.0,
0.0,
0.0,
0.0,
0.0,
0.0,
0.0,
0.0,
0.0,
0.0,
0.0,
0.0,
0.0,
0.0,
0.0,
0.0,
0.0,
0.0,
0.0,
0.0,
0.0,
0.0,
0.0,
0.0,
0.0,
0.0,
0.0,
0.0,
0.0,
0.0,
0.0,
0.0,
0.0,
0.0,
0.0,
0.0,
0.0,
0.0,
0.0,
0.0,
0.0,
0.0,
0.0,
0.0,
0.0,
0.0,
0.0,
0.0,
0.0,
0.0,
0.0,
0.0,
0.0,
0.0,
0.0,
0.0,
0.0,
0.0,
0.0,
0.0,
0.0,
0.0,
0.0,
0.0,
0.0,
0.0,
0.0,
0.0,
0.0,
0.0,
0.0,
0.0,
0.0,
0.0,
0.0,
0.0,
0.0,
0.0,
0.0,
0.0,
0.0,
0.0,
0.0,
0.0,
0.0,
0.0,
0.0,
0.0,
0.0,
0.0,
0.0,
0.0,
0.0,
0.0,
0.0,
0.0,
0.0,
0.0,
0.0,
0.0,
0.0,
0.0,
0.0,
0.0,
0.0,
0.0,
0.0,
0.0,
0.0,
0.0,
0.0,
0.0,
0.0,
0.0,
0.0,
0.0,
0.0,
0.0,
0.0,
0.0,
0.0,
0.0,
0.0,
0.0,
0.0,
0.0,
0.0,
0.0,
0.0,
0.0,
0.0,
0.0,
0.0,
0.0,
0.0,
0.0,
0.0,
0.0,
0.0,
0.0,
0.0,
0.0,
0.0,
0.0,
0.0,
0.0,
0.0,
0.0,
0.0,
0.0,
0.0,
0.0,
0.0,
0.0,
0.0,
0.0,
0.0,
0.0,
0.0,
0.0,
0.0,
0.0,
0.0,
0.0,
0.0,
0.0,
0.0,
0.0,
0.0,
0.0,
0.0,
0.0,
0.0,
0.0,
0.0,
0.0,
0.0,
0.0,
0.0,
0.0,
0.0,
0.0,
0.0,
0.0,
0.0,
0.0,
0.0,
0.0,
0.0,
0.0,
0.0,
0.0,
0.0,
0.0,
0.0,
0.0,
0.0,
0.0,
0.0,
0.0,
0.0,
0.0,
0.0,
0.0,
0.0,
0.0,
0.0,
0.0,
0.0,
0.0,
0.0,
0.0,
0.0,
0.0,
0.0,
0.0,
0.0,
0.0,
0.0,
0.0,
0.0,
0.0,
0.0,
0.0,
0.0,
0.0,
0.0,
0.0,
0.0,
0.0,
0.0,
0.0,
0.0,
0.0,
0.0,
0.0,
0.0,
0.0,
0.0,
0.0,
0.0,
0.0,
0.0,
0.0,
0.0,
0.0,
0.0,
0.0,
0.0,
0.0,
0.0,
0.0,
0.0,
0.0,
0.0,
0.0,
0.0,
0.0,
0.0,
0.0,
0.0,
0.0,
0.0,
0.0,
0.0,
0.0,
0.0,
0.0,
0.0,
0.0,
0.0,
0.0,
0.0,
0.0,
0.0,
0.0,
0.0,
0.0,
0.0,
0.0,
0.0,
0.0,
0.0,
0.0,
0.0,
0.0,
0.0,
0.0,
0.0,
0.0,
0.0,
0.0,
0.0,
0.0,
0.0,
0.0,
0.0,
0.0,
0.0,
0.0,
0.0,
0.0,
0.0,
0.0,
0.0,
0.0,
0.0,
0.0,
0.0,
0.0,
0.0,
0.0,
0.0,
0.0,
0.0,
0.0,
0.0,
0.0,
0.0,
0.0,
0.0,
0.0,
0.0,
0.0,
0.0,
0.0,
0.0,
0.0,
0.0,
0.0,
0.0,
0.0,
0.0,
0.0,
0.0,
0.0,
0.0,
0.0,
0.0,
0.0,
0.0,
0.0,
0.0,
0.0,
0.0,
0.0,
0.0,
0.0,
0.0,
0.0,
0.0,
0.0,
0.0,
0.0,
0.0,
0.0,
0.0,
0.0,
0.0,
0.0,
0.0,
0.0,
0.0,
0.0,
0.0,
0.0,
0.0,
0.0,
0.0,
0.0,
0.0,
0.0,
0.0,
0.0,
0.0,
0.0,
0.0,
0.0,
0.0,
0.0,
0.0,
0.0,
0.0,
0.0,
0.0,
0.0,
0.0,
0.0,
0.0,
0.0,
0.0,
0.0,
0.0,
0.0,
0.0,
0.0,
0.0,
0.0,
0.0,
0.0,
0.0,
0.0,
0.0,
0.0,
0.0,
0.0,
0.0,
0.0,
0.0,
0.0,
0.0,
0.0,
0.0,
0.0,
0.0,
0.0,
0.0,
0.0,
0.0,
0.0,
0.0,
0.0,
0.0,
0.0,
0.0,
0.0,
0.0,
0.0,
0.0,
0.0,
0.0,
0.0,
0.0,
0.0,
0.0,
0.0,
0.0,
0.0,
0.0,
0.0,
0.0,
0.0,
0.0,
0.0,
0.0,
0.0,
0.0,
0.0,
0.0,
0.0,
0.0,
0.0,
0.0,
0.0,
0.0,
0.0,
0.0,
0.0,
0.0,
0.0,
0.0,
0.0,
0.0,
0.0,
0.0,
0.0,
0.0,
0.0,
0.0,
0.0,
0.0,
0.0,
0.0,
0.0,
0.0,
0.0,
0.0,
0.0,
0.0,
0.0,
0.0,
0.0,
0.0,
0.0,
0.0,
0.0,
0.0,
0.0,
0.0,
0.0,
0.0,
0.0,
0.0,
0.0,
0.0,
0.0,
0.0,
0.0,
0.0,
0.0,
0.0,
0.0,
0.0,
0.0,
0.0,
0.0,
0.0,
0.0,
0.0,
0.0,
0.0,
0.0,
0.0,
0.0,
0.0,
0.0,
0.0,
0.0,
0.0,
0.0,
0.0,
0.0,
0.0,
0.0,
0.0,
0.0,
0.0,
0.0,
0.0,
0.0,
0.0,
0.0,
0.0,
0.0,
0.0,
0.0,
0.0,
0.0,
0.0,
0.0,
0.0,
0.0,
0.0,
0.0,
0.0,
0.0,
0.0,
0.0,
0.0,
0.0,
0.0,
0.0,
0.0,
0.0,
0.0,
0.0,
0.0,
0.0,
0.0,
0.0,
0.0,
0.0,
0.0,
0.0,
0.0,
0.0,
0.0,
0.0,
0.0,
0.0,
0.0,
0.0,
0.0,
0.0,
0.0,
0.0,
0.0,
0.0,
0.0,
0.0,
0.0,
0.0,
0.0,
0.0,
0.0,
0.0,
0.0,
0.0,
0.0,
