1.0499999523162842,
1.0778366327285767,
1.0789612531661987,
1.0795897245407104,
1.0801554918289185,
1.0804064273834229,
1.080685019493103,
1.080797791481018,
1.08091402053833,
1.081048607826233,
1.0811299085617065,
1.0811638832092285,
1.0812281370162964,
1.0812478065490723,
1.0812968015670776,
1.0812578201293945,
1.0813031196594238,
1.081315279006958,
1.0813151597976685,
1.081351399421692,
1.0813407897949219,
1.0813305377960205,
1.0813515186309814,
1.0813745260238647,
1.0812387466430664,
1.0812482833862305,
1.081250548362732,
1.0812807083129883,
1.0813102722167969,
1.0812517404556274,
1.0812394618988037,
1.0812634229660034,
1.0812385082244873,
1.0812820196151733,
1.0812666416168213,
1.0812350511550903,
1.081256628036499,
1.08126962184906,
1.0812503099441528,
1.0812559127807617,
1.0812419652938843,
1.08114755153656,
1.0811514854431152,
1.081129789352417,
1.081092357635498,
1.0810984373092651,
1.0810492038726807,
1.081024408340454,
1.0810045003890991,
1.080976963043213,
1.0810436010360718,
1.0812873840332031,
1.0814765691757202,
1.081631064414978,
1.0816566944122314,
1.0816463232040405,
1.0810215473175049,
1.0808626413345337,
1.0808453559875488,
1.080796718597412,
1.0807857513427734,
1.080772042274475,
1.0807340145111084,
1.080810308456421,
1.0806695222854614,
1.0806384086608887,
1.080612301826477,
1.0805840492248535,
1.0805349349975586,
1.080445647239685,
1.0804277658462524,
1.0804051160812378,
1.0803767442703247,
1.0803532600402832,
1.0803204774856567,
1.0802592039108276,
1.0802605152130127,
1.08021879196167,
1.0801951885223389,
1.0801466703414917,
1.0801033973693848,
1.0800567865371704,
1.0800389051437378,
1.079986572265625,
1.0799601078033447,
1.0799617767333984,
1.0799649953842163,
1.0798898935317993,
1.0798345804214478,
1.0797598361968994,
1.0797430276870728,
1.079689860343933,
1.079643964767456,
1.0796245336532593,
1.0795825719833374,
1.0795472860336304,
1.0795412063598633,
1.0794775485992432,
1.0794117450714111,
1.0793803930282593,
1.0793386697769165,
1.0792977809906006,
1.07927405834198,
1.0792534351348877,
1.0792322158813477,
1.0791034698486328,
1.0791140794754028,
1.0790796279907227,
1.0789912939071655,
1.0789045095443726,
1.078932762145996,
1.0789417028427124,
1.0788803100585938,
1.078857183456421,
1.0788326263427734,
1.078782320022583,
1.0774834156036377,
1.0786434412002563,
1.078629732131958,
1.0785967111587524,
1.078569769859314,
1.0785523653030396,
1.078527569770813,
1.0785293579101562,
1.0784796476364136,
1.0784074068069458,
1.078334927558899,
1.0782740116119385,
1.0781924724578857,
1.0781649351119995,
1.0780889987945557,
1.0780556201934814,
1.078011393547058,
1.0779699087142944,
1.077919840812683,
1.0778690576553345,
1.0777919292449951,
1.0777051448822021,
1.077635645866394,
1.0776444673538208,
1.0775752067565918,
1.0775673389434814,
1.0775349140167236,
1.0775402784347534,
1.077462077140808,
1.077392339706421,
1.0773321390151978,
1.0761144161224365,
1.0773060321807861,
1.077227234840393,
1.0771561861038208,
1.0771082639694214,
1.0770941972732544,
1.0770654678344727,
1.0770167112350464,
1.0769784450531006,
1.076944351196289,
1.0768945217132568,
1.076846718788147,
1.0768177509307861,
1.0767122507095337,
1.076699137687683,
1.0766243934631348,
1.0765612125396729,
1.0765429735183716,
1.0765373706817627,
1.0765796899795532,
1.0767070055007935,
1.0766685009002686,
1.0765326023101807,
1.0763788223266602,
1.076244831085205,
1.0761382579803467,
1.0761018991470337,
1.0762189626693726,
1.0762817859649658,
1.076333999633789,
1.0763027667999268,
1.07625412940979,
1.0761679410934448,
1.0760622024536133,
1.0758898258209229,
1.0756757259368896,
1.0755635499954224,
1.075517177581787,
1.0754410028457642,
1.0754088163375854,
1.0753283500671387,
1.0752766132354736,
1.0752383470535278,
1.0751466751098633,
1.0750824213027954,
1.075062870979309,
1.075049638748169,
1.0750871896743774,
1.0751864910125732,
1.0752110481262207,
1.0751155614852905,
1.074939489364624,
1.0747597217559814,
1.0746175050735474,
1.074599266052246,
1.074771523475647,
1.0749307870864868,
1.0750072002410889,
1.0750148296356201,
1.0749788284301758,
1.074928879737854,
1.0748056173324585,
1.0746504068374634,
1.0742932558059692,
1.074079155921936,
1.0740107297897339,
1.0739325284957886,
1.0738717317581177,
1.0737837553024292,
1.0737229585647583,
1.0734930038452148,
1.0735424757003784,
1.073498010635376,
1.073505163192749,
1.0734891891479492,
1.0735548734664917,
1.0735974311828613,
1.073652744293213,
1.0735384225845337,
1.0733075141906738,
1.0730891227722168,
1.0730305910110474,
1.072887659072876,
1.0729538202285767,
1.0729992389678955,
1.0730862617492676,
1.0730772018432617,
1.0730382204055786,
1.0729577541351318,
1.072862982749939,
1.0727548599243164,
1.0724915266036987,
1.0723693370819092,
1.0723499059677124,
1.072249412536621,
1.0721619129180908,
1.0720610618591309,
1.071887731552124,
1.0718797445297241,
1.0718168020248413,
1.071751356124878,
1.0717321634292603,
1.0716642141342163,
1.0716508626937866,
1.0717240571975708,
1.071794867515564,
1.0716878175735474,
1.0714893341064453,
1.0712953805923462,
1.0711610317230225,
1.0710632801055908,
1.071053147315979,
1.0711387395858765,
1.0711820125579834,
1.0711549520492554,
1.071169376373291,
1.0710313320159912,
1.0709939002990723,
1.0709340572357178,
1.0706490278244019,
1.0703812837600708,
1.0703459978103638,
1.0702697038650513,
1.069863200187683,
1.0700571537017822,
1.0698597431182861,
1.0698614120483398,
1.069801926612854,
1.0697442293167114,
1.0695985555648804,
1.0696070194244385,
1.069506049156189,
1.0695469379425049,
1.0693045854568481,
1.0694657564163208,
1.0693302154541016,
1.0691819190979004,
1.0691367387771606,
1.0690175294876099,
1.0689729452133179,
1.0690001249313354,
1.0690382719039917,
1.0690668821334839,
1.0691062211990356,
1.069091796875,
1.0689654350280762,
1.0689547061920166,
1.0688098669052124,
1.0683281421661377,
1.0682464838027954,
1.0681408643722534,
1.0680643320083618,
1.0679517984390259,
1.0679175853729248,
1.0665775537490845,
1.067734956741333,
1.0676209926605225,
1.0675294399261475,
1.0674327611923218,
1.067354440689087,
1.0672345161437988,
1.067198634147644,
1.0671095848083496,
1.0670665502548218,
1.0669915676116943,
1.066514253616333,
1.066770315170288,
1.0666481256484985,
1.0666176080703735,
1.0666216611862183,
1.0665756464004517,
1.0664080381393433,
1.0663294792175293,
1.0662643909454346,
1.0662829875946045,
1.0662472248077393,
1.065771222114563,
1.0656731128692627,
1.0657212734222412,
1.0656360387802124,
1.0655256509780884,
1.0654231309890747,
1.065322995185852,
1.0652422904968262,
1.0651249885559082,
1.0638188123703003,
1.064810872077942,
1.0647926330566406,
1.0650869607925415,
1.065478801727295,
1.0654422044754028,
1.0652692317962646,
1.0654423236846924,
1.0647599697113037,
1.0649491548538208,
1.0651943683624268,
1.0651775598526,
1.0653064250946045,
1.0655927658081055,
1.0656023025512695,
1.0654327869415283,
1.065558910369873,
1.0651692152023315,
1.0652002096176147,
1.0647319555282593,
1.064827561378479,
1.0643513202667236,
1.0642364025115967,
1.0638296604156494,
1.0639947652816772,
1.0633368492126465,
1.063420295715332,
1.0636347532272339,
1.063384771347046,
1.0632336139678955,
1.0631096363067627,
1.0620304346084595,
1.063114047050476,
1.0622804164886475,
1.062691330909729,
1.0627164840698242,
1.0627187490463257,
1.062373399734497,
1.0623422861099243,
1.06218683719635,
1.062099814414978,
1.0623139142990112,
1.0623524188995361,
1.0625375509262085,
1.0626111030578613,
1.0624126195907593,
1.0624929666519165,
1.0618036985397339,
1.0617870092391968,
1.0613585710525513,
1.0613867044448853,
1.0609761476516724,
1.0609498023986816,
1.0601623058319092,
1.0608192682266235,
1.0604207515716553,
1.0602304935455322,
1.0598857402801514,
1.0599852800369263,
1.0602129697799683,
1.060106873512268,
1.059935450553894,
1.0599128007888794,
1.059792399406433,
1.0596158504486084,
1.0595084428787231,
1.0593527555465698,
1.0591838359832764,
1.059053659439087,
1.059569239616394,
1.0590449571609497,
1.0594415664672852,
1.0591745376586914,
1.059066891670227,
1.0589079856872559,
1.0591931343078613,
1.0592159032821655,
1.0588867664337158,
1.0583806037902832,
1.0579787492752075,
1.0582208633422852,
1.0575655698776245,
1.0576212406158447,
1.0570865869522095,
1.0572023391723633,
1.0571681261062622,
1.0571694374084473,
1.0568188428878784,
1.0560953617095947,
1.0569132566452026,
1.056652307510376,
1.0566316843032837,
1.0562925338745117,
1.0567283630371094,
1.0561902523040771,
1.0560896396636963,
1.0556118488311768,
1.0556540489196777,
1.0561128854751587,
1.0555412769317627,
1.0558276176452637,
1.0557379722595215,
1.0553405284881592,
1.055808186531067,
1.0557137727737427,
1.0550886392593384,
1.0548428297042847,
1.0542062520980835,
1.0544369220733643,
1.0545129776000977,
1.0541185140609741,
1.05384361743927,
1.0537441968917847,
1.0540276765823364,
1.053667664527893,
1.0536445379257202,
1.053048014640808,
1.0528312921524048,
1.0526927709579468,
1.0527516603469849,
1.0531591176986694,
1.0530591011047363,
1.0526763200759888,
1.0522037744522095,
1.0516948699951172,
1.051845908164978,
1.0515772104263306,
1.0520401000976562,
1.0519691705703735,
1.0519144535064697,
1.0516560077667236,
1.0512948036193848,
1.051271677017212,
1.0512312650680542,
1.0510677099227905,
1.0508224964141846,
1.0504038333892822,
1.0505529642105103,
1.0496973991394043,
1.049839735031128,
1.049384355545044,
1.0493431091308594,
1.0491288900375366,
1.0491206645965576,
1.0484126806259155,
1.0483425855636597,
1.0482487678527832,
1.048825740814209,
1.0483006238937378,
1.0477131605148315,
1.048087239265442,
1.0480965375900269,
1.0469677448272705,
1.0470792055130005,
1.0473092794418335,
1.04662024974823,
1.046931505203247,
1.0467559099197388,
1.0471775531768799,
1.0465201139450073,
1.0466630458831787,
1.046655297279358,
1.0460997819900513,
1.046065330505371,
1.0459486246109009,
1.0456757545471191,
1.044880986213684,
1.044552206993103,
1.0440171957015991,
1.0441770553588867,
1.0439214706420898,
1.0434192419052124,
1.0426831245422363,
1.0421091318130493,
1.0402567386627197,
1.0401924848556519,
1.0413148403167725,
1.0410919189453125,
1.0407285690307617,
1.0407946109771729,
1.040216326713562,
1.0400649309158325,
1.0399982929229736,
1.039546251296997,
1.0390293598175049,
1.039326548576355,
1.039019227027893,
1.0386228561401367,
1.038638710975647,
1.0381022691726685,
1.0381367206573486,
1.0380733013153076,
1.0380070209503174,
1.0372718572616577,
1.0364753007888794,
1.036816120147705,
1.0360829830169678,
1.0355232954025269,
1.035409688949585,
1.0348068475723267,
1.0344727039337158,
1.034071683883667,
1.0339468717575073,
1.0336352586746216,
1.0334423780441284,
1.0328130722045898,
1.0328078269958496,
1.0323069095611572,
1.0321108102798462,
1.0317299365997314,
1.031351089477539,
1.0305025577545166,
1.0301321744918823,
1.0303943157196045,
1.0298041105270386,
1.0296378135681152,
1.029343605041504,
1.0290335416793823,
1.0287691354751587,
1.0285229682922363,
1.0276525020599365,
1.0276830196380615,
1.0275306701660156,
1.0268357992172241,
1.0261058807373047,
1.0256197452545166,
1.0252258777618408,
1.0249292850494385,
1.0243644714355469,
1.0237685441970825,
1.0237096548080444,
1.0230203866958618,
1.022521734237671,
1.0222128629684448,
1.0215346813201904,
1.0213158130645752,
1.0209094285964966,
1.0201942920684814,
1.0199910402297974,
1.0199902057647705,
1.019171953201294,
1.0185754299163818,
1.0181927680969238,
1.0178672075271606,
1.016996145248413,
1.0166852474212646,
1.0163732767105103,
1.0159133672714233,
1.015891432762146,
1.0155484676361084,
1.0149592161178589,
1.014500379562378,
1.0136568546295166,
1.0129852294921875,
1.011684775352478,
1.0102770328521729,
1.0106900930404663,
1.010324239730835,
1.0096368789672852,
1.0087883472442627,
1.008487582206726,
1.0073001384735107,
1.0069056749343872,
1.0061675310134888,
1.0054478645324707,
1.0047458410263062,
1.0041565895080566,
1.003453016281128,
1.0030580759048462,
1.0017998218536377,
1.0015169382095337,
1.0006688833236694,
0.9997803568840027,
0.9992011189460754,
0.9984122514724731,
0.9979120492935181,
0.9970369338989258,
0.9963991641998291,
0.9956833720207214,
0.9949102997779846,
0.9940975308418274,
0.9933290481567383,
0.9924559593200684,
0.9914308190345764,
0.990382194519043,
0.9893656373023987,
0.9884873032569885,
0.987610399723053,
0.9867395758628845,
0.9857582449913025,
0.9850041270256042,
0.9841307401657104,
0.9834202527999878,
0.9823564291000366,
0.981235146522522,
0.9805262684822083,
0.9794651865959167,
0.9787948727607727,
0.9778778553009033,
0.9770655632019043,
0.9760523438453674,
0.9750730991363525,
0.9744524955749512,
0.973150908946991,
0.9720190763473511,
0.9709422588348389,
0.9701194167137146,
0.969041109085083,
0.9681578874588013,
0.9677063822746277,
0.9665490984916687,
0.9655961394309998,
0.9645510315895081,
0.9636207818984985,
0.9626110792160034,
0.9616856575012207,
0.960721492767334,
0.9595081806182861,
0.958907425403595,
0.957943320274353,
0.9570806622505188,
0.956102192401886,
0.9549365639686584,
0.9537924528121948,
0.9529775977134705,
0.9519457817077637,
0.9509550333023071,
0.9503129124641418,
0.9493818879127502,
0.9485209584236145,
0.9474117755889893,
0.9461334347724915,
0.9452755451202393,
0.9444084167480469,
0.9434437155723572,
0.942683756351471,
0.9415119290351868,
0.9406099319458008,
0.9395186305046082,
0.9387210011482239,
0.9375649690628052,
0.9368049502372742,
0.9355998635292053,
0.9346461892127991,
0.9335290193557739,
0.9326567053794861,
0.9318687319755554,
0.9310151934623718,
0.9298179149627686,
0.9289385080337524,
0.9279072880744934,
0.9270257353782654,
0.9260091185569763,
0.9250162839889526,
0.9241200089454651,
0.9230725765228271,
0.9219702482223511,
0.9210751056671143,
0.9200425744056702,
0.9192304611206055,
0.9180916547775269,
0.9170059561729431,
0.9161258339881897,
0.9150124192237854,
0.9141860008239746,
0.9130653142929077,
0.9120177030563354,
0.9110106825828552,
0.9101460576057434,
0.9091619849205017,
0.9083589911460876,
0.9070841073989868,
0.9060760736465454,
0.9051522016525269,
0.9041768312454224,
0.9029334187507629,
0.9020269513130188,
0.9010918140411377,
0.9001924395561218,
0.8992186188697815,
0.8980642557144165,
0.8970953226089478,
0.8959641456604004,
0.8951233625411987,
0.8943511843681335,
0.8930034637451172,
0.8923473358154297,
0.8910748362541199,
0.8900022506713867,
0.8892351984977722,
0.8878326416015625,
0.8872426748275757,
0.8858380317687988,
0.884797990322113,
0.8802252411842346,
0.8830119371414185,
0.8819774985313416,
0.8808090686798096,
0.8808090686798096,
0.8808090686798096,
0.0,
0.0,
0.0,
0.0,
0.0,
0.0,
0.0,
0.0,
0.0,
0.0,
0.0,
0.0,
0.0,
0.0,
0.0,
0.0,
0.0,
0.0,
0.0,
0.0,
0.0,
0.0,
0.0,
0.0,
0.0,
0.0,
0.0,
0.0,
0.0,
0.0,
0.0,
0.0,
0.0,
0.0,
0.0,
0.0,
0.0,
0.0,
0.0,
0.0,
0.0,
0.0,
0.0,
0.0,
0.0,
0.0,
0.0,
0.0,
0.0,
0.0,
0.0,
0.0,
0.0,
0.0,
0.0,
0.0,
0.0,
0.0,
0.0,
0.0,
0.0,
0.0,
0.0,
0.0,
0.0,
0.0,
0.0,
0.0,
0.0,
0.0,
0.0,
0.0,
0.0,
0.0,
0.0,
0.0,
0.0,
0.0,
0.0,
0.0,
0.0,
0.0,
0.0,
0.0,
0.0,
0.0,
0.0,
0.0,
0.0,
0.0,
0.0,
0.0,
0.0,
0.0,
0.0,
0.0,
0.0,
0.0,
0.0,
0.0,
0.0,
0.0,
0.0,
0.0,
0.0,
0.0,
0.0,
0.0,
0.0,
0.0,
0.0,
0.0,
0.0,
0.0,
0.0,
0.0,
0.0,
0.0,
0.0,
0.0,
0.0,
0.0,
0.0,
0.0,
0.0,
0.0,
0.0,
0.0,
0.0,
0.0,
0.0,
0.0,
0.0,
0.0,
0.0,
0.0,
0.0,
0.0,
0.0,
0.0,
0.0,
0.0,
0.0,
0.0,
0.0,
0.0,
0.0,
0.0,
0.0,
0.0,
0.0,
0.0,
0.0,
0.0,
0.0,
0.0,
0.0,
0.0,
0.0,
0.0,
0.0,
0.0,
0.0,
0.0,
0.0,
0.0,
0.0,
0.0,
0.0,
0.0,
0.0,
0.0,
0.0,
0.0,
0.0,
0.0,
0.0,
0.0,
0.0,
0.0,
0.0,
0.0,
0.0,
0.0,
0.0,
0.0,
0.0,
0.0,
0.0,
0.0,
0.0,
0.0,
0.0,
0.0,
0.0,
0.0,
0.0,
0.0,
0.0,
0.0,
0.0,
0.0,
0.0,
0.0,
0.0,
0.0,
0.0,
0.0,
0.0,
0.0,
0.0,
0.0,
0.0,
0.0,
0.0,
0.0,
0.0,
0.0,
0.0,
0.0,
0.0,
0.0,
0.0,
0.0,
0.0,
0.0,
0.0,
0.0,
0.0,
0.0,
0.0,
0.0,
0.0,
0.0,
0.0,
0.0,
0.0,
0.0,
0.0,
0.0,
0.0,
0.0,
0.0,
0.0,
0.0,
0.0,
0.0,
0.0,
0.0,
0.0,
0.0,
0.0,
0.0,
0.0,
0.0,
0.0,
0.0,
0.0,
0.0,
0.0,
0.0,
0.0,
0.0,
0.0,
0.0,
0.0,
0.0,
0.0,
0.0,
0.0,
0.0,
0.0,
0.0,
0.0,
0.0,
0.0,
0.0,
0.0,
0.0,
0.0,
0.0,
0.0,
0.0,
0.0,
0.0,
0.0,
0.0,
0.0,
0.0,
0.0,
0.0,
0.0,
0.0,
0.0,
0.0,
0.0,
0.0,
0.0,
0.0,
0.0,
0.0,
0.0,
0.0,
0.0,
0.0,
0.0,
0.0,
0.0,
0.0,
0.0,
0.0,
0.0,
0.0,
0.0,
0.0,
0.0,
0.0,
0.0,
0.0,
0.0,
0.0,
0.0,
0.0,
0.0,
0.0,
0.0,
0.0,
0.0,
0.0,
0.0,
0.0,
0.0,
0.0,
0.0,
0.0,
0.0,
0.0,
0.0,
0.0,
0.0,
0.0,
0.0,
0.0,
0.0,
0.0,
0.0,
0.0,
0.0,
0.0,
0.0,
0.0,
0.0,
0.0,
0.0,
0.0,
0.0,
0.0,
0.0,
0.0,
0.0,
0.0,
0.0,
0.0,
0.0,
0.0,
0.0,
0.0,
0.0,
0.0,
0.0,
0.0,
0.0,
0.0,
0.0,
0.0,
0.0,
0.0,
0.0,
0.0,
0.0,
0.0,
0.0,
0.0,
0.0,
0.0,
0.0,
0.0,
0.0,
0.0,
0.0,
0.0,
0.0,
0.0,
0.0,
0.0,
0.0,
0.0,
0.0,
0.0,
0.0,
0.0,
0.0,
0.0,
0.0,
0.0,
0.0,
0.0,
0.0,
0.0,
0.0,
0.0,
0.0,
0.0,
0.0,
0.0,
0.0,
0.0,
0.0,
0.0,
0.0,
0.0,
0.0,
0.0,
0.0,
0.0,
0.0,
0.0,
0.0,
0.0,
0.0,
0.0,
0.0,
0.0,
0.0,
0.0,
0.0,
0.0,
0.0,
0.0,
0.0,
0.0,
0.0,
0.0,
0.0,
0.0,
0.0,
0.0,
0.0,
0.0,
0.0,
0.0,
0.0,
0.0,
0.0,
0.0,
0.0,
0.0,
0.0,
0.0,
0.0,
0.0,
0.0,
0.0,
0.0,
0.0,
0.0,
0.0,
0.0,
0.0,
0.0,
0.0,
0.0,
0.0,
0.0,
0.0,
0.0,
0.0,
0.0,
0.0,
0.0,
0.0,
0.0,
0.0,
0.0,
0.0,
0.0,
0.0,
0.0,
0.0,
0.0,
0.0,
0.0,
0.0,
0.0,
0.0,
0.0,
0.0,
0.0,
0.0,
0.0,
0.0,
0.0,
0.0,
0.0,
0.0,
0.0,
0.0,
0.0,
0.0,
0.0,
0.0,
0.0,
0.0,
0.0,
0.0,
0.0,
0.0,
0.0,
0.0,
0.0,
0.0,
0.0,
0.0,
0.0,
0.0,
0.0,
0.0,
0.0,
0.0,
0.0,
0.0,
0.0,
0.0,
0.0,
0.0,
0.0,
0.0,
0.0,
0.0,
0.0,
0.0,
0.0,
0.0,
0.0,
0.0,
0.0,
0.0,
0.0,
0.0,
0.0,
0.0,
0.0,
0.0,
0.0,
0.0,
0.0,
0.0,
0.0,
0.0,
0.0,
0.0,
0.0,
0.0,
0.0,
0.0,
0.0,
0.0,
0.0,
0.0,
0.0,
0.0,
0.0,
0.0,
0.0,
0.0,
0.0,
0.0,
0.0,
0.0,
0.0,
0.0,
0.0,
0.0,
0.0,
0.0,
0.0,
0.0,
0.0,
0.0,
0.0,
0.0,
0.0,
0.0,
0.0,
0.0,
0.0,
0.0,
0.0,
0.0,
0.0,
0.0,
0.0,
0.0,
0.0,
0.0,
0.0,
0.0,
0.0,
0.0,
0.0,
0.0,
0.0,
0.0,
0.0,
0.0,
0.0,
0.0,
0.0,
0.0,
0.0,
0.0,
0.0,
0.0,
0.0,
0.0,
0.0,
0.0,
0.0,
0.0,
0.0,
0.0,
0.0,
0.0,
0.0,
0.0,
0.0,
0.0,
0.0,
0.0,
0.0,
0.0,
0.0,
0.0,
0.0,
0.0,
0.0,
0.0,
0.0,
0.0,
0.0,
0.0,
0.0,
0.0,
0.0,
0.0,
0.0,
0.0,
0.0,
0.0,
0.0,
0.0,
0.0,
0.0,
0.0,
0.0,
0.0,
0.0,
0.0,
0.0,
0.0,
0.0,
0.0,
0.0,
0.0,
0.0,
0.0,
0.0,
0.0,
0.0,
0.0,
0.0,
0.0,
0.0,
0.0,
0.0,
0.0,
0.0,
0.0,
0.0,
0.0,
0.0,
0.0,
0.0,
0.0,
0.0,
0.0,
0.0,
0.0,
0.0,
0.0,
0.0,
0.0,
0.0,
0.0,
0.0,
0.0,
0.0,
0.0,
0.0,
0.0,
0.0,
0.0,
0.0,
0.0,
0.0,
0.0,
0.0,
0.0,
0.0,
0.0,
0.0,
0.0,
0.0,
0.0,
0.0,
0.0,
0.0,
0.0,
0.0,
0.0,
0.0,
0.0,
0.0,
0.0,
0.0,
0.0,
0.0,
0.0,
0.0,
0.0,
0.0,
0.0,
0.0,
0.0,
0.0,
0.0,
0.0,
0.0,
0.0,
0.0,
0.0,
0.0,
0.0,
0.0,
0.0,
0.0,
0.0,
0.0,
0.0,
0.0,
0.0,
0.0,
0.0,
0.0,
0.0,
0.0,
0.0,
0.0,
0.0,
0.0,
0.0,
0.0,
0.0,
0.0,
0.0,
0.0,
0.0,
0.0,
0.0,
0.0,
0.0,
0.0,
0.0,
0.0,
0.0,
0.0,
0.0,
0.0,
0.0,
0.0,
0.0,
0.0,
0.0,
0.0,
0.0,
0.0,
0.0,
0.0,
0.0,
0.0,
0.0,
0.0,
0.0,
0.0,
0.0,
0.0,
0.0,
0.0,
0.0,
0.0,
0.0,
0.0,
0.0,
0.0,
0.0,
0.0,
0.0,
0.0,
0.0,
0.0,
0.0,
0.0,
0.0,
0.0,
0.0,
0.0,
0.0,
0.0,
0.0,
0.0,
0.0,
0.0,
0.0,
0.0,
0.0,
0.0,
0.0,
0.0,
0.0,
0.0,
0.0,
0.0,
0.0,
0.0,
0.0,
0.0,
0.0,
0.0,
0.0,
0.0,
0.0,
0.0,
0.0,
0.0,
0.0,
0.0,
0.0,
0.0,
0.0,
0.0,
0.0,
0.0,
0.0,
0.0,
0.0,
0.0,
0.0,
0.0,
0.0,
0.0,
0.0,
0.0,
0.0,
0.0,
0.0,
0.0,
0.0,
0.0,
0.0,
0.0,
0.0,
0.0,
0.0,
0.0,
0.0,
0.0,
0.0,
0.0,
0.0,
0.0,
0.0,
0.0,
0.0,
0.0,
0.0,
0.0,
0.0,
0.0,
0.0,
0.0,
0.0,
0.0,
0.0,
0.0,
0.0,
0.0,
0.0,
0.0,
0.0,
0.0,
0.0,
0.0,
0.0,
0.0,
0.0,
0.0,
0.0,
0.0,
0.0,
0.0,
0.0,
0.0,
0.0,
0.0,
0.0,
0.0,
0.0,
0.0,
0.0,
0.0,
0.0,
0.0,
0.0,
0.0,
0.0,
0.0,
0.0,
0.0,
0.0,
0.0,
0.0,
0.0,
0.0,
0.0,
0.0,
0.0,
0.0,
0.0,
0.0,
0.0,
0.0,
0.0,
0.0,
0.0,
0.0,
0.0,
0.0,
0.0,
0.0,
0.0,
0.0,
0.0,
0.0,
0.0,
0.0,
0.0,
0.0,
0.0,
0.0,
0.0,
0.0,
0.0,
0.0,
0.0,
0.0,
0.0,
0.0,
0.0,
0.0,
0.0,
0.0,
0.0,
0.0,
0.0,
0.0,
0.0,
0.0,
0.0,
0.0,
0.0,
0.0,
0.0,
0.0,
0.0,
0.0,
0.0,
0.0,
0.0,
0.0,
0.0,
0.0,
0.0,
0.0,
0.0,
0.0,
0.0,
0.0,
0.0,
0.0,
0.0,
0.0,
0.0,
0.0,
0.0,
0.0,
0.0,
0.0,
0.0,
0.0,
0.0,
0.0,
0.0,
0.0,
0.0,
0.0,
0.0,
0.0,
0.0,
0.0,
0.0,
0.0,
0.0,
0.0,
0.0,
0.0,
0.0,
0.0,
0.0,
0.0,
0.0,
0.0,
0.0,
0.0,
0.0,
0.0,
0.0,
0.0,
0.0,
0.0,
0.0,
0.0,
0.0,
0.0,
0.0,
0.0,
0.0,
0.0,
0.0,
0.0,
0.0,
0.0,
0.0,
0.0,
0.0,
0.0,
0.0,
0.0,
0.0,
0.0,
0.0,
0.0,
0.0,
0.0,
0.0,
0.0,
0.0,
0.0,
0.0,
0.0,
0.0,
0.0,
0.0,
0.0,
0.0,
0.0,
0.0,
0.0,
0.0,
0.0,
0.0,
0.0,
0.0,
0.0,
0.0,
0.0,
0.0,
0.0,
0.0,
0.0,
0.0,
0.0,
0.0,
0.0,
0.0,
0.0,
0.0,
0.0,
0.0,
0.0,
0.0,
0.0,
0.0,
0.0,
0.0,
0.0,
0.0,
0.0,
0.0,
0.0,
0.0,
0.0,
0.0,
0.0,
0.0,
0.0,
0.0,
0.0,
0.0,
0.0,
0.0,
0.0,
0.0,
0.0,
0.0,
0.0,
0.0,
0.0,
0.0,
0.0,
0.0,
0.0,
0.0,
0.0,
0.0,
0.0,
0.0,
0.0,
0.0,
0.0,
0.0,
0.0,
0.0,
0.0,
0.0,
0.0,
0.0,
0.0,
0.0,
0.0,
0.0,
0.0,
0.0,
0.0,
0.0,
0.0,
0.0,
0.0,
0.0,
0.0,
0.0,
0.0,
0.0,
0.0,
0.0,
0.0,
0.0,
0.0,
0.0,
0.0,
0.0,
0.0,
0.0,
0.0,
0.0,
0.0,
0.0,
0.0,
0.0,
0.0,
0.0,
0.0,
0.0,
0.0,
0.0,
0.0,
0.0,
0.0,
0.0,
0.0,
0.0,
0.0,
0.0,
0.0,
0.0,
0.0,
0.0,
0.0,
0.0,
0.0,
0.0,
0.0,
0.0,
0.0,
0.0,
0.0,
0.0,
0.0,
0.0,
0.0,
0.0,
0.0,
0.0,
0.0,
0.0,
0.0,
0.0,
0.0,
0.0,
0.0,
0.0,
0.0,
0.0,
0.0,
0.0,
0.0,
0.0,
0.0,
0.0,
0.0,
0.0,
0.0,
0.0,
0.0,
0.0,
0.0,
0.0,
0.0,
0.0,
0.0,
0.0,
0.0,
0.0,
0.0,
0.0,
0.0,
0.0,
0.0,
0.0,
0.0,
0.0,
0.0,
0.0,
0.0,
0.0,
0.0,
0.0,
0.0,
0.0,
0.0,
0.0,
0.0,
0.0,
0.0,
0.0,
0.0,
0.0,
0.0,
0.0,
0.0,
0.0,
0.0,
0.0,
0.0,
0.0,
0.0,
0.0,
0.0,
0.0,
0.0,
0.0,
0.0,
0.0,
0.0,
0.0,
0.0,
0.0,
0.0,
0.0,
0.0,
0.0,
0.0,
0.0,
0.0,
0.0,
0.0,
0.0,
0.0,
0.0,
0.0,
0.0,
0.0,
0.0,
0.0,
0.0,
0.0,
0.0,
0.0,
0.0,
0.0,
0.0,
0.0,
0.0,
0.0,
0.0,
0.0,
0.0,
0.0,
0.0,
0.0,
0.0,
0.0,
0.0,
0.0,
0.0,
0.0,
0.0,
0.0,
0.0,
0.0,
0.0,
0.0,
0.0,
0.0,
0.0,
0.0,
0.0,
0.0,
0.0,
0.0,
0.0,
0.0,
0.0,
0.0,
0.0,
0.0,
0.0,
0.0,
0.0,
0.0,
0.0,
0.0,
0.0,
0.0,
0.0,
0.0,
0.0,
0.0,
0.0,
0.0,
0.0,
0.0,
0.0,
0.0,
0.0,
0.0,
0.0,
0.0,
0.0,
0.0,
0.0,
0.0,
0.0,
0.0,
0.0,
0.0,
0.0,
0.0,
0.0,
0.0,
0.0,
0.0,
0.0,
0.0,
0.0,
0.0,
0.0,
0.0,
0.0,
0.0,
0.0,
0.0,
0.0,
0.0,
0.0,
0.0,
0.0,
0.0,
0.0,
0.0,
0.0,
0.0,
0.0,
0.0,
0.0,
0.0,
0.0,
0.0,
0.0,
0.0,
0.0,
0.0,
0.0,
0.0,
0.0,
0.0,
0.0,
0.0,
0.0,
0.0,
0.0,
0.0,
0.0,
0.0,
0.0,
0.0,
0.0,
0.0,
0.0,
0.0,
0.0,
0.0,
0.0,
0.0,
0.0,
0.0,
0.0,
0.0,
0.0,
0.0,
0.0,
0.0,
0.0,
0.0,
0.0,
0.0,
0.0,
0.0,
0.0,
0.0,
0.0,
0.0,
0.0,
0.0,
0.0,
0.0,
0.0,
0.0,
0.0,
0.0,
0.0,
0.0,
0.0,
0.0,
0.0,
0.0,
0.0,
0.0,
0.0,
0.0,
0.0,
0.0,
0.0,
0.0,
0.0,
0.0,
0.0,
0.0,
0.0,
0.0,
0.0,
0.0,
0.0,
0.0,
0.0,
0.0,
0.0,
0.0,
0.0,
0.0,
0.0,
0.0,
0.0,
0.0,
0.0,
0.0,
0.0,
0.0,
0.0,
0.0,
0.0,
0.0,
0.0,
0.0,
0.0,
0.0,
0.0,
0.0,
0.0,
0.0,
0.0,
0.0,
0.0,
0.0,
0.0,
0.0,
0.0,
0.0,
0.0,
0.0,
0.0,
0.0,
0.0,
0.0,
0.0,
0.0,
0.0,
0.0,
0.0,
0.0,
0.0,
0.0,
0.0,
0.0,
0.0,
0.0,
0.0,
0.0,
0.0,
0.0,
0.0,
0.0,
0.0,
0.0,
0.0,
0.0,
0.0,
0.0,
0.0,
0.0,
0.0,
0.0,
0.0,
0.0,
0.0,
0.0,
0.0,
0.0,
0.0,
0.0,
0.0,
0.0,
0.0,
