1.0499999523162842,
1.0499999523162842,
1.0499999523162842,
1.0967276096343994,
1.0971970558166504,
1.0974810123443604,
1.0977181196212769,
1.0979506969451904,
1.0980457067489624,
1.0981391668319702,
1.098236083984375,
1.0982824563980103,
1.0983301401138306,
1.0982890129089355,
1.0983155965805054,
1.098314881324768,
1.098252296447754,
1.098268985748291,
1.098242163658142,
1.0982409715652466,
1.0983333587646484,
1.0982601642608643,
1.0981541872024536,
1.0981210470199585,
1.0980846881866455,
1.0980193614959717,
1.0980414152145386,
1.0980428457260132,
1.0980170965194702,
1.097988486289978,
1.0979976654052734,
1.0966856479644775,
1.0978621244430542,
1.0978692770004272,
1.0979021787643433,
1.0979098081588745,
1.0978896617889404,
1.0966336727142334,
1.0978591442108154,
1.0977814197540283,
1.0978095531463623,
1.097739338874817,
1.097711205482483,
1.0976070165634155,
1.0976275205612183,
1.0975446701049805,
1.097510814666748,
1.097439169883728,
1.097435474395752,
1.0973708629608154,
1.0973341464996338,
1.0975264310836792,
1.097683310508728,
1.0978316068649292,
1.0978509187698364,
1.0978572368621826,
1.0973385572433472,
1.097157597541809,
1.097115397453308,
1.0970653295516968,
1.0969902276992798,
1.0970213413238525,
1.0969549417495728,
1.0969223976135254,
1.0968726873397827,
1.0968297719955444,
1.0967758893966675,
1.0967592000961304,
1.0966969728469849,
1.096644401550293,
1.096577763557434,
1.0965808629989624,
1.0952906608581543,
1.0964795351028442,
1.0964137315750122,
1.0963832139968872,
1.0963276624679565,
1.0962873697280884,
1.0950392484664917,
1.0962231159210205,
1.0961469411849976,
1.0961052179336548,
1.0960255861282349,
1.0960237979888916,
1.0960195064544678,
1.0959488153457642,
1.0958644151687622,
1.0958791971206665,
1.0958102941513062,
1.095760464668274,
1.0957916975021362,
1.0956662893295288,
1.0956215858459473,
1.0955920219421387,
1.0955549478530884,
1.0954813957214355,
1.095569372177124,
1.095479130744934,
1.0953952074050903,
1.0953494310379028,
1.0953295230865479,
1.0952941179275513,
1.0952415466308594,
1.095155119895935,
1.0951347351074219,
1.0951051712036133,
1.095041275024414,
1.094943881034851,
1.0950078964233398,
1.094845175743103,
1.0947788953781128,
1.0947282314300537,
1.0947630405426025,
1.0947028398513794,
1.0947130918502808,
1.0946403741836548,
1.0945979356765747,
1.0944522619247437,
1.0944825410842896,
1.093172311782837,
1.0944066047668457,
1.0943334102630615,
1.0943281650543213,
1.0942717790603638,
1.094275951385498,
1.0930185317993164,
1.094115138053894,
1.0940409898757935,
1.0939823389053345,
1.0939264297485352,
1.0938453674316406,
1.0926069021224976,
1.093783974647522,
1.0937392711639404,
1.0936737060546875,
1.093623399734497,
1.0935399532318115,
1.0934662818908691,
1.0933529138565063,
1.093295693397522,
1.0932892560958862,
1.0932250022888184,
1.0932636260986328,
1.0932303667068481,
1.093210220336914,
1.093092918395996,
1.0930235385894775,
1.092948079109192,
1.0929213762283325,
1.0928844213485718,
1.0928288698196411,
1.0927706956863403,
1.0927265882492065,
1.0926812887191772,
1.0926740169525146,
1.0926774740219116,
1.0926647186279297,
1.0925884246826172,
1.0925238132476807,
1.0925219058990479,
1.0924323797225952,
1.0924936532974243,
1.0922659635543823,
1.0922232866287231,
1.0921838283538818,
1.0921235084533691,
1.092049479484558,
1.0921677350997925,
1.0922151803970337,
1.0922727584838867,
1.0921385288238525,
1.092002272605896,
1.090591311454773,
1.0917420387268066,
1.091623067855835,
1.0917385816574097,
1.0918558835983276,
1.0918617248535156,
1.0906628370285034,
1.0918089151382446,
1.091771125793457,
1.0916131734848022,
1.0914562940597534,
1.0912983417510986,
1.0899958610534668,
1.091155767440796,
1.0911012887954712,
1.0910931825637817,
1.0909525156021118,
1.0909574031829834,
1.090852975845337,
1.090806007385254,
1.0906907320022583,
1.09061598777771,
1.0906426906585693,
1.0906234979629517,
1.0907026529312134,
1.0908347368240356,
1.0907648801803589,
1.0905883312225342,
1.0904024839401245,
1.090259075164795,
1.0901460647583008,
1.0902650356292725,
1.0904818773269653,
1.0905354022979736,
1.0906200408935547,
1.0905793905258179,
1.0905765295028687,
1.0904284715652466,
1.090359091758728,
1.0900198221206665,
1.089756965637207,
1.08969247341156,
1.089678168296814,
1.08946692943573,
1.089452862739563,
1.08935546875,
1.0893274545669556,
1.0892282724380493,
1.089171290397644,
1.089185357093811,
1.0891538858413696,
1.0891926288604736,
1.0892270803451538,
1.0887542963027954,
1.0893839597702026,
1.0892033576965332,
1.0889503955841064,
1.0887644290924072,
1.0886754989624023,
1.087387204170227,
1.0887084007263184,
1.0887625217437744,
1.0888597965240479,
1.0887893438339233,
1.088792085647583,
1.0874172449111938,
1.08860182762146,
1.088507056236267,
1.088234543800354,
1.0881294012069702,
1.0880587100982666,
1.0880305767059326,
1.0879263877868652,
1.0878607034683228,
1.0878112316131592,
1.0876878499984741,
1.0876667499542236,
1.0876431465148926,
1.0875674486160278,
1.0875535011291504,
1.087518334388733,
1.0876480340957642,
1.0877161026000977,
1.0876375436782837,
1.0875152349472046,
1.087247371673584,
1.087190866470337,
1.0870760679244995,
1.0871007442474365,
1.0872174501419067,
1.08725106716156,
1.0872745513916016,
1.087277889251709,
1.0871907472610474,
1.0871222019195557,
1.0870932340621948,
1.0868929624557495,
1.0866425037384033,
1.0865678787231445,
1.0865224599838257,
1.0864360332489014,
1.0864198207855225,
1.0863120555877686,
1.0861915349960327,
1.0861594676971436,
1.0861101150512695,
1.086014986038208,
1.0860307216644287,
1.0859003067016602,
1.0858885049819946,
1.0859644412994385,
1.0859460830688477,
1.085832118988037,
1.0857415199279785,
1.0856444835662842,
1.0856168270111084,
1.0855013132095337,
1.0855236053466797,
1.084359049797058,
1.0856914520263672,
1.0856813192367554,
1.085718035697937,
1.0856906175613403,
1.0856683254241943,
1.0843604803085327,
1.0852857828140259,
1.0850409269332886,
1.0849686861038208,
1.0848956108093262,
1.0848186016082764,
1.0835334062576294,
1.0846654176712036,
1.0845892429351807,
1.0844959020614624,
1.084414005279541,
1.0842801332473755,
1.0842516422271729,
1.0841597318649292,
1.0841608047485352,
1.084154725074768,
1.084040880203247,
1.0840226411819458,
1.0839866399765015,
1.0838605165481567,
1.0837793350219727,
1.0837275981903076,
1.0837304592132568,
1.0837838649749756,
1.0837455987930298,
1.0837563276290894,
1.0836917161941528,
1.0836271047592163,
1.083665132522583,
1.0835038423538208,
1.0832961797714233,
1.0832287073135376,
1.083136796951294,
1.08306884765625,
1.083017110824585,
1.0829395055770874,
1.0829764604568481,
1.0828195810317993,
1.0827271938323975,
1.0826563835144043,
1.0826056003570557,
1.0825467109680176,
1.0829139947891235,
1.0832690000534058,
1.083451747894287,
1.0833947658538818,
1.083330750465393,
1.0832053422927856,
1.0831719636917114,
1.0831694602966309,
1.0833370685577393,
1.0835120677947998,
1.0836783647537231,
1.0837876796722412,
1.0837894678115845,
1.0837815999984741,
1.083787441253662,
1.0836864709854126,
1.0834026336669922,
1.081842303276062,
1.0827542543411255,
1.082537293434143,
1.0824111700057983,
1.0822875499725342,
1.0821857452392578,
1.080875277519226,
1.082051396369934,
1.0820125341415405,
1.0819358825683594,
1.081857442855835,
1.0817828178405762,
1.0805267095565796,
1.0818196535110474,
1.0817276239395142,
1.0816006660461426,
1.0814486742019653,
1.0813583135604858,
1.0812077522277832,
1.0812857151031494,
1.0814130306243896,
1.0815181732177734,
1.0815349817276,
1.081559181213379,
1.0815891027450562,
1.0815731287002563,
1.0815777778625488,
1.081456184387207,
1.081154227256775,
1.0808849334716797,
1.080670714378357,
1.0805360078811646,
1.080399751663208,
1.080298662185669,
1.0802046060562134,
1.0801299810409546,
1.0801242589950562,
1.0799949169158936,
1.0799620151519775,
1.0799027681350708,
1.079878807067871,
1.079915165901184,
1.0799036026000977,
1.0797861814498901,
1.0796526670455933,
1.0794651508331299,
1.079321265220642,
1.079229474067688,
1.079363226890564,
1.0794477462768555,
1.0795310735702515,
1.0795526504516602,
1.079573631286621,
1.0795553922653198,
1.0795637369155884,
1.0794999599456787,
1.0791882276535034,
1.0789278745651245,
1.0786411762237549,
1.0784438848495483,
1.0783427953720093,
1.0782021284103394,
1.078147530555725,
1.078064203262329,
1.0779786109924316,
1.0767043828964233,
1.0778944492340088,
1.0778539180755615,
1.0777785778045654,
1.0778223276138306,
1.0778512954711914,
1.0765669345855713,
1.077617883682251,
1.0774844884872437,
1.0772967338562012,
1.0771218538284302,
1.0771273374557495,
1.076019048690796,
1.077339768409729,
1.0773838758468628,
1.0774003267288208,
1.0773648023605347,
1.077303409576416,
1.0772216320037842,
1.0770845413208008,
1.0767725706100464,
1.076493501663208,
1.0763075351715088,
1.0761299133300781,
1.0760082006454468,
1.0758888721466064,
1.0758013725280762,
1.0757373571395874,
1.0756654739379883,
1.0755643844604492,
1.0755387544631958,
1.0754691362380981,
1.0754305124282837,
1.0754876136779785,
1.0754724740982056,
1.0753029584884644,
1.0751850605010986,
1.0749977827072144,
1.074898600578308,
1.0748069286346436,
1.074818730354309,
1.0748944282531738,
1.0748978853225708,
1.0748695135116577,
1.0748231410980225,
1.0747829675674438,
1.0747098922729492,
1.074675440788269,
1.0745258331298828,
1.0742629766464233,
1.0740116834640503,
1.0738611221313477,
1.0736960172653198,
1.0736020803451538,
1.0735124349594116,
1.0733953714370728,
1.0733070373535156,
1.0731850862503052,
1.073100209236145,
1.0728702545166016,
1.0729175806045532,
1.0727943181991577,
1.0726746320724487,
1.0726099014282227,
1.072513461112976,
1.072223424911499,
1.0722854137420654,
1.0721861124038696,
1.0722047090530396,
1.0723443031311035,
1.0725022554397583,
1.071347951889038,
1.0727003812789917,
1.0726865530014038,
1.0726289749145508,
1.072496771812439,
1.0724928379058838,
1.0708657503128052,
1.0718369483947754,
1.0715339183807373,
1.0712929964065552,
1.0712093114852905,
1.0709103345870972,
1.0690308809280396,
1.0699883699417114,
1.069426417350769,
1.067476749420166,
1.068616509437561,
1.0687586069107056,
1.0683245658874512,
1.0691571235656738,
1.0690218210220337,
1.0689536333084106,
1.0688661336898804,
1.0688027143478394,
1.0687124729156494,
1.0685195922851562,
1.0684757232666016,
1.0684726238250732,
1.0685278177261353,
1.0684963464736938,
1.068507432937622,
1.06840181350708,
1.068374752998352,
1.0683555603027344,
1.0681955814361572,
1.0678486824035645,
1.06754469871521,
1.0673086643218994,
1.0671828985214233,
1.0670889616012573,
1.0669819116592407,
1.0668731927871704,
1.066801905632019,
1.0666475296020508,
1.0665496587753296,
1.0664386749267578,
1.066368818283081,
1.0662951469421387,
1.0662682056427002,
1.066068410873413,
1.0659370422363281,
1.0658605098724365,
1.065633773803711,
1.0656081438064575,
1.0653443336486816,
1.0653940439224243,
1.0654040575027466,
1.0653595924377441,
1.0647640228271484,
1.0648534297943115,
1.065023422241211,
1.0649648904800415,
1.0646611452102661,
1.0644804239273071,
1.0642807483673096,
1.0629346370697021,
1.063977599143982,
1.0637397766113281,
1.063702940940857,
1.0635806322097778,
1.063336968421936,
1.0619511604309082,
1.0630770921707153,
1.062982201576233,
1.0628485679626465,
1.0626384019851685,
1.0626044273376465,
1.0625447034835815,
1.0621548891067505,
1.0620005130767822,
1.0620173215866089,
1.0617843866348267,
1.0615900754928589,
1.0616025924682617,
1.0616532564163208,
1.061448097229004,
1.0616248846054077,
1.0615198612213135,
1.061509370803833,
1.060991883277893,
1.0612895488739014,
1.060996174812317,
1.0606831312179565,
1.0602473020553589,
1.060045838356018,
1.0598084926605225,
1.0595968961715698,
1.0595251321792603,
1.0593689680099487,
1.0590264797210693,
1.0590016841888428,
1.0587519407272339,
1.0583282709121704,
1.0582942962646484,
1.0583243370056152,
1.057830810546875,
1.0580381155014038,
1.0578930377960205,
1.0577433109283447,
1.0571988821029663,
1.0573723316192627,
1.0569895505905151,
1.0570896863937378,
1.0566818714141846,
1.0569791793823242,
1.0567876100540161,
1.0562951564788818,
1.0561217069625854,
1.0560818910598755,
1.056147813796997,
1.0553559064865112,
1.0547900199890137,
1.0548175573349,
1.0548609495162964,
1.054313063621521,
1.0546517372131348,
1.0537818670272827,
1.0542218685150146,
1.0537699460983276,
1.0535640716552734,
1.0533051490783691,
1.0532488822937012,
1.0531760454177856,
1.0527632236480713,
1.0527678728103638,
1.05220365524292,
1.0504432916641235,
1.052114725112915,
1.0515518188476562,
1.0515532493591309,
1.0510152578353882,
1.0509905815124512,
1.0496646165847778,
1.0503642559051514,
1.050416111946106,
1.049835443496704,
1.0498626232147217,
1.0489267110824585,
1.0481798648834229,
1.0490303039550781,
1.0486865043640137,
1.0486268997192383,
1.0484488010406494,
1.0480293035507202,
1.0467597246170044,
1.0478074550628662,
1.0476092100143433,
1.0472129583358765,
1.0468767881393433,
1.0464586019515991,
1.045072078704834,
1.0460712909698486,
1.0454480648040771,
1.0454708337783813,
1.0454034805297852,
1.0450791120529175,
1.0435121059417725,
1.0442454814910889,
1.0442878007888794,
1.0435073375701904,
1.0437233448028564,
1.0434074401855469,
1.0432498455047607,
1.042853593826294,
1.0425035953521729,
1.0420488119125366,
1.0415384769439697,
1.041067361831665,
1.040932297706604,
1.0407801866531372,
1.0403472185134888,
1.0399407148361206,
1.0396636724472046,
1.039515733718872,
1.0390617847442627,
1.038750410079956,
1.0383633375167847,
1.0382181406021118,
1.0379122495651245,
1.037245273590088,
1.0368448495864868,
1.0366169214248657,
1.0362462997436523,
1.035707712173462,
1.035270094871521,
1.034867763519287,
1.0345134735107422,
1.0342596769332886,
1.0337626934051514,
1.0334360599517822,
1.0329381227493286,
1.0322781801223755,
1.0320531129837036,
1.0317517518997192,
1.0309125185012817,
1.0305652618408203,
1.029522180557251,
1.0293956995010376,
1.0278313159942627,
1.0287456512451172,
1.0282108783721924,
1.027803659439087,
1.0270277261734009,
1.026666522026062,
1.0247166156768799,
1.0254093408584595,
1.0246378183364868,
1.0245490074157715,
1.0236785411834717,
1.0230841636657715,
1.0215344429016113,
1.0221896171569824,
1.0215754508972168,
1.020856261253357,
1.020456314086914,
1.0196596384048462,
1.019256353378296,
1.0182619094848633,
1.0176055431365967,
1.0168567895889282,
1.0163806676864624,
1.0159586668014526,
1.0155044794082642,
1.0145082473754883,
1.0138238668441772,
1.0131189823150635,
1.0126370191574097,
1.0120556354522705,
1.0112814903259277,
1.0107946395874023,
1.0100891590118408,
1.009002923965454,
1.0083481073379517,
1.0078189373016357,
1.00730562210083,
1.0052334070205688,
1.0059400796890259,
1.0047810077667236,
1.0046184062957764,
1.0038169622421265,
1.0031604766845703,
1.002234697341919,
1.001682996749878,
1.0007487535476685,
1.0003137588500977,
0.9991533756256104,
0.9987165331840515,
0.9978958368301392,
0.997133731842041,
0.9962564706802368,
0.9959802031517029,
0.9953568577766418,
0.9943407773971558,
0.9939003586769104,
0.9915449023246765,
0.9922488927841187,
0.9914425015449524,
0.9904179573059082,
0.9896270036697388,
0.9887809753417969,
0.9877815246582031,
0.9866640567779541,
0.985825777053833,
0.9849384427070618,
0.9840882420539856,
0.9834708571434021,
0.9827609658241272,
0.9816893935203552,
0.9808049201965332,
0.9800640344619751,
0.9791268110275269,
0.9785075783729553,
0.9774274826049805,
0.9768092632293701,
0.9757376909255981,
0.9751598834991455,
0.9741573333740234,
0.9735050201416016,
0.9727867841720581,
0.9717669486999512,
0.9713071584701538,
0.9704753160476685,
0.9695137143135071,
0.968647301197052,
0.9680935740470886,
0.9673625826835632,
0.9663912653923035,
0.9657124876976013,
0.9647852182388306,
0.9638287425041199,
0.9627072215080261,
0.9617357850074768,
0.9608958959579468,
0.96024489402771,
0.9591434001922607,
0.9582104086875916,
0.9573602080345154,
0.956630527973175,
0.955570638179779,
0.9548954963684082,
0.9538238048553467,
0.953052818775177,
0.9522755742073059,
0.951330304145813,
0.9504531621932983,
0.9493139386177063,
0.9472882151603699,
0.9478092193603516,
0.9469428062438965,
0.9458182454109192,
0.9450826048851013,
0.9443922638893127,
0.9433884024620056,
0.9426321387290955,
0.9419384598731995,
0.9409115314483643,
0.9402281641960144,
0.9393137097358704,
0.9384914040565491,
0.9369417428970337,
0.9364062547683716,
0.9356722831726074,
0.9344632029533386,
0.9336220622062683,
0.9324776530265808,
0.9314749240875244,
0.9306226968765259,
0.9295884370803833,
0.9286168217658997,
0.9277109503746033,
0.9267531037330627,
0.9258544445037842,
0.9249340891838074,
0.923983097076416,
0.9227641224861145,
0.9219946265220642,
0.9207667708396912,
0.9198628067970276,
0.918822705745697,
0.9177663326263428,
0.9167999029159546,
0.9158321619033813,
0.9148535132408142,
0.9141258001327515,
0.9128689765930176,
0.9120663404464722,
0.9110352993011475,
0.9098638892173767,
0.9090250134468079,
0.9081225991249084,
0.9071245193481445,
0.9061594009399414,
0.9038377404212952,
0.9038999080657959,
0.902722954750061,
0.9017101526260376,
0.9002999663352966,
0.8993023037910461,
0.8982098698616028,
0.8972997069358826,
0.8959401249885559,
0.8949106335639954,
0.8939663171768188,
0.892731249332428,
0.8914652466773987,
0.889319896697998,
0.889156699180603,
0.8879931569099426,
0.8870595097541809,
0.8857999444007874,
0.8847386837005615,
0.8835426568984985,
0.8822658061981201,
0.8809922337532043,
0.0,
0.0,
0.0,
0.0,
0.0,
0.0,
0.0,
0.0,
0.0,
0.0,
0.0,
0.0,
0.0,
0.0,
0.0,
0.0,
0.0,
0.0,
0.0,
0.0,
0.0,
0.0,
0.0,
0.0,
0.0,
0.0,
0.0,
0.0,
0.0,
0.0,
0.0,
0.0,
0.0,
0.0,
0.0,
0.0,
0.0,
0.0,
0.0,
0.0,
0.0,
0.0,
0.0,
0.0,
0.0,
0.0,
0.0,
0.0,
0.0,
0.0,
0.0,
0.0,
0.0,
0.0,
0.0,
0.0,
0.0,
0.0,
0.0,
0.0,
0.0,
0.0,
0.0,
0.0,
0.0,
0.0,
0.0,
0.0,
0.0,
0.0,
0.0,
0.0,
0.0,
0.0,
0.0,
0.0,
0.0,
0.0,
0.0,
0.0,
0.0,
0.0,
0.0,
0.0,
0.0,
0.0,
0.0,
0.0,
0.0,
0.0,
0.0,
0.0,
0.0,
0.0,
0.0,
0.0,
0.0,
0.0,
0.0,
0.0,
0.0,
0.0,
0.0,
0.0,
0.0,
0.0,
0.0,
0.0,
0.0,
0.0,
0.0,
0.0,
0.0,
0.0,
0.0,
0.0,
0.0,
0.0,
0.0,
0.0,
0.0,
0.0,
0.0,
0.0,
0.0,
0.0,
0.0,
0.0,
0.0,
0.0,
0.0,
0.0,
0.0,
0.0,
0.0,
0.0,
0.0,
0.0,
0.0,
0.0,
0.0,
0.0,
0.0,
0.0,
0.0,
0.0,
0.0,
0.0,
0.0,
0.0,
0.0,
0.0,
0.0,
0.0,
0.0,
0.0,
0.0,
0.0,
0.0,
0.0,
0.0,
0.0,
0.0,
0.0,
0.0,
0.0,
0.0,
0.0,
0.0,
0.0,
0.0,
0.0,
0.0,
0.0,
0.0,
0.0,
0.0,
0.0,
0.0,
0.0,
0.0,
0.0,
0.0,
0.0,
0.0,
0.0,
0.0,
0.0,
0.0,
0.0,
0.0,
0.0,
0.0,
0.0,
0.0,
0.0,
0.0,
0.0,
0.0,
0.0,
0.0,
0.0,
0.0,
0.0,
0.0,
0.0,
0.0,
0.0,
0.0,
0.0,
0.0,
0.0,
0.0,
0.0,
0.0,
0.0,
0.0,
0.0,
0.0,
0.0,
0.0,
0.0,
0.0,
0.0,
0.0,
0.0,
0.0,
0.0,
0.0,
0.0,
0.0,
0.0,
0.0,
0.0,
0.0,
0.0,
0.0,
0.0,
0.0,
0.0,
0.0,
0.0,
0.0,
0.0,
0.0,
0.0,
0.0,
0.0,
0.0,
0.0,
0.0,
0.0,
0.0,
0.0,
0.0,
0.0,
0.0,
0.0,
0.0,
0.0,
0.0,
0.0,
0.0,
0.0,
0.0,
0.0,
0.0,
0.0,
0.0,
0.0,
0.0,
0.0,
0.0,
0.0,
0.0,
0.0,
0.0,
0.0,
0.0,
0.0,
0.0,
0.0,
0.0,
0.0,
0.0,
0.0,
0.0,
0.0,
0.0,
0.0,
0.0,
0.0,
0.0,
0.0,
0.0,
0.0,
0.0,
0.0,
0.0,
0.0,
0.0,
0.0,
0.0,
0.0,
0.0,
0.0,
0.0,
0.0,
0.0,
0.0,
0.0,
0.0,
0.0,
0.0,
0.0,
0.0,
0.0,
0.0,
0.0,
0.0,
0.0,
0.0,
0.0,
0.0,
0.0,
0.0,
0.0,
0.0,
0.0,
0.0,
0.0,
0.0,
0.0,
0.0,
0.0,
0.0,
0.0,
0.0,
0.0,
0.0,
0.0,
0.0,
0.0,
0.0,
0.0,
0.0,
0.0,
0.0,
0.0,
0.0,
0.0,
0.0,
0.0,
0.0,
0.0,
0.0,
0.0,
0.0,
0.0,
0.0,
0.0,
0.0,
0.0,
0.0,
0.0,
0.0,
0.0,
0.0,
0.0,
0.0,
0.0,
0.0,
0.0,
0.0,
0.0,
0.0,
0.0,
0.0,
0.0,
0.0,
0.0,
0.0,
0.0,
0.0,
0.0,
0.0,
0.0,
0.0,
0.0,
0.0,
0.0,
0.0,
0.0,
0.0,
0.0,
0.0,
0.0,
0.0,
0.0,
0.0,
0.0,
0.0,
0.0,
0.0,
0.0,
0.0,
0.0,
0.0,
0.0,
0.0,
0.0,
0.0,
0.0,
0.0,
0.0,
0.0,
0.0,
0.0,
0.0,
0.0,
0.0,
0.0,
0.0,
0.0,
0.0,
0.0,
0.0,
0.0,
0.0,
0.0,
0.0,
0.0,
0.0,
0.0,
0.0,
0.0,
0.0,
0.0,
0.0,
0.0,
0.0,
0.0,
0.0,
0.0,
0.0,
0.0,
0.0,
0.0,
0.0,
0.0,
0.0,
0.0,
0.0,
0.0,
0.0,
0.0,
0.0,
0.0,
0.0,
0.0,
0.0,
0.0,
0.0,
0.0,
0.0,
0.0,
0.0,
0.0,
0.0,
0.0,
0.0,
0.0,
0.0,
0.0,
0.0,
0.0,
0.0,
0.0,
0.0,
0.0,
0.0,
0.0,
0.0,
0.0,
0.0,
0.0,
0.0,
0.0,
0.0,
0.0,
0.0,
0.0,
0.0,
0.0,
0.0,
0.0,
0.0,
0.0,
0.0,
0.0,
0.0,
0.0,
0.0,
0.0,
0.0,
0.0,
0.0,
0.0,
0.0,
0.0,
0.0,
0.0,
0.0,
0.0,
0.0,
0.0,
0.0,
0.0,
0.0,
0.0,
0.0,
0.0,
0.0,
0.0,
0.0,
0.0,
0.0,
0.0,
0.0,
0.0,
0.0,
0.0,
0.0,
0.0,
0.0,
0.0,
0.0,
0.0,
0.0,
0.0,
0.0,
0.0,
0.0,
0.0,
0.0,
0.0,
0.0,
0.0,
0.0,
0.0,
0.0,
0.0,
0.0,
0.0,
0.0,
0.0,
0.0,
0.0,
0.0,
0.0,
0.0,
0.0,
0.0,
0.0,
0.0,
0.0,
0.0,
0.0,
0.0,
0.0,
0.0,
0.0,
0.0,
0.0,
0.0,
0.0,
0.0,
0.0,
0.0,
0.0,
0.0,
0.0,
0.0,
0.0,
0.0,
0.0,
0.0,
0.0,
0.0,
0.0,
0.0,
0.0,
0.0,
0.0,
0.0,
0.0,
0.0,
0.0,
0.0,
0.0,
0.0,
0.0,
0.0,
0.0,
0.0,
0.0,
0.0,
0.0,
0.0,
0.0,
0.0,
0.0,
0.0,
0.0,
0.0,
0.0,
0.0,
0.0,
0.0,
0.0,
0.0,
0.0,
0.0,
0.0,
0.0,
0.0,
0.0,
0.0,
0.0,
0.0,
0.0,
0.0,
0.0,
0.0,
0.0,
0.0,
0.0,
0.0,
0.0,
0.0,
0.0,
0.0,
0.0,
0.0,
0.0,
0.0,
0.0,
0.0,
0.0,
0.0,
0.0,
0.0,
0.0,
0.0,
0.0,
0.0,
0.0,
0.0,
0.0,
0.0,
0.0,
0.0,
0.0,
0.0,
0.0,
0.0,
0.0,
0.0,
0.0,
0.0,
0.0,
0.0,
0.0,
0.0,
0.0,
0.0,
0.0,
0.0,
0.0,
0.0,
0.0,
0.0,
0.0,
0.0,
0.0,
0.0,
0.0,
0.0,
0.0,
0.0,
0.0,
0.0,
0.0,
0.0,
0.0,
0.0,
0.0,
0.0,
0.0,
0.0,
0.0,
0.0,
0.0,
0.0,
0.0,
0.0,
0.0,
0.0,
0.0,
0.0,
0.0,
0.0,
0.0,
0.0,
0.0,
0.0,
0.0,
0.0,
0.0,
0.0,
0.0,
0.0,
0.0,
0.0,
0.0,
0.0,
0.0,
0.0,
0.0,
0.0,
0.0,
0.0,
0.0,
0.0,
0.0,
0.0,
0.0,
0.0,
0.0,
0.0,
0.0,
0.0,
0.0,
0.0,
0.0,
0.0,
0.0,
0.0,
0.0,
0.0,
0.0,
0.0,
0.0,
0.0,
0.0,
0.0,
0.0,
0.0,
0.0,
0.0,
0.0,
0.0,
0.0,
0.0,
0.0,
0.0,
0.0,
0.0,
0.0,
0.0,
0.0,
0.0,
0.0,
0.0,
0.0,
0.0,
0.0,
0.0,
0.0,
0.0,
0.0,
0.0,
0.0,
0.0,
0.0,
0.0,
0.0,
0.0,
0.0,
0.0,
0.0,
0.0,
0.0,
0.0,
0.0,
0.0,
0.0,
0.0,
0.0,
0.0,
0.0,
0.0,
0.0,
0.0,
0.0,
0.0,
0.0,
0.0,
0.0,
0.0,
0.0,
0.0,
0.0,
0.0,
0.0,
0.0,
0.0,
0.0,
0.0,
0.0,
0.0,
0.0,
0.0,
0.0,
0.0,
0.0,
0.0,
0.0,
0.0,
0.0,
0.0,
0.0,
0.0,
0.0,
0.0,
0.0,
0.0,
0.0,
0.0,
0.0,
0.0,
0.0,
0.0,
0.0,
0.0,
0.0,
0.0,
0.0,
0.0,
0.0,
0.0,
0.0,
0.0,
0.0,
0.0,
0.0,
0.0,
0.0,
0.0,
0.0,
0.0,
0.0,
0.0,
0.0,
0.0,
0.0,
0.0,
0.0,
0.0,
0.0,
0.0,
0.0,
0.0,
0.0,
0.0,
0.0,
0.0,
0.0,
0.0,
0.0,
0.0,
0.0,
0.0,
0.0,
0.0,
0.0,
0.0,
0.0,
0.0,
0.0,
0.0,
0.0,
0.0,
0.0,
0.0,
0.0,
0.0,
0.0,
0.0,
0.0,
0.0,
0.0,
0.0,
0.0,
0.0,
0.0,
0.0,
0.0,
0.0,
0.0,
0.0,
0.0,
0.0,
0.0,
0.0,
0.0,
0.0,
0.0,
0.0,
0.0,
0.0,
0.0,
0.0,
0.0,
0.0,
0.0,
0.0,
0.0,
0.0,
0.0,
0.0,
0.0,
0.0,
0.0,
0.0,
0.0,
0.0,
0.0,
0.0,
0.0,
0.0,
0.0,
0.0,
0.0,
0.0,
0.0,
0.0,
0.0,
0.0,
0.0,
0.0,
0.0,
0.0,
0.0,
0.0,
0.0,
0.0,
0.0,
0.0,
0.0,
0.0,
0.0,
0.0,
0.0,
0.0,
0.0,
0.0,
0.0,
0.0,
0.0,
0.0,
0.0,
0.0,
0.0,
0.0,
0.0,
0.0,
0.0,
0.0,
0.0,
0.0,
0.0,
0.0,
0.0,
0.0,
0.0,
0.0,
0.0,
0.0,
0.0,
0.0,
0.0,
0.0,
0.0,
0.0,
0.0,
0.0,
0.0,
0.0,
0.0,
0.0,
0.0,
0.0,
0.0,
0.0,
0.0,
0.0,
0.0,
0.0,
0.0,
0.0,
0.0,
0.0,
0.0,
0.0,
0.0,
0.0,
0.0,
0.0,
0.0,
0.0,
0.0,
0.0,
0.0,
0.0,
0.0,
0.0,
0.0,
0.0,
0.0,
0.0,
0.0,
0.0,
0.0,
0.0,
0.0,
0.0,
0.0,
0.0,
0.0,
0.0,
0.0,
0.0,
0.0,
0.0,
0.0,
0.0,
0.0,
0.0,
0.0,
0.0,
0.0,
0.0,
0.0,
0.0,
0.0,
0.0,
0.0,
0.0,
0.0,
0.0,
0.0,
0.0,
0.0,
0.0,
0.0,
0.0,
0.0,
0.0,
0.0,
0.0,
0.0,
0.0,
0.0,
0.0,
0.0,
0.0,
0.0,
0.0,
0.0,
0.0,
0.0,
0.0,
0.0,
0.0,
0.0,
0.0,
0.0,
0.0,
0.0,
0.0,
0.0,
0.0,
0.0,
0.0,
0.0,
0.0,
0.0,
0.0,
0.0,
0.0,
0.0,
0.0,
0.0,
0.0,
0.0,
0.0,
0.0,
0.0,
0.0,
0.0,
0.0,
0.0,
0.0,
0.0,
0.0,
0.0,
0.0,
0.0,
0.0,
0.0,
0.0,
0.0,
0.0,
0.0,
0.0,
0.0,
0.0,
0.0,
0.0,
0.0,
0.0,
0.0,
0.0,
0.0,
0.0,
0.0,
0.0,
0.0,
0.0,
0.0,
0.0,
0.0,
0.0,
0.0,
0.0,
0.0,
0.0,
0.0,
0.0,
0.0,
0.0,
0.0,
0.0,
0.0,
0.0,
0.0,
0.0,
0.0,
0.0,
0.0,
0.0,
0.0,
0.0,
0.0,
0.0,
0.0,
0.0,
0.0,
0.0,
0.0,
0.0,
0.0,
0.0,
0.0,
0.0,
0.0,
0.0,
0.0,
0.0,
0.0,
0.0,
0.0,
0.0,
0.0,
0.0,
0.0,
0.0,
0.0,
0.0,
0.0,
0.0,
0.0,
0.0,
0.0,
0.0,
0.0,
0.0,
0.0,
0.0,
0.0,
0.0,
0.0,
0.0,
0.0,
0.0,
0.0,
0.0,
0.0,
0.0,
0.0,
0.0,
0.0,
0.0,
0.0,
0.0,
0.0,
0.0,
0.0,
0.0,
0.0,
0.0,
0.0,
0.0,
0.0,
0.0,
0.0,
0.0,
0.0,
0.0,
0.0,
0.0,
0.0,
0.0,
0.0,
0.0,
0.0,
0.0,
0.0,
0.0,
0.0,
0.0,
0.0,
0.0,
0.0,
0.0,
0.0,
0.0,
0.0,
0.0,
0.0,
0.0,
0.0,
0.0,
0.0,
0.0,
0.0,
0.0,
0.0,
0.0,
0.0,
0.0,
0.0,
0.0,
0.0,
0.0,
0.0,
0.0,
0.0,
0.0,
0.0,
0.0,
0.0,
0.0,
0.0,
0.0,
0.0,
0.0,
0.0,
0.0,
0.0,
0.0,
0.0,
0.0,
0.0,
0.0,
0.0,
0.0,
0.0,
0.0,
0.0,
0.0,
0.0,
0.0,
0.0,
0.0,
0.0,
0.0,
0.0,
0.0,
0.0,
0.0,
0.0,
0.0,
0.0,
0.0,
0.0,
0.0,
0.0,
0.0,
0.0,
0.0,
0.0,
0.0,
0.0,
0.0,
0.0,
0.0,
0.0,
0.0,
0.0,
0.0,
0.0,
0.0,
0.0,
0.0,
0.0,
0.0,
0.0,
0.0,
0.0,
0.0,
0.0,
0.0,
0.0,
0.0,
0.0,
0.0,
0.0,
0.0,
0.0,
0.0,
0.0,
0.0,
0.0,
0.0,
0.0,
0.0,
0.0,
0.0,
0.0,
0.0,
0.0,
0.0,
0.0,
0.0,
0.0,
0.0,
0.0,
0.0,
0.0,
0.0,
0.0,
0.0,
0.0,
0.0,
0.0,
0.0,
0.0,
0.0,
0.0,
0.0,
0.0,
0.0,
0.0,
0.0,
0.0,
0.0,
0.0,
0.0,
0.0,
0.0,
0.0,
0.0,
0.0,
0.0,
0.0,
0.0,
0.0,
0.0,
0.0,
0.0,
0.0,
0.0,
0.0,
0.0,
0.0,
0.0,
0.0,
0.0,
0.0,
0.0,
0.0,
0.0,
0.0,
0.0,
0.0,
0.0,
0.0,
0.0,
0.0,
0.0,
0.0,
0.0,
0.0,
0.0,
0.0,
0.0,
0.0,
0.0,
0.0,
0.0,
0.0,
0.0,
0.0,
0.0,
0.0,
0.0,
0.0,
