1.0499999523162842,
1.0499999523162842,
1.0499999523162842,
1.0946156978607178,
1.095155119895935,
1.095569372177124,
1.0958573818206787,
1.0960190296173096,
1.0960946083068848,
1.09619140625,
1.0962514877319336,
1.0963679552078247,
1.0964043140411377,
1.0964614152908325,
1.0964888334274292,
1.0965051651000977,
1.0965248346328735,
1.096505880355835,
1.0965244770050049,
1.0964957475662231,
1.0964094400405884,
1.0964598655700684,
1.0964235067367554,
1.0963507890701294,
1.0963647365570068,
1.0963809490203857,
1.0963220596313477,
1.0963321924209595,
1.096318244934082,
1.0962815284729004,
1.0962400436401367,
1.0962830781936646,
1.09624183177948,
1.0962529182434082,
1.096331238746643,
1.0962653160095215,
1.0962427854537964,
1.0962163209915161,
1.096189022064209,
1.096216082572937,
1.0962176322937012,
1.096148133277893,
1.096116304397583,
1.0960414409637451,
1.0960581302642822,
1.096069574356079,
1.0960334539413452,
1.0959439277648926,
1.095903754234314,
1.0958971977233887,
1.096009373664856,
1.0964025259017944,
1.0966070890426636,
1.096757173538208,
1.096826195716858,
1.096785545349121,
1.0958772897720337,
1.0956686735153198,
1.0955876111984253,
1.0955479145050049,
1.0954952239990234,
1.0954580307006836,
1.0953642129898071,
1.0953134298324585,
1.0953088998794556,
1.0952224731445312,
1.0952062606811523,
1.0951534509658813,
1.0950963497161865,
1.0950251817703247,
1.0949562788009644,
1.0949478149414062,
1.0949145555496216,
1.0948805809020996,
1.0948541164398193,
1.0948172807693481,
1.094739317893982,
1.0947195291519165,
1.0946909189224243,
1.0946635007858276,
1.0946272611618042,
1.0945497751235962,
1.094528317451477,
1.094475507736206,
1.0944335460662842,
1.0943535566329956,
1.094425082206726,
1.094322919845581,
1.0942578315734863,
1.0942037105560303,
1.0941659212112427,
1.0941332578659058,
1.0941054821014404,
1.0940368175506592,
1.093976378440857,
1.0939143896102905,
1.093956708908081,
1.0938584804534912,
1.0937799215316772,
1.0937657356262207,
1.0937191247940063,
1.0936784744262695,
1.093684434890747,
1.0935876369476318,
1.0935229063034058,
1.0934791564941406,
1.0934146642684937,
1.0933647155761719,
1.0932937860488892,
1.0931971073150635,
1.0932540893554688,
1.0931992530822754,
1.0931404829025269,
1.0930947065353394,
1.0930861234664917,
1.0930322408676147,
1.0917280912399292,
1.0929462909698486,
1.0928969383239746,
1.0928536653518677,
1.0928378105163574,
1.0928300619125366,
1.0927537679672241,
1.0927340984344482,
1.0927119255065918,
1.0926448106765747,
1.0925884246826172,
1.0925484895706177,
1.0924816131591797,
1.092459797859192,
1.092354416847229,
1.0923106670379639,
1.0922274589538574,
1.0921512842178345,
1.0920850038528442,
1.0920319557189941,
1.0919528007507324,
1.0918961763381958,
1.0918452739715576,
1.091827630996704,
1.09174382686615,
1.0916833877563477,
1.0916367769241333,
1.09160578250885,
1.091530203819275,
1.091430902481079,
1.0914149284362793,
1.0901635885238647,
1.0913408994674683,
1.0912785530090332,
1.0911952257156372,
1.0911933183670044,
1.0911511182785034,
1.0911009311676025,
1.0910767316818237,
1.0910040140151978,
1.0909719467163086,
1.0909227132797241,
1.0908445119857788,
1.0908102989196777,
1.090714693069458,
1.0906721353530884,
1.0906131267547607,
1.0905839204788208,
1.0905194282531738,
1.0904864072799683,
1.0906128883361816,
1.0907199382781982,
1.090713620185852,
1.0905262231826782,
1.0903329849243164,
1.0901609659194946,
1.090069055557251,
1.0900769233703613,
1.090219259262085,
1.090313196182251,
1.0903630256652832,
1.0903494358062744,
1.0902929306030273,
1.090183973312378,
1.0900541543960571,
1.0898492336273193,
1.089595913887024,
1.0895274877548218,
1.089461088180542,
1.089397668838501,
1.0893381834030151,
1.089264154434204,
1.0892045497894287,
1.0891382694244385,
1.0890660285949707,
1.0890036821365356,
1.0889780521392822,
1.0890095233917236,
1.0890777111053467,
1.0892220735549927,
1.089220643043518,
1.0891345739364624,
1.0889248847961426,
1.0886943340301514,
1.0885604619979858,
1.0885802507400513,
1.0888113975524902,
1.088997483253479,
1.0890564918518066,
1.0891133546829224,
1.0890549421310425,
1.0889700651168823,
1.08882737159729,
1.0886560678482056,
1.0882185697555542,
1.0879806280136108,
1.0878788232803345,
1.0877817869186401,
1.0877094268798828,
1.0876270532608032,
1.0875358581542969,
1.0874460935592651,
1.0873886346817017,
1.087332844734192,
1.0873069763183594,
1.0873255729675293,
1.0873596668243408,
1.087476372718811,
1.0875535011291504,
1.0873897075653076,
1.0871543884277344,
1.0868860483169556,
1.0867875814437866,
1.0867055654525757,
1.0867540836334229,
1.0868498086929321,
1.0869629383087158,
1.0869367122650146,
1.0868722200393677,
1.0867944955825806,
1.0866843461990356,
1.08657968044281,
1.086263656616211,
1.0861105918884277,
1.0861212015151978,
1.0859944820404053,
1.0859229564666748,
1.0857925415039062,
1.0857219696044922,
1.0856484174728394,
1.0856090784072876,
1.0855488777160645,
1.0855226516723633,
1.0854519605636597,
1.0855026245117188,
1.0855666399002075,
1.0856388807296753,
1.0855149030685425,
1.0853018760681152,
1.085036277770996,
1.084909439086914,
1.0847952365875244,
1.084814190864563,
1.0849013328552246,
1.084965467453003,
1.084930419921875,
1.0849138498306274,
1.084825038909912,
1.084728479385376,
1.0846607685089111,
1.0843342542648315,
1.084071159362793,
1.083929419517517,
1.0838319063186646,
1.082543969154358,
1.0837007761001587,
1.083573341369629,
1.0835009813308716,
1.0833991765975952,
1.0833457708358765,
1.0832695960998535,
1.08321213722229,
1.0831378698349,
1.0831753015518188,
1.0832469463348389,
1.0831618309020996,
1.0829493999481201,
1.0827831029891968,
1.0827100276947021,
1.0825936794281006,
1.0826079845428467,
1.0826754570007324,
1.0827494859695435,
1.082809329032898,
1.0828273296356201,
1.0828044414520264,
1.082770586013794,
1.0827478170394897,
1.0824943780899048,
1.082127332687378,
1.0818524360656738,
1.0817316770553589,
1.0816543102264404,
1.0815403461456299,
1.0814493894577026,
1.0801432132720947,
1.081258773803711,
1.0811593532562256,
1.0810599327087402,
1.0809587240219116,
1.0808836221694946,
1.0808169841766357,
1.0807665586471558,
1.0805960893630981,
1.080591082572937,
1.0804438591003418,
1.0803639888763428,
1.0802583694458008,
1.0801645517349243,
1.0801305770874023,
1.0799278020858765,
1.0800371170043945,
1.080043911933899,
1.0800038576126099,
1.079899549484253,
1.079839825630188,
1.0796940326690674,
1.0793803930282593,
1.0792815685272217,
1.0791974067687988,
1.0790908336639404,
1.0789891481399536,
1.0788850784301758,
1.0787980556488037,
1.0787127017974854,
1.0786044597625732,
1.0785218477249146,
1.0784040689468384,
1.0783188343048096,
1.0788969993591309,
1.0792925357818604,
1.0794401168823242,
1.079332709312439,
1.0789971351623535,
1.0790868997573853,
1.078971266746521,
1.0790512561798096,
1.0792678594589233,
1.079417109489441,
1.0795234441757202,
1.079604148864746,
1.0795694589614868,
1.0795910358428955,
1.0794987678527832,
1.0794023275375366,
1.079024076461792,
1.078630805015564,
1.0783402919769287,
1.0780819654464722,
1.077893853187561,
1.077721118927002,
1.077599048614502,
1.0773130655288696,
1.0773751735687256,
1.077103614807129,
1.0772162675857544,
1.0770891904830933,
1.0770037174224854,
1.0770245790481567,
1.0770244598388672,
1.0768803358078003,
1.0766208171844482,
1.0765376091003418,
1.0764132738113403,
1.0763301849365234,
1.076382040977478,
1.07657790184021,
1.0765833854675293,
1.0766761302947998,
1.0766701698303223,
1.0766700506210327,
1.0766161680221558,
1.0764859914779663,
1.0757451057434082,
1.075792670249939,
1.075609803199768,
1.0753744840621948,
1.0749696493148804,
1.0750406980514526,
1.0744549036026,
1.0745635032653809,
1.0746982097625732,
1.0746567249298096,
1.0745567083358765,
1.0743722915649414,
1.0744044780731201,
1.0744291543960571,
1.0744379758834839,
1.0741978883743286,
1.0737329721450806,
1.0738332271575928,
1.0736846923828125,
1.0734589099884033,
1.0735353231430054,
1.073560118675232,
1.0734357833862305,
1.0737714767456055,
1.0736130475997925,
1.0730241537094116,
1.073272466659546,
1.073584794998169,
1.0729234218597412,
1.072940707206726,
1.0723425149917603,
1.0721840858459473,
1.072210669517517,
1.0720837116241455,
1.0718642473220825,
1.0718289613723755,
1.0716484785079956,
1.0715270042419434,
1.0715495347976685,
1.0714610815048218,
1.071102261543274,
1.071071982383728,
1.0711538791656494,
1.071121096611023,
1.0703412294387817,
1.0702781677246094,
1.0704017877578735,
1.0698626041412354,
1.0696415901184082,
1.070307731628418,
1.0705183744430542,
1.070105791091919,
1.0704936981201172,
1.0701028108596802,
1.0700759887695312,
1.0698808431625366,
1.0695959329605103,
1.0692042112350464,
1.0692825317382812,
1.068824052810669,
1.0684560537338257,
1.0681911706924438,
1.0679389238357544,
1.0682528018951416,
1.0675674676895142,
1.0671558380126953,
1.0676138401031494,
1.0675779581069946,
1.0675547122955322,
1.0674043893814087,
1.0673813819885254,
1.067413091659546,
1.0668598413467407,
1.0667481422424316,
1.0663355588912964,
1.0664764642715454,
1.0659611225128174,
1.0661333799362183,
1.0662673711776733,
1.0661298036575317,
1.0660830736160278,
1.0655375719070435,
1.0654420852661133,
1.0654950141906738,
1.0655763149261475,
1.0650217533111572,
1.0644711256027222,
1.0641093254089355,
1.0642330646514893,
1.0638355016708374,
1.0638401508331299,
1.0629881620407104,
1.063385248184204,
1.0630106925964355,
1.0627104043960571,
1.062685489654541,
1.0625554323196411,
1.0625362396240234,
1.0624375343322754,
1.0622361898422241,
1.061884880065918,
1.0617318153381348,
1.0615991353988647,
1.0609327554702759,
1.0610814094543457,
1.0607885122299194,
1.0609990358352661,
1.0609960556030273,
1.0599355697631836,
1.0611560344696045,
1.0609525442123413,
1.0612417459487915,
1.0603948831558228,
1.060339331626892,
1.06009840965271,
1.059234380722046,
1.0591585636138916,
1.0585097074508667,
1.0581376552581787,
1.0581409931182861,
1.0577946901321411,
1.0567963123321533,
1.0565547943115234,
1.0541987419128418,
1.0530381202697754,
1.0556727647781372,
1.0548584461212158,
1.0553724765777588,
1.0548796653747559,
1.0541154146194458,
1.0545083284378052,
1.0543310642242432,
1.053783893585205,
1.053626298904419,
1.0530714988708496,
1.0526878833770752,
1.0524348020553589,
1.0527704954147339,
1.0525431632995605,
1.0526103973388672,
1.0519492626190186,
1.0522607564926147,
1.0513927936553955,
1.0515395402908325,
1.050719141960144,
1.0503432750701904,
1.0498625040054321,
1.0496076345443726,
1.0490288734436035,
1.0489575862884521,
1.04859459400177,
1.0483843088150024,
1.0477384328842163,
1.0476981401443481,
1.0473074913024902,
1.0469205379486084,
1.0467569828033447,
1.0467815399169922,
1.0460246801376343,
1.0455821752548218,
1.0455509424209595,
1.0448873043060303,
1.0445799827575684,
1.044393539428711,
1.044638991355896,
1.044337511062622,
1.0441609621047974,
1.0438249111175537,
1.0432888269424438,
1.04280686378479,
1.0425020456314087,
1.0410598516464233,
1.0417189598083496,
1.0413135290145874,
1.0407932996749878,
1.0403382778167725,
1.040038824081421,
1.0395346879959106,
1.0390021800994873,
1.0389912128448486,
1.038439393043518,
1.0380818843841553,
1.0380061864852905,
1.0374449491500854,
1.0368183851242065,
1.0366744995117188,
1.0362575054168701,
1.0360225439071655,
1.035507082939148,
1.034969449043274,
1.034361720085144,
1.0343551635742188,
1.0339223146438599,
1.0336360931396484,
1.0331240892410278,
1.0331406593322754,
1.0329262018203735,
1.032954454421997,
1.0325794219970703,
1.0320066213607788,
1.0316848754882812,
1.0310020446777344,
1.0298587083816528,
1.029582142829895,
1.028974175453186,
1.0287373065948486,
1.0283523797988892,
1.0273642539978027,
1.0272108316421509,
1.0265849828720093,
1.0266292095184326,
1.0257794857025146,
1.025170087814331,
1.0245020389556885,
1.024330973625183,
1.0239484310150146,
1.0235296487808228,
1.0228593349456787,
1.0222620964050293,
1.0217558145523071,
1.0212154388427734,
1.0205403566360474,
1.0205745697021484,
1.0200111865997314,
1.0195800065994263,
1.0189158916473389,
1.0185173749923706,
1.0179505348205566,
1.0173916816711426,
1.0163133144378662,
1.015309453010559,
1.0151101350784302,
1.0144246816635132,
1.0135773420333862,
1.0130609273910522,
1.0122206211090088,
1.0115809440612793,
1.0114179849624634,
1.0103341341018677,
1.0099873542785645,
1.008973479270935,
1.0080307722091675,
1.0077272653579712,
1.0070010423660278,
1.0065656900405884,
1.0054442882537842,
1.0052720308303833,
1.0041182041168213,
1.0033564567565918,
1.002979040145874,
1.0014618635177612,
1.0010794401168823,
1.0001708269119263,
1.0000437498092651,
0.9989117980003357,
0.9979092478752136,
0.9971307516098022,
0.9963323473930359,
0.9954531788825989,
0.9948005080223083,
0.9939059019088745,
0.9931520819664001,
0.9924853444099426,
0.991873025894165,
0.991068422794342,
0.9898291230201721,
0.9893256425857544,
0.9882035255432129,
0.9873266220092773,
0.9864435791969299,
0.9858145713806152,
0.9850691556930542,
0.9839867353439331,
0.983490526676178,
0.982383668422699,
0.9810584783554077,
0.9808233976364136,
0.9799096584320068,
0.9788939356803894,
0.9777247905731201,
0.9771187901496887,
0.976176917552948,
0.9752914309501648,
0.9745694994926453,
0.9735778570175171,
0.9726173281669617,
0.9717602133750916,
0.9708536267280579,
0.9700019955635071,
0.9686795473098755,
0.9681991338729858,
0.9668356776237488,
0.9658698439598083,
0.965175449848175,
0.9642216563224792,
0.9630191326141357,
0.961900532245636,
0.9611268043518066,
0.960109531879425,
0.9593406319618225,
0.9580767154693604,
0.9568799734115601,
0.9558731913566589,
0.9548940062522888,
0.9538020491600037,
0.9529933929443359,
0.9520752429962158,
0.950613260269165,
0.9501131772994995,
0.9488139748573303,
0.9476194381713867,
0.9466060400009155,
0.9459192156791687,
0.9450501799583435,
0.9441580176353455,
0.9427305459976196,
0.9419667720794678,
0.9407225251197815,
0.9396659135818481,
0.9385385513305664,
0.9374157786369324,
0.9365785717964172,
0.9356817603111267,
0.9344087839126587,
0.9336081743240356,
0.9322172403335571,
0.9315709471702576,
0.9302321076393127,
0.9291744232177734,
0.928063154220581,
0.9271110892295837,
0.9261800050735474,
0.9251371026039124,
0.9238966703414917,
0.923122763633728,
0.9219667911529541,
0.9210754036903381,
0.9199517369270325,
0.918960690498352,
0.9178038239479065,
0.916597843170166,
0.9152657389640808,
0.914524495601654,
0.9135628938674927,
0.9123930931091309,
0.9115362763404846,
0.910364031791687,
0.9095576405525208,
0.9085791707038879,
0.9073692560195923,
0.9065173864364624,
0.9050249457359314,
0.9041106700897217,
0.9030048847198486,
0.9020435810089111,
0.901066780090332,
0.8999285101890564,
0.8990998864173889,
0.8979597091674805,
0.8971056342124939,
0.8960997462272644,
0.8956625461578369,
0.8942583203315735,
0.8935773372650146,
0.8862131237983704,
0.8914011716842651,
0.8905227780342102,
0.8894273042678833,
0.8877322673797607,
0.8866809606552124,
0.8856831789016724,
0.8846175074577332,
0.8834320306777954,
0.8822764158248901,
0.8816115856170654,
0.880549430847168,
0.8801122903823853,
0.0,
0.0,
0.0,
0.0,
0.0,
0.0,
0.0,
0.0,
0.0,
0.0,
0.0,
0.0,
0.0,
0.0,
0.0,
0.0,
0.0,
0.0,
0.0,
0.0,
0.0,
0.0,
0.0,
0.0,
0.0,
0.0,
0.0,
0.0,
0.0,
0.0,
0.0,
0.0,
0.0,
0.0,
0.0,
0.0,
0.0,
0.0,
0.0,
0.0,
0.0,
0.0,
0.0,
0.0,
0.0,
0.0,
0.0,
0.0,
0.0,
0.0,
0.0,
0.0,
0.0,
0.0,
0.0,
0.0,
0.0,
0.0,
0.0,
0.0,
0.0,
0.0,
0.0,
0.0,
0.0,
0.0,
0.0,
0.0,
0.0,
0.0,
0.0,
0.0,
0.0,
0.0,
0.0,
0.0,
0.0,
0.0,
0.0,
0.0,
0.0,
0.0,
0.0,
0.0,
0.0,
0.0,
0.0,
0.0,
0.0,
0.0,
0.0,
0.0,
0.0,
0.0,
0.0,
0.0,
0.0,
0.0,
0.0,
0.0,
0.0,
0.0,
0.0,
0.0,
0.0,
0.0,
0.0,
0.0,
0.0,
0.0,
0.0,
0.0,
0.0,
0.0,
0.0,
0.0,
0.0,
0.0,
0.0,
0.0,
0.0,
0.0,
0.0,
0.0,
0.0,
0.0,
0.0,
0.0,
0.0,
0.0,
0.0,
0.0,
0.0,
0.0,
0.0,
0.0,
0.0,
0.0,
0.0,
0.0,
0.0,
0.0,
0.0,
0.0,
0.0,
0.0,
0.0,
0.0,
0.0,
0.0,
0.0,
0.0,
0.0,
0.0,
0.0,
0.0,
0.0,
0.0,
0.0,
0.0,
0.0,
0.0,
0.0,
0.0,
0.0,
0.0,
0.0,
0.0,
0.0,
0.0,
0.0,
0.0,
0.0,
0.0,
0.0,
0.0,
0.0,
0.0,
0.0,
0.0,
0.0,
0.0,
0.0,
0.0,
0.0,
0.0,
0.0,
0.0,
0.0,
0.0,
0.0,
0.0,
0.0,
0.0,
0.0,
0.0,
0.0,
0.0,
0.0,
0.0,
0.0,
0.0,
0.0,
0.0,
0.0,
0.0,
0.0,
0.0,
0.0,
0.0,
0.0,
0.0,
0.0,
0.0,
0.0,
0.0,
0.0,
0.0,
0.0,
0.0,
0.0,
0.0,
0.0,
0.0,
0.0,
0.0,
0.0,
0.0,
0.0,
0.0,
0.0,
0.0,
0.0,
0.0,
0.0,
0.0,
0.0,
0.0,
0.0,
0.0,
0.0,
0.0,
0.0,
0.0,
0.0,
0.0,
0.0,
0.0,
0.0,
0.0,
0.0,
0.0,
0.0,
0.0,
0.0,
0.0,
0.0,
0.0,
0.0,
0.0,
0.0,
0.0,
0.0,
0.0,
0.0,
0.0,
0.0,
0.0,
0.0,
0.0,
0.0,
0.0,
0.0,
0.0,
0.0,
0.0,
0.0,
0.0,
0.0,
0.0,
0.0,
0.0,
0.0,
0.0,
0.0,
0.0,
0.0,
0.0,
0.0,
0.0,
0.0,
0.0,
0.0,
0.0,
0.0,
0.0,
0.0,
0.0,
0.0,
0.0,
0.0,
0.0,
0.0,
0.0,
0.0,
0.0,
0.0,
0.0,
0.0,
0.0,
0.0,
0.0,
0.0,
0.0,
0.0,
0.0,
0.0,
0.0,
0.0,
0.0,
0.0,
0.0,
0.0,
0.0,
0.0,
0.0,
0.0,
0.0,
0.0,
0.0,
0.0,
0.0,
0.0,
0.0,
0.0,
0.0,
0.0,
0.0,
0.0,
0.0,
0.0,
0.0,
0.0,
0.0,
0.0,
0.0,
0.0,
0.0,
0.0,
0.0,
0.0,
0.0,
0.0,
0.0,
0.0,
0.0,
0.0,
0.0,
0.0,
0.0,
0.0,
0.0,
0.0,
0.0,
0.0,
0.0,
0.0,
0.0,
0.0,
0.0,
0.0,
0.0,
0.0,
0.0,
0.0,
0.0,
0.0,
0.0,
0.0,
0.0,
0.0,
0.0,
0.0,
0.0,
0.0,
0.0,
0.0,
0.0,
0.0,
0.0,
0.0,
0.0,
0.0,
0.0,
0.0,
0.0,
0.0,
0.0,
0.0,
0.0,
0.0,
0.0,
0.0,
0.0,
0.0,
0.0,
0.0,
0.0,
0.0,
0.0,
0.0,
0.0,
0.0,
0.0,
0.0,
0.0,
0.0,
0.0,
0.0,
0.0,
0.0,
0.0,
0.0,
0.0,
0.0,
0.0,
0.0,
0.0,
0.0,
0.0,
0.0,
0.0,
0.0,
0.0,
0.0,
0.0,
0.0,
0.0,
0.0,
0.0,
0.0,
0.0,
0.0,
0.0,
0.0,
0.0,
0.0,
0.0,
0.0,
0.0,
0.0,
0.0,
0.0,
0.0,
0.0,
0.0,
0.0,
0.0,
0.0,
0.0,
0.0,
0.0,
0.0,
0.0,
0.0,
0.0,
0.0,
0.0,
0.0,
0.0,
0.0,
0.0,
0.0,
0.0,
0.0,
0.0,
0.0,
0.0,
0.0,
0.0,
0.0,
0.0,
0.0,
0.0,
0.0,
0.0,
0.0,
0.0,
0.0,
0.0,
0.0,
0.0,
0.0,
0.0,
0.0,
0.0,
0.0,
0.0,
0.0,
0.0,
0.0,
0.0,
0.0,
0.0,
0.0,
0.0,
0.0,
0.0,
0.0,
0.0,
0.0,
0.0,
0.0,
0.0,
0.0,
0.0,
0.0,
0.0,
0.0,
0.0,
0.0,
0.0,
0.0,
0.0,
0.0,
0.0,
0.0,
0.0,
0.0,
0.0,
0.0,
0.0,
0.0,
0.0,
0.0,
0.0,
0.0,
0.0,
0.0,
0.0,
0.0,
0.0,
0.0,
0.0,
0.0,
0.0,
0.0,
0.0,
0.0,
0.0,
0.0,
0.0,
0.0,
0.0,
0.0,
0.0,
0.0,
0.0,
0.0,
0.0,
0.0,
0.0,
0.0,
0.0,
0.0,
0.0,
0.0,
0.0,
0.0,
0.0,
0.0,
0.0,
0.0,
0.0,
0.0,
0.0,
0.0,
0.0,
0.0,
0.0,
0.0,
0.0,
0.0,
0.0,
0.0,
0.0,
0.0,
0.0,
0.0,
0.0,
0.0,
0.0,
0.0,
0.0,
0.0,
0.0,
0.0,
0.0,
0.0,
0.0,
0.0,
0.0,
0.0,
0.0,
0.0,
0.0,
0.0,
0.0,
0.0,
0.0,
0.0,
0.0,
0.0,
0.0,
0.0,
0.0,
0.0,
0.0,
0.0,
0.0,
0.0,
0.0,
0.0,
0.0,
0.0,
0.0,
0.0,
0.0,
0.0,
0.0,
0.0,
0.0,
0.0,
0.0,
0.0,
0.0,
0.0,
0.0,
0.0,
0.0,
0.0,
0.0,
0.0,
0.0,
0.0,
0.0,
0.0,
0.0,
0.0,
0.0,
0.0,
0.0,
0.0,
0.0,
0.0,
0.0,
0.0,
0.0,
0.0,
0.0,
0.0,
0.0,
0.0,
0.0,
0.0,
0.0,
0.0,
0.0,
0.0,
0.0,
0.0,
0.0,
0.0,
0.0,
0.0,
0.0,
0.0,
0.0,
0.0,
0.0,
0.0,
0.0,
0.0,
0.0,
0.0,
0.0,
0.0,
0.0,
0.0,
0.0,
0.0,
0.0,
0.0,
0.0,
0.0,
0.0,
0.0,
0.0,
0.0,
0.0,
0.0,
0.0,
0.0,
0.0,
0.0,
0.0,
0.0,
0.0,
0.0,
0.0,
0.0,
0.0,
0.0,
0.0,
0.0,
0.0,
0.0,
0.0,
0.0,
0.0,
0.0,
0.0,
0.0,
0.0,
0.0,
0.0,
0.0,
0.0,
0.0,
0.0,
0.0,
0.0,
0.0,
0.0,
0.0,
0.0,
0.0,
0.0,
0.0,
0.0,
0.0,
0.0,
0.0,
0.0,
0.0,
0.0,
0.0,
0.0,
0.0,
0.0,
0.0,
0.0,
0.0,
0.0,
0.0,
0.0,
0.0,
0.0,
0.0,
0.0,
0.0,
0.0,
0.0,
0.0,
0.0,
0.0,
0.0,
0.0,
0.0,
0.0,
0.0,
0.0,
0.0,
0.0,
0.0,
0.0,
0.0,
0.0,
0.0,
0.0,
0.0,
0.0,
0.0,
0.0,
0.0,
0.0,
0.0,
0.0,
0.0,
0.0,
0.0,
0.0,
0.0,
0.0,
0.0,
0.0,
0.0,
0.0,
0.0,
0.0,
0.0,
0.0,
0.0,
0.0,
0.0,
0.0,
0.0,
0.0,
0.0,
0.0,
0.0,
0.0,
0.0,
0.0,
0.0,
0.0,
0.0,
0.0,
0.0,
0.0,
0.0,
0.0,
0.0,
0.0,
0.0,
0.0,
0.0,
0.0,
0.0,
0.0,
0.0,
0.0,
0.0,
0.0,
0.0,
0.0,
0.0,
0.0,
0.0,
0.0,
0.0,
0.0,
0.0,
0.0,
0.0,
0.0,
0.0,
0.0,
0.0,
0.0,
0.0,
0.0,
0.0,
0.0,
0.0,
0.0,
0.0,
0.0,
0.0,
0.0,
0.0,
0.0,
0.0,
0.0,
0.0,
0.0,
0.0,
0.0,
0.0,
0.0,
0.0,
0.0,
0.0,
0.0,
0.0,
0.0,
0.0,
0.0,
0.0,
0.0,
0.0,
0.0,
0.0,
0.0,
0.0,
0.0,
0.0,
0.0,
0.0,
0.0,
0.0,
0.0,
0.0,
0.0,
0.0,
0.0,
0.0,
0.0,
0.0,
0.0,
0.0,
0.0,
0.0,
0.0,
0.0,
0.0,
0.0,
0.0,
0.0,
0.0,
0.0,
0.0,
0.0,
0.0,
0.0,
0.0,
0.0,
0.0,
0.0,
0.0,
0.0,
0.0,
0.0,
0.0,
0.0,
0.0,
0.0,
0.0,
0.0,
0.0,
0.0,
0.0,
0.0,
0.0,
0.0,
0.0,
0.0,
0.0,
0.0,
0.0,
0.0,
0.0,
0.0,
0.0,
0.0,
0.0,
0.0,
0.0,
0.0,
0.0,
0.0,
0.0,
0.0,
0.0,
0.0,
0.0,
0.0,
0.0,
0.0,
0.0,
0.0,
0.0,
0.0,
0.0,
0.0,
0.0,
0.0,
0.0,
0.0,
0.0,
0.0,
0.0,
0.0,
0.0,
0.0,
0.0,
0.0,
0.0,
0.0,
0.0,
0.0,
0.0,
0.0,
0.0,
0.0,
0.0,
0.0,
0.0,
0.0,
0.0,
0.0,
0.0,
0.0,
0.0,
0.0,
0.0,
0.0,
0.0,
0.0,
0.0,
0.0,
0.0,
0.0,
0.0,
0.0,
0.0,
0.0,
0.0,
0.0,
0.0,
0.0,
0.0,
0.0,
0.0,
0.0,
0.0,
0.0,
0.0,
0.0,
0.0,
0.0,
0.0,
0.0,
0.0,
0.0,
0.0,
0.0,
0.0,
0.0,
0.0,
0.0,
0.0,
0.0,
0.0,
0.0,
0.0,
0.0,
0.0,
0.0,
0.0,
0.0,
0.0,
0.0,
0.0,
0.0,
0.0,
0.0,
0.0,
0.0,
0.0,
0.0,
0.0,
0.0,
0.0,
0.0,
0.0,
0.0,
0.0,
0.0,
0.0,
0.0,
0.0,
0.0,
0.0,
0.0,
0.0,
0.0,
0.0,
0.0,
0.0,
0.0,
0.0,
0.0,
0.0,
0.0,
0.0,
0.0,
0.0,
0.0,
0.0,
0.0,
0.0,
0.0,
0.0,
0.0,
0.0,
0.0,
0.0,
0.0,
0.0,
0.0,
0.0,
0.0,
0.0,
0.0,
0.0,
0.0,
0.0,
0.0,
0.0,
0.0,
0.0,
0.0,
0.0,
0.0,
0.0,
0.0,
0.0,
0.0,
0.0,
0.0,
0.0,
0.0,
0.0,
0.0,
0.0,
0.0,
0.0,
0.0,
0.0,
0.0,
0.0,
0.0,
0.0,
0.0,
0.0,
0.0,
0.0,
0.0,
0.0,
0.0,
0.0,
0.0,
0.0,
0.0,
0.0,
0.0,
0.0,
0.0,
0.0,
0.0,
0.0,
0.0,
0.0,
0.0,
0.0,
0.0,
0.0,
0.0,
0.0,
0.0,
0.0,
0.0,
0.0,
0.0,
0.0,
0.0,
0.0,
0.0,
0.0,
0.0,
0.0,
0.0,
0.0,
0.0,
0.0,
0.0,
0.0,
0.0,
0.0,
0.0,
0.0,
0.0,
0.0,
0.0,
0.0,
0.0,
0.0,
0.0,
0.0,
0.0,
0.0,
0.0,
0.0,
0.0,
0.0,
0.0,
0.0,
0.0,
0.0,
0.0,
0.0,
0.0,
0.0,
0.0,
0.0,
0.0,
0.0,
0.0,
0.0,
0.0,
0.0,
0.0,
0.0,
0.0,
0.0,
0.0,
0.0,
0.0,
0.0,
0.0,
0.0,
0.0,
0.0,
0.0,
0.0,
0.0,
0.0,
0.0,
0.0,
0.0,
0.0,
0.0,
0.0,
0.0,
0.0,
0.0,
0.0,
0.0,
0.0,
0.0,
0.0,
0.0,
0.0,
0.0,
0.0,
0.0,
0.0,
0.0,
0.0,
0.0,
0.0,
0.0,
0.0,
0.0,
0.0,
0.0,
0.0,
0.0,
0.0,
0.0,
0.0,
0.0,
0.0,
0.0,
0.0,
0.0,
0.0,
0.0,
0.0,
0.0,
0.0,
0.0,
0.0,
0.0,
0.0,
0.0,
0.0,
0.0,
0.0,
0.0,
0.0,
0.0,
0.0,
0.0,
0.0,
0.0,
0.0,
0.0,
0.0,
0.0,
0.0,
0.0,
0.0,
0.0,
0.0,
0.0,
0.0,
0.0,
0.0,
0.0,
0.0,
0.0,
0.0,
0.0,
0.0,
0.0,
0.0,
0.0,
0.0,
0.0,
0.0,
0.0,
0.0,
0.0,
0.0,
0.0,
0.0,
0.0,
0.0,
0.0,
0.0,
0.0,
0.0,
0.0,
0.0,
0.0,
0.0,
0.0,
0.0,
0.0,
0.0,
0.0,
0.0,
0.0,
0.0,
0.0,
0.0,
0.0,
0.0,
0.0,
0.0,
0.0,
0.0,
0.0,
0.0,
0.0,
0.0,
0.0,
0.0,
0.0,
0.0,
0.0,
0.0,
0.0,
0.0,
0.0,
0.0,
0.0,
0.0,
0.0,
0.0,
0.0,
0.0,
0.0,
0.0,
0.0,
0.0,
0.0,
0.0,
0.0,
0.0,
0.0,
0.0,
0.0,
0.0,
0.0,
0.0,
0.0,
0.0,
0.0,
0.0,
0.0,
0.0,
0.0,
0.0,
0.0,
0.0,
0.0,
0.0,
0.0,
0.0,
0.0,
0.0,
0.0,
0.0,
0.0,
0.0,
0.0,
0.0,
0.0,
0.0,
0.0,
0.0,
0.0,
0.0,
0.0,
0.0,
0.0,
0.0,
0.0,
0.0,
0.0,
0.0,
0.0,
0.0,
0.0,
0.0,
0.0,
0.0,
0.0,
0.0,
0.0,
0.0,
0.0,
0.0,
0.0,
0.0,
0.0,
0.0,
0.0,
0.0,
0.0,
0.0,
0.0,
0.0,
0.0,
0.0,
0.0,
0.0,
0.0,
0.0,
0.0,
0.0,
0.0,
0.0,
0.0,
0.0,
0.0,
0.0,
0.0,
0.0,
0.0,
0.0,
0.0,
0.0,
0.0,
0.0,
0.0,
0.0,
0.0,
0.0,
0.0,
0.0,
0.0,
0.0,
0.0,
0.0,
0.0,
0.0,
0.0,
0.0,
0.0,
0.0,
0.0,
0.0,
0.0,
0.0,
0.0,
0.0,
0.0,
0.0,
0.0,
0.0,
0.0,
0.0,
0.0,
0.0,
0.0,
0.0,
0.0,
0.0,
0.0,
0.0,
0.0,
0.0,
0.0,
0.0,
0.0,
0.0,
0.0,
0.0,
0.0,
0.0,
0.0,
0.0,
0.0,
0.0,
0.0,
0.0,
0.0,
0.0,
0.0,
0.0,
0.0,
0.0,
0.0,
0.0,
0.0,
0.0,
0.0,
0.0,
0.0,
0.0,
0.0,
0.0,
0.0,
0.0,
0.0,
0.0,
0.0,
0.0,
0.0,
0.0,
0.0,
0.0,
0.0,
0.0,
0.0,
0.0,
0.0,
0.0,
0.0,
0.0,
0.0,
0.0,
0.0,
0.0,
0.0,
0.0,
0.0,
0.0,
0.0,
0.0,
0.0,
0.0,
0.0,
0.0,
