1.0499999523162842,
1.0798636674880981,
1.0811634063720703,
1.081865668296814,
1.0821818113327026,
1.0825673341751099,
1.0828056335449219,
1.0831146240234375,
1.0831774473190308,
1.0833607912063599,
1.0834800004959106,
1.0834858417510986,
1.0834946632385254,
1.0835715532302856,
1.0835986137390137,
1.0836222171783447,
1.0836917161941528,
1.0837103128433228,
1.0836621522903442,
1.0837076902389526,
1.0838181972503662,
1.0837472677230835,
1.083656668663025,
1.0836647748947144,
1.083644986152649,
1.0824286937713623,
1.0836472511291504,
1.0836611986160278,
1.0836822986602783,
1.0836745500564575,
1.0835970640182495,
1.0823866128921509,
1.0835627317428589,
1.0836023092269897,
1.083592176437378,
1.0835864543914795,
1.0836379528045654,
1.0836222171783447,
1.083592414855957,
1.0836126804351807,
1.0835610628128052,
1.0834896564483643,
1.0834938287734985,
1.0834311246871948,
1.0834028720855713,
1.0834157466888428,
1.0833812952041626,
1.08332097530365,
1.0833343267440796,
1.0832798480987549,
1.0832438468933105,
1.0834046602249146,
1.0835784673690796,
1.0837048292160034,
1.0837385654449463,
1.0837905406951904,
1.0832054615020752,
1.0830329656600952,
1.0829830169677734,
1.0829559564590454,
1.0828598737716675,
1.0828735828399658,
1.0828306674957275,
1.0828016996383667,
1.0828334093093872,
1.082741618156433,
1.0815225839614868,
1.08266019821167,
1.0826311111450195,
1.0825265645980835,
1.082504391670227,
1.0825244188308716,
1.0824633836746216,
1.082405686378479,
1.0823794603347778,
1.0823261737823486,
1.082289218902588,
1.0822423696517944,
1.082241177558899,
1.0821900367736816,
1.0821713209152222,
1.0821303129196167,
1.0820614099502563,
1.0820447206497192,
1.0820165872573853,
1.0819464921951294,
1.0819118022918701,
1.081836462020874,
1.0817841291427612,
1.0817482471466064,
1.0817737579345703,
1.0816868543624878,
1.0816508531570435,
1.0816330909729004,
1.081606149673462,
1.0815150737762451,
1.0815502405166626,
1.0815032720565796,
1.0814290046691895,
1.0814074277877808,
1.0813658237457275,
1.0801427364349365,
1.0812889337539673,
1.0812017917633057,
1.08116614818573,
1.081088900566101,
1.081054925918579,
1.0810219049453735,
1.080893635749817,
1.0808690786361694,
1.0808213949203491,
1.0807684659957886,
1.080767035484314,
1.0807455778121948,
1.0807108879089355,
1.080655813217163,
1.0805245637893677,
1.0805076360702515,
1.0804743766784668,
1.0804356336593628,
1.0804296731948853,
1.0804005861282349,
1.080358624458313,
1.080332636833191,
1.0803213119506836,
1.0802887678146362,
1.0801630020141602,
1.0800892114639282,
1.0800483226776123,
1.0800224542617798,
1.079986572265625,
1.0798790454864502,
1.079869270324707,
1.0798225402832031,
1.0797781944274902,
1.079695463180542,
1.0783517360687256,
1.0794843435287476,
1.0794225931167603,
1.0794217586517334,
1.0793957710266113,
1.0793668031692505,
1.0781124830245972,
1.079298973083496,
1.0792161226272583,
1.0791271924972534,
1.0790472030639648,
1.0790289640426636,
1.0790176391601562,
1.0789446830749512,
1.0788846015930176,
1.0788460969924927,
1.0788246393203735,
1.0787980556488037,
1.0787819623947144,
1.0786973237991333,
1.0786687135696411,
1.0785956382751465,
1.0785020589828491,
1.0784715414047241,
1.0784339904785156,
1.0782936811447144,
1.078227162361145,
1.0781753063201904,
1.0781164169311523,
1.0780584812164307,
1.078112006187439,
1.0782079696655273,
1.0782055854797363,
1.0781114101409912,
1.0779422521591187,
1.0766072273254395,
1.077720284461975,
1.0776140689849854,
1.0777006149291992,
1.077774167060852,
1.077817440032959,
1.0765482187271118,
1.0777376890182495,
1.0776137113571167,
1.0775272846221924,
1.0773556232452393,
1.0771712064743042,
1.077088475227356,
1.0770236253738403,
1.0769644975662231,
1.076905369758606,
1.0768331289291382,
1.0767767429351807,
1.0767027139663696,
1.076603889465332,
1.0765535831451416,
1.0764797925949097,
1.0764765739440918,
1.0764975547790527,
1.076647162437439,
1.076646327972412,
1.0765862464904785,
1.0763479471206665,
1.0761845111846924,
1.0760773420333862,
1.0760236978530884,
1.076182246208191,
1.076324701309204,
1.0764191150665283,
1.0763678550720215,
1.075203776359558,
1.0763769149780273,
1.0762808322906494,
1.0761421918869019,
1.0758190155029297,
1.075561761856079,
1.0742857456207275,
1.0754034519195557,
1.0753552913665771,
1.075252890586853,
1.075182557106018,
1.0751184225082397,
1.0750377178192139,
1.0749804973602295,
1.07499361038208,
1.0749473571777344,
1.0749917030334473,
1.0750516653060913,
1.075134038925171,
1.0750213861465454,
1.0747735500335693,
1.0745793581008911,
1.0745283365249634,
1.0744285583496094,
1.0744614601135254,
1.0745338201522827,
1.0745822191238403,
1.074592113494873,
1.0745494365692139,
1.0744467973709106,
1.0743614435195923,
1.0742563009262085,
1.0740364789962769,
1.0739367008209229,
1.0738385915756226,
1.072558879852295,
1.073709487915039,
1.0736258029937744,
1.0735251903533936,
1.073473572731018,
1.0733637809753418,
1.0720832347869873,
1.0732882022857666,
1.0731984376907349,
1.0731699466705322,
1.073224663734436,
1.0733073949813843,
1.0732401609420776,
1.073037028312683,
1.0728381872177124,
1.0727728605270386,
1.0726433992385864,
1.072638988494873,
1.0727260112762451,
1.072784185409546,
1.0728044509887695,
1.0727475881576538,
1.0727015733718872,
1.0726240873336792,
1.0726176500320435,
1.0723297595977783,
1.072115182876587,
1.0720252990722656,
1.0719594955444336,
1.0718680620193481,
1.071829915046692,
1.071665644645691,
1.0716112852096558,
1.071509599685669,
1.071418285369873,
1.070117473602295,
1.071265459060669,
1.0712074041366577,
1.071169137954712,
1.0712614059448242,
1.0711896419525146,
1.0698089599609375,
1.0709258317947388,
1.0707660913467407,
1.0707017183303833,
1.0706735849380493,
1.0706701278686523,
1.0707664489746094,
1.0707943439483643,
1.0708366632461548,
1.070830225944519,
1.0708143711090088,
1.070745825767517,
1.070540189743042,
1.0702502727508545,
1.070022702217102,
1.069933533668518,
1.0698471069335938,
1.0697365999221802,
1.0697221755981445,
1.0696431398391724,
1.0695083141326904,
1.069455623626709,
1.0694129467010498,
1.0693159103393555,
1.0692871809005737,
1.0691449642181396,
1.0690956115722656,
1.0690038204193115,
1.069048285484314,
1.0677107572555542,
1.0688821077346802,
1.0687732696533203,
1.068655252456665,
1.0686302185058594,
1.068604826927185,
1.0673322677612305,
1.0685458183288574,
1.0685226917266846,
1.0684349536895752,
1.068416714668274,
1.0683131217956543,
1.0680757761001587,
1.0680218935012817,
1.067747712135315,
1.067812442779541,
1.0677093267440796,
1.0676236152648926,
1.0675832033157349,
1.0674870014190674,
1.0673737525939941,
1.0672852993011475,
1.0671796798706055,
1.0670602321624756,
1.0673059225082397,
1.0676422119140625,
1.0677913427352905,
1.067762851715088,
1.0676558017730713,
1.0675185918807983,
1.0674644708633423,
1.0673928260803223,
1.067557692527771,
1.0677136182785034,
1.0678058862686157,
1.0676604509353638,
1.0678999423980713,
1.0672906637191772,
1.067777156829834,
1.0677211284637451,
1.06743323802948,
1.0658769607543945,
1.0666916370391846,
1.0665732622146606,
1.0663955211639404,
1.0662672519683838,
1.0657635927200317,
1.0647962093353271,
1.0659277439117432,
1.0658559799194336,
1.0654853582382202,
1.0656009912490845,
1.0652409791946411,
1.0655077695846558,
1.0652397871017456,
1.0653783082962036,
1.0652477741241455,
1.065097689628601,
1.065009593963623,
1.0648725032806396,
1.0649681091308594,
1.065036416053772,
1.065091609954834,
1.064967393875122,
1.0650020837783813,
1.0650749206542969,
1.065053105354309,
1.0643599033355713,
1.064767837524414,
1.064401626586914,
1.0642640590667725,
1.0640164613723755,
1.0638545751571655,
1.063636064529419,
1.063575267791748,
1.063442587852478,
1.0632826089859009,
1.0633035898208618,
1.0632123947143555,
1.063122034072876,
1.0630321502685547,
1.0630016326904297,
1.0617738962173462,
1.0629723072052002,
1.062768816947937,
1.0624704360961914,
1.0624207258224487,
1.0622843503952026,
1.0610543489456177,
1.0623801946640015,
1.0624419450759888,
1.062495231628418,
1.0624185800552368,
1.0621871948242188,
1.0623944997787476,
1.0623607635498047,
1.0621682405471802,
1.061599612236023,
1.0608869791030884,
1.0612331628799438,
1.0610923767089844,
1.060927152633667,
1.0608019828796387,
1.0606685876846313,
1.0605783462524414,
1.0604861974716187,
1.0603140592575073,
1.0603262186050415,
1.060221552848816,
1.0601674318313599,
1.0602267980575562,
1.0601537227630615,
1.0600240230560303,
1.0597673654556274,
1.0595556497573853,
1.0593901872634888,
1.0590623617172241,
1.0591593980789185,
1.059395670890808,
1.0590726137161255,
1.0592458248138428,
1.0593668222427368,
1.0588089227676392,
1.0570980310440063,
1.0585393905639648,
1.0584157705307007,
1.0582423210144043,
1.057765245437622,
1.0578092336654663,
1.0564366579055786,
1.0574532747268677,
1.057145118713379,
1.0572514533996582,
1.0571719408035278,
1.0570545196533203,
1.0568877458572388,
1.0565921068191528,
1.056677222251892,
1.0564165115356445,
1.056672215461731,
1.0565252304077148,
1.0562461614608765,
1.0559568405151367,
1.0555499792099,
1.0557265281677246,
1.0555368661880493,
1.055730938911438,
1.0556715726852417,
1.0551786422729492,
1.0554569959640503,
1.0552808046340942,
1.055314540863037,
1.0549030303955078,
1.0546847581863403,
1.054539680480957,
1.054351568222046,
1.0541478395462036,
1.0539538860321045,
1.0536805391311646,
1.0533533096313477,
1.0534480810165405,
1.0532708168029785,
1.0527819395065308,
1.0528087615966797,
1.052309274673462,
1.0521966218948364,
1.0524158477783203,
1.0517487525939941,
1.0517514944076538,
1.051665186882019,
1.051693320274353,
1.0509393215179443,
1.0512595176696777,
1.0511677265167236,
1.0512086153030396,
1.050921082496643,
1.0502830743789673,
1.0510417222976685,
1.0512712001800537,
1.0512328147888184,
1.0511029958724976,
1.0506571531295776,
1.0498813390731812,
1.0499082803726196,
1.0494158267974854,
1.04898202419281,
1.048752784729004,
1.048935890197754,
1.0480188131332397,
1.0474379062652588,
1.0468926429748535,
1.0450468063354492,
1.0455232858657837,
1.0459645986557007,
1.0450348854064941,
1.0460174083709717,
1.0451183319091797,
1.0455632209777832,
1.0452426671981812,
1.04506516456604,
1.0438315868377686,
1.0446668863296509,
1.0439422130584717,
1.0441179275512695,
1.044236660003662,
1.0437994003295898,
1.0426307916641235,
1.0432125329971313,
1.0428893566131592,
1.0430985689163208,
1.0426355600357056,
1.04216730594635,
1.0402750968933105,
1.0408991575241089,
1.0412919521331787,
1.0406925678253174,
1.0405611991882324,
1.0402835607528687,
1.0387388467788696,
1.03932785987854,
1.0393402576446533,
1.0386334657669067,
1.0389156341552734,
1.0382086038589478,
1.036633014678955,
1.0377376079559326,
1.0371500253677368,
1.0372135639190674,
1.0367487668991089,
1.0362290143966675,
1.0344598293304443,
1.0356050729751587,
1.0355174541473389,
1.0351516008377075,
1.0346928834915161,
1.0344096422195435,
1.0328069925308228,
1.0332937240600586,
1.0331451892852783,
1.0328375101089478,
1.0321379899978638,
1.0319232940673828,
1.0301787853240967,
1.0314651727676392,
1.0305458307266235,
1.03046715259552,
1.0297446250915527,
1.029416799545288,
1.0278246402740479,
1.0286141633987427,
1.0278383493423462,
1.0272443294525146,
1.0271753072738647,
1.0264437198638916,
1.0246683359146118,
1.0253454446792603,
1.0251281261444092,
1.0241843461990356,
1.0239529609680176,
1.0232027769088745,
1.0224765539169312,
1.0220251083374023,
1.0214842557907104,
1.0209208726882935,
1.0209041833877563,
1.0202462673187256,
1.0198829174041748,
1.019086241722107,
1.018276333808899,
1.0177700519561768,
1.016586184501648,
1.016133189201355,
1.0150560140609741,
1.0142501592636108,
1.0135574340820312,
1.0132089853286743,
1.0124356746673584,
1.0114773511886597,
1.0107661485671997,
1.0101847648620605,
1.0091540813446045,
1.0081464052200317,
1.0075817108154297,
1.0063319206237793,
1.0057612657546997,
1.0048354864120483,
1.0044217109680176,
1.0032774209976196,
1.0027756690979004,
1.0012969970703125,
1.0010827779769897,
0.9991130232810974,
0.9991551637649536,
0.9986189007759094,
0.9978952407836914,
0.9968460202217102,
0.9963287711143494,
0.9951550364494324,
0.9939755201339722,
0.99332195520401,
0.9920578598976135,
0.9915359020233154,
0.9904060959815979,
0.9896813631057739,
0.9884337186813354,
0.9879190921783447,
0.9867526888847351,
0.9856520891189575,
0.9849987626075745,
0.9836156368255615,
0.9816925525665283,
0.9817519783973694,
0.9807355403900146,
0.9798302054405212,
0.9791068434715271,
0.978007972240448,
0.976976215839386,
0.9759584069252014,
0.9749188423156738,
0.973737359046936,
0.9726576805114746,
0.9713124632835388,
0.9705749750137329,
0.9683529734611511,
0.9683608412742615,
0.9676744341850281,
0.9662466645240784,
0.9653604030609131,
0.9641277194023132,
0.9632860422134399,
0.961877167224884,
0.9605007767677307,
0.9596236348152161,
0.9586628079414368,
0.9577011466026306,
0.9563645720481873,
0.9541923403739929,
0.9542985558509827,
0.9529534578323364,
0.9519453644752502,
0.9508466720581055,
0.9498063921928406,
0.9485800266265869,
0.9471453428268433,
0.9458668828010559,
0.9444383382797241,
0.9438807964324951,
0.9425449967384338,
0.9413641095161438,
0.9389439225196838,
0.9392871856689453,
0.937884509563446,
0.9366496801376343,
0.93537437915802,
0.9340966939926147,
0.9329330921173096,
0.9320058822631836,
0.9305636286735535,
0.9295411705970764,
0.9280573725700378,
0.9269918203353882,
0.9257411360740662,
0.9243386387825012,
0.9233145117759705,
0.9220002889633179,
0.9207255840301514,
0.9195950031280518,
0.9184003472328186,
0.9170915484428406,
0.9144145250320435,
0.9146089553833008,
0.9131777286529541,
0.9118671417236328,
0.9106050729751587,
0.9093440175056458,
0.9080591797828674,
0.9067815542221069,
0.9056326150894165,
0.9043052792549133,
0.9028666615486145,
0.901730477809906,
0.9000405073165894,
0.8991475701332092,
0.8976688981056213,
0.8976688981056213,
0.8951259255409241,
0.8937567472457886,
0.8924167156219482,
0.8912022113800049,
0.888517439365387,
0.8885281085968018,
0.8873472213745117,
0.8859241604804993,
0.8845534920692444,
0.8831025958061218,
0.8818641901016235,
0.8805428743362427,
0.8805428743362427,
0.8805428743362427,
0.0,
0.0,
0.0,
0.0,
0.0,
0.0,
0.0,
0.0,
0.0,
0.0,
0.0,
0.0,
0.0,
0.0,
0.0,
0.0,
0.0,
0.0,
0.0,
0.0,
0.0,
0.0,
0.0,
0.0,
0.0,
0.0,
0.0,
0.0,
0.0,
0.0,
0.0,
0.0,
0.0,
0.0,
0.0,
0.0,
0.0,
0.0,
0.0,
0.0,
0.0,
0.0,
0.0,
0.0,
0.0,
0.0,
0.0,
0.0,
0.0,
0.0,
0.0,
0.0,
0.0,
0.0,
0.0,
0.0,
0.0,
0.0,
0.0,
0.0,
0.0,
0.0,
0.0,
0.0,
0.0,
0.0,
0.0,
0.0,
0.0,
0.0,
0.0,
0.0,
0.0,
0.0,
0.0,
0.0,
0.0,
0.0,
0.0,
0.0,
0.0,
0.0,
0.0,
0.0,
0.0,
0.0,
0.0,
0.0,
0.0,
0.0,
0.0,
0.0,
0.0,
0.0,
0.0,
0.0,
0.0,
0.0,
0.0,
0.0,
0.0,
0.0,
0.0,
0.0,
0.0,
0.0,
0.0,
0.0,
0.0,
0.0,
0.0,
0.0,
0.0,
0.0,
0.0,
0.0,
0.0,
0.0,
0.0,
0.0,
0.0,
0.0,
0.0,
0.0,
0.0,
0.0,
0.0,
0.0,
0.0,
0.0,
0.0,
0.0,
0.0,
0.0,
0.0,
0.0,
0.0,
0.0,
0.0,
0.0,
0.0,
0.0,
0.0,
0.0,
0.0,
0.0,
0.0,
0.0,
0.0,
0.0,
0.0,
0.0,
0.0,
0.0,
0.0,
0.0,
0.0,
0.0,
0.0,
0.0,
0.0,
0.0,
0.0,
0.0,
0.0,
0.0,
0.0,
0.0,
0.0,
0.0,
0.0,
0.0,
0.0,
0.0,
0.0,
0.0,
0.0,
0.0,
0.0,
0.0,
0.0,
0.0,
0.0,
0.0,
0.0,
0.0,
0.0,
0.0,
0.0,
0.0,
0.0,
0.0,
0.0,
0.0,
0.0,
0.0,
0.0,
0.0,
0.0,
0.0,
0.0,
0.0,
0.0,
0.0,
0.0,
0.0,
0.0,
0.0,
0.0,
0.0,
0.0,
0.0,
0.0,
0.0,
0.0,
0.0,
0.0,
0.0,
0.0,
0.0,
0.0,
0.0,
0.0,
0.0,
0.0,
0.0,
0.0,
0.0,
0.0,
0.0,
0.0,
0.0,
0.0,
0.0,
0.0,
0.0,
0.0,
0.0,
0.0,
0.0,
0.0,
0.0,
0.0,
0.0,
0.0,
0.0,
0.0,
0.0,
0.0,
0.0,
0.0,
0.0,
0.0,
0.0,
0.0,
0.0,
0.0,
0.0,
0.0,
0.0,
0.0,
0.0,
0.0,
0.0,
0.0,
0.0,
0.0,
0.0,
0.0,
0.0,
0.0,
0.0,
0.0,
0.0,
0.0,
0.0,
0.0,
0.0,
0.0,
0.0,
0.0,
0.0,
0.0,
0.0,
0.0,
0.0,
0.0,
0.0,
0.0,
0.0,
0.0,
0.0,
0.0,
0.0,
0.0,
0.0,
0.0,
0.0,
0.0,
0.0,
0.0,
0.0,
0.0,
0.0,
0.0,
0.0,
0.0,
0.0,
0.0,
0.0,
0.0,
0.0,
0.0,
0.0,
0.0,
0.0,
0.0,
0.0,
0.0,
0.0,
0.0,
0.0,
0.0,
0.0,
0.0,
0.0,
0.0,
0.0,
0.0,
0.0,
0.0,
0.0,
0.0,
0.0,
0.0,
0.0,
0.0,
0.0,
0.0,
0.0,
0.0,
0.0,
0.0,
0.0,
0.0,
0.0,
0.0,
0.0,
0.0,
0.0,
0.0,
0.0,
0.0,
0.0,
0.0,
0.0,
0.0,
0.0,
0.0,
0.0,
0.0,
0.0,
0.0,
0.0,
0.0,
0.0,
0.0,
0.0,
0.0,
0.0,
0.0,
0.0,
0.0,
0.0,
0.0,
0.0,
0.0,
0.0,
0.0,
0.0,
0.0,
0.0,
0.0,
0.0,
0.0,
0.0,
0.0,
0.0,
0.0,
0.0,
0.0,
0.0,
0.0,
0.0,
0.0,
0.0,
0.0,
0.0,
0.0,
0.0,
0.0,
0.0,
0.0,
0.0,
0.0,
0.0,
0.0,
0.0,
0.0,
0.0,
0.0,
0.0,
0.0,
0.0,
0.0,
0.0,
0.0,
0.0,
0.0,
0.0,
0.0,
0.0,
0.0,
0.0,
0.0,
0.0,
0.0,
0.0,
0.0,
0.0,
0.0,
0.0,
0.0,
0.0,
0.0,
0.0,
0.0,
0.0,
0.0,
0.0,
0.0,
0.0,
0.0,
0.0,
0.0,
0.0,
0.0,
0.0,
0.0,
0.0,
0.0,
0.0,
0.0,
0.0,
0.0,
0.0,
0.0,
0.0,
0.0,
0.0,
0.0,
0.0,
0.0,
0.0,
0.0,
0.0,
0.0,
0.0,
0.0,
0.0,
0.0,
0.0,
0.0,
0.0,
0.0,
0.0,
0.0,
0.0,
0.0,
0.0,
0.0,
0.0,
0.0,
0.0,
0.0,
0.0,
0.0,
0.0,
0.0,
0.0,
0.0,
0.0,
0.0,
0.0,
0.0,
0.0,
0.0,
0.0,
0.0,
0.0,
0.0,
0.0,
0.0,
0.0,
0.0,
0.0,
0.0,
0.0,
0.0,
0.0,
0.0,
0.0,
0.0,
0.0,
0.0,
0.0,
0.0,
0.0,
0.0,
0.0,
0.0,
0.0,
0.0,
0.0,
0.0,
0.0,
0.0,
0.0,
0.0,
0.0,
0.0,
0.0,
0.0,
0.0,
0.0,
0.0,
0.0,
0.0,
0.0,
0.0,
0.0,
0.0,
0.0,
0.0,
0.0,
0.0,
0.0,
0.0,
0.0,
0.0,
0.0,
0.0,
0.0,
0.0,
0.0,
0.0,
0.0,
0.0,
0.0,
0.0,
0.0,
0.0,
0.0,
0.0,
0.0,
0.0,
0.0,
0.0,
0.0,
0.0,
0.0,
0.0,
0.0,
0.0,
0.0,
0.0,
0.0,
0.0,
0.0,
0.0,
0.0,
0.0,
0.0,
0.0,
0.0,
0.0,
0.0,
0.0,
0.0,
0.0,
0.0,
0.0,
0.0,
0.0,
0.0,
0.0,
0.0,
0.0,
0.0,
0.0,
0.0,
0.0,
0.0,
0.0,
0.0,
0.0,
0.0,
0.0,
0.0,
0.0,
0.0,
0.0,
0.0,
0.0,
0.0,
0.0,
0.0,
0.0,
0.0,
0.0,
0.0,
0.0,
0.0,
0.0,
0.0,
0.0,
0.0,
0.0,
0.0,
0.0,
0.0,
0.0,
0.0,
0.0,
0.0,
0.0,
0.0,
0.0,
0.0,
0.0,
0.0,
0.0,
0.0,
0.0,
0.0,
0.0,
0.0,
0.0,
0.0,
0.0,
0.0,
0.0,
0.0,
0.0,
0.0,
0.0,
0.0,
0.0,
0.0,
0.0,
0.0,
0.0,
0.0,
0.0,
0.0,
0.0,
0.0,
0.0,
0.0,
0.0,
0.0,
0.0,
0.0,
0.0,
0.0,
0.0,
0.0,
0.0,
0.0,
0.0,
0.0,
0.0,
0.0,
0.0,
0.0,
0.0,
0.0,
0.0,
0.0,
0.0,
0.0,
0.0,
0.0,
0.0,
0.0,
0.0,
0.0,
0.0,
0.0,
0.0,
0.0,
0.0,
0.0,
0.0,
0.0,
0.0,
0.0,
0.0,
0.0,
0.0,
0.0,
0.0,
0.0,
0.0,
0.0,
0.0,
0.0,
0.0,
0.0,
0.0,
0.0,
0.0,
0.0,
0.0,
0.0,
0.0,
0.0,
0.0,
0.0,
0.0,
0.0,
0.0,
0.0,
0.0,
0.0,
0.0,
0.0,
0.0,
0.0,
0.0,
0.0,
0.0,
0.0,
0.0,
0.0,
0.0,
0.0,
0.0,
0.0,
0.0,
0.0,
0.0,
0.0,
0.0,
0.0,
0.0,
0.0,
0.0,
0.0,
0.0,
0.0,
0.0,
0.0,
0.0,
0.0,
0.0,
0.0,
0.0,
0.0,
0.0,
0.0,
0.0,
0.0,
0.0,
0.0,
0.0,
0.0,
0.0,
0.0,
0.0,
0.0,
0.0,
0.0,
0.0,
0.0,
0.0,
0.0,
0.0,
0.0,
0.0,
0.0,
0.0,
0.0,
0.0,
0.0,
0.0,
0.0,
0.0,
0.0,
0.0,
0.0,
0.0,
0.0,
0.0,
0.0,
0.0,
0.0,
0.0,
0.0,
0.0,
0.0,
0.0,
0.0,
0.0,
0.0,
0.0,
0.0,
0.0,
0.0,
0.0,
0.0,
0.0,
0.0,
0.0,
0.0,
0.0,
0.0,
0.0,
0.0,
0.0,
0.0,
0.0,
0.0,
0.0,
0.0,
0.0,
0.0,
0.0,
0.0,
0.0,
0.0,
0.0,
0.0,
0.0,
0.0,
0.0,
0.0,
0.0,
0.0,
0.0,
0.0,
0.0,
0.0,
0.0,
0.0,
0.0,
0.0,
0.0,
0.0,
0.0,
0.0,
0.0,
0.0,
0.0,
0.0,
0.0,
0.0,
0.0,
0.0,
0.0,
0.0,
0.0,
0.0,
0.0,
0.0,
0.0,
0.0,
0.0,
0.0,
0.0,
0.0,
0.0,
0.0,
0.0,
0.0,
0.0,
0.0,
0.0,
0.0,
0.0,
0.0,
0.0,
0.0,
0.0,
0.0,
0.0,
0.0,
0.0,
0.0,
0.0,
0.0,
0.0,
0.0,
0.0,
0.0,
0.0,
0.0,
0.0,
0.0,
0.0,
0.0,
0.0,
0.0,
0.0,
0.0,
0.0,
0.0,
0.0,
0.0,
0.0,
0.0,
0.0,
0.0,
0.0,
0.0,
0.0,
0.0,
0.0,
0.0,
0.0,
0.0,
0.0,
0.0,
0.0,
0.0,
0.0,
0.0,
0.0,
0.0,
0.0,
0.0,
0.0,
0.0,
0.0,
0.0,
0.0,
0.0,
0.0,
0.0,
0.0,
0.0,
0.0,
0.0,
0.0,
0.0,
0.0,
0.0,
0.0,
0.0,
0.0,
0.0,
0.0,
0.0,
0.0,
0.0,
0.0,
0.0,
0.0,
0.0,
0.0,
0.0,
0.0,
0.0,
0.0,
0.0,
0.0,
0.0,
0.0,
0.0,
0.0,
0.0,
0.0,
0.0,
0.0,
0.0,
0.0,
0.0,
0.0,
0.0,
0.0,
0.0,
0.0,
0.0,
0.0,
0.0,
0.0,
0.0,
0.0,
0.0,
0.0,
0.0,
0.0,
0.0,
0.0,
0.0,
0.0,
0.0,
0.0,
0.0,
0.0,
0.0,
0.0,
0.0,
0.0,
0.0,
0.0,
0.0,
0.0,
0.0,
0.0,
0.0,
0.0,
0.0,
0.0,
0.0,
0.0,
0.0,
0.0,
0.0,
0.0,
0.0,
0.0,
0.0,
0.0,
0.0,
0.0,
0.0,
0.0,
0.0,
0.0,
0.0,
0.0,
0.0,
0.0,
0.0,
0.0,
0.0,
0.0,
0.0,
0.0,
0.0,
0.0,
0.0,
0.0,
0.0,
0.0,
0.0,
0.0,
0.0,
0.0,
0.0,
0.0,
0.0,
0.0,
0.0,
0.0,
0.0,
0.0,
0.0,
0.0,
0.0,
0.0,
0.0,
0.0,
0.0,
0.0,
0.0,
0.0,
0.0,
0.0,
0.0,
0.0,
0.0,
0.0,
0.0,
0.0,
0.0,
0.0,
0.0,
0.0,
0.0,
0.0,
0.0,
0.0,
0.0,
0.0,
0.0,
0.0,
0.0,
0.0,
0.0,
0.0,
0.0,
0.0,
0.0,
0.0,
0.0,
0.0,
0.0,
0.0,
0.0,
0.0,
0.0,
0.0,
0.0,
0.0,
0.0,
0.0,
0.0,
0.0,
0.0,
0.0,
0.0,
0.0,
0.0,
0.0,
0.0,
0.0,
0.0,
0.0,
0.0,
0.0,
0.0,
0.0,
0.0,
0.0,
0.0,
0.0,
0.0,
0.0,
0.0,
0.0,
0.0,
0.0,
0.0,
0.0,
0.0,
0.0,
0.0,
0.0,
0.0,
0.0,
0.0,
0.0,
0.0,
0.0,
0.0,
0.0,
0.0,
0.0,
0.0,
0.0,
0.0,
0.0,
0.0,
0.0,
0.0,
0.0,
0.0,
0.0,
0.0,
0.0,
0.0,
0.0,
0.0,
0.0,
0.0,
0.0,
0.0,
0.0,
0.0,
0.0,
0.0,
0.0,
0.0,
0.0,
0.0,
0.0,
0.0,
0.0,
0.0,
0.0,
0.0,
0.0,
0.0,
0.0,
0.0,
0.0,
0.0,
0.0,
0.0,
0.0,
0.0,
0.0,
0.0,
0.0,
0.0,
0.0,
0.0,
0.0,
0.0,
0.0,
0.0,
0.0,
0.0,
0.0,
0.0,
0.0,
0.0,
0.0,
0.0,
0.0,
0.0,
0.0,
0.0,
0.0,
0.0,
0.0,
0.0,
0.0,
0.0,
0.0,
0.0,
0.0,
0.0,
0.0,
0.0,
0.0,
0.0,
0.0,
0.0,
0.0,
0.0,
0.0,
0.0,
0.0,
0.0,
0.0,
0.0,
0.0,
0.0,
0.0,
0.0,
0.0,
0.0,
0.0,
0.0,
0.0,
0.0,
0.0,
0.0,
0.0,
0.0,
0.0,
0.0,
0.0,
0.0,
0.0,
0.0,
0.0,
0.0,
0.0,
0.0,
0.0,
0.0,
0.0,
0.0,
0.0,
0.0,
0.0,
0.0,
0.0,
0.0,
0.0,
0.0,
0.0,
0.0,
0.0,
0.0,
0.0,
0.0,
0.0,
0.0,
0.0,
0.0,
0.0,
0.0,
0.0,
0.0,
0.0,
0.0,
0.0,
0.0,
0.0,
0.0,
0.0,
0.0,
0.0,
0.0,
0.0,
0.0,
0.0,
0.0,
0.0,
0.0,
0.0,
0.0,
0.0,
0.0,
0.0,
0.0,
0.0,
0.0,
0.0,
0.0,
0.0,
0.0,
0.0,
0.0,
0.0,
0.0,
0.0,
0.0,
0.0,
0.0,
0.0,
0.0,
0.0,
0.0,
0.0,
0.0,
0.0,
0.0,
0.0,
0.0,
0.0,
0.0,
0.0,
0.0,
0.0,
0.0,
0.0,
0.0,
0.0,
0.0,
0.0,
0.0,
0.0,
0.0,
0.0,
0.0,
0.0,
0.0,
0.0,
0.0,
0.0,
0.0,
0.0,
0.0,
0.0,
0.0,
0.0,
0.0,
0.0,
0.0,
0.0,
0.0,
0.0,
0.0,
0.0,
0.0,
0.0,
0.0,
0.0,
0.0,
0.0,
0.0,
0.0,
0.0,
0.0,
0.0,
0.0,
0.0,
0.0,
0.0,
0.0,
0.0,
0.0,
0.0,
0.0,
0.0,
0.0,
0.0,
0.0,
0.0,
0.0,
0.0,
0.0,
0.0,
0.0,
0.0,
0.0,
0.0,
0.0,
0.0,
0.0,
0.0,
0.0,
0.0,
0.0,
0.0,
0.0,
0.0,
0.0,
0.0,
0.0,
0.0,
0.0,
0.0,
0.0,
0.0,
0.0,
0.0,
0.0,
0.0,
0.0,
0.0,
0.0,
0.0,
0.0,
0.0,
0.0,
0.0,
0.0,
0.0,
0.0,
0.0,
0.0,
0.0,
0.0,
0.0,
0.0,
0.0,
0.0,
0.0,
0.0,
0.0,
0.0,
0.0,
0.0,
0.0,
0.0,
0.0,
0.0,
0.0,
0.0,
0.0,
0.0,
0.0,
0.0,
0.0,
0.0,
0.0,
0.0,
0.0,
0.0,
0.0,
0.0,
0.0,
0.0,
0.0,
0.0,
0.0,
0.0,
0.0,
0.0,
0.0,
0.0,
0.0,
0.0,
0.0,
0.0,
0.0,
0.0,
0.0,
0.0,
0.0,
0.0,
0.0,
0.0,
0.0,
0.0,
0.0,
0.0,
0.0,
0.0,
0.0,
0.0,
0.0,
0.0,
0.0,
0.0,
0.0,
0.0,
0.0,
0.0,
0.0,
0.0,
0.0,
0.0,
0.0,
0.0,
0.0,
0.0,
0.0,
0.0,
0.0,
0.0,
0.0,
0.0,
0.0,
0.0,
0.0,
0.0,
0.0,
0.0,
0.0,
0.0,
0.0,
0.0,
0.0,
0.0,
0.0,
0.0,
0.0,
0.0,
0.0,
0.0,
0.0,
0.0,
0.0,
0.0,
0.0,
0.0,
0.0,
0.0,
0.0,
0.0,
0.0,
0.0,
0.0,
0.0,
0.0,
0.0,
0.0,
0.0,
0.0,
0.0,
0.0,
0.0,
0.0,
0.0,
0.0,
0.0,
0.0,
0.0,
0.0,
0.0,
0.0,
0.0,
0.0,
0.0,
0.0,
0.0,
0.0,
0.0,
0.0,
0.0,
0.0,
0.0,
0.0,
0.0,
0.0,
0.0,
