1.0499999523162842,
1.0766173601150513,
1.0778388977050781,
1.0782866477966309,
1.0785322189331055,
1.07881498336792,
1.079097867012024,
1.0793650150299072,
1.0796470642089844,
1.079828143119812,
1.0799509286880493,
1.0800896883010864,
1.0801984071731567,
1.0802459716796875,
1.0803288221359253,
1.080367922782898,
1.080409288406372,
1.0804309844970703,
1.0805184841156006,
1.0793596506118774,
1.0805745124816895,
1.0806009769439697,
1.0805891752243042,
1.0805531740188599,
1.080496072769165,
1.0805230140686035,
1.0805455446243286,
1.0805705785751343,
1.0805888175964355,
1.0806070566177368,
1.080629587173462,
1.0806595087051392,
1.0805790424346924,
1.08063542842865,
1.0806474685668945,
1.0806723833084106,
1.079506516456604,
1.0806217193603516,
1.0806849002838135,
1.080629587173462,
1.0805641412734985,
1.0805678367614746,
1.0793362855911255,
1.0805797576904297,
1.0806106328964233,
1.0805824995040894,
1.0805467367172241,
1.0805089473724365,
1.080541729927063,
1.0806257724761963,
1.0809866189956665,
1.081215500831604,
1.0813599824905396,
1.0814592838287354,
1.0814824104309082,
1.0806218385696411,
1.0804563760757446,
1.0804475545883179,
1.0803985595703125,
1.0791701078414917,
1.0803663730621338,
1.080315351486206,
1.0803250074386597,
1.0803102254867554,
1.0802147388458252,
1.0789976119995117,
1.0802290439605713,
1.080198049545288,
1.080175518989563,
1.0801185369491577,
1.080134391784668,
1.0800455808639526,
1.0800246000289917,
1.0800321102142334,
1.0799959897994995,
1.0799905061721802,
1.0800083875656128,
1.0800188779830933,
1.079964280128479,
1.0799281597137451,
1.0799061059951782,
1.0798888206481934,
1.0798492431640625,
1.0798321962356567,
1.0798583030700684,
1.0798529386520386,
1.0797450542449951,
1.079730749130249,
1.0784783363342285,
1.0797250270843506,
1.079673409461975,
1.0796605348587036,
1.0796515941619873,
1.079632043838501,
1.0796606540679932,
1.079575538635254,
1.0795480012893677,
1.0795260667800903,
1.0794165134429932,
1.079418659210205,
1.0794086456298828,
1.0793958902359009,
1.0793180465698242,
1.0792299509048462,
1.0793036222457886,
1.0792431831359863,
1.0791840553283691,
1.0791429281234741,
1.0791029930114746,
1.079095721244812,
1.079095482826233,
1.0778212547302246,
1.0789978504180908,
1.0789233446121216,
1.0788960456848145,
1.078866958618164,
1.0788123607635498,
1.0776009559631348,
1.07878577709198,
1.0787501335144043,
1.0786912441253662,
1.078661322593689,
1.0786304473876953,
1.0786372423171997,
1.078507900238037,
1.0784739255905151,
1.0784084796905518,
1.0784034729003906,
1.0783575773239136,
1.0782601833343506,
1.0782371759414673,
1.0782341957092285,
1.0781545639038086,
1.0781316757202148,
1.0780636072158813,
1.0780915021896362,
1.0779452323913574,
1.077975869178772,
1.077930212020874,
1.0779213905334473,
1.0767186880111694,
1.077907681465149,
1.0778613090515137,
1.077765703201294,
1.077742338180542,
1.077672004699707,
1.076471209526062,
1.077638864517212,
1.0775339603424072,
1.077500820159912,
1.0774775743484497,
1.077447772026062,
1.0774496793746948,
1.0773981809616089,
1.077372670173645,
1.0772947072982788,
1.0772920846939087,
1.0772063732147217,
1.0771762132644653,
1.0770740509033203,
1.077012300491333,
1.0769729614257812,
1.0769290924072266,
1.0769120454788208,
1.0770350694656372,
1.0771299600601196,
1.0771523714065552,
1.0770480632781982,
1.0768381357192993,
1.0754797458648682,
1.0766021013259888,
1.0765949487686157,
1.0767285823822021,
1.0768362283706665,
1.0769054889678955,
1.0756657123565674,
1.0768206119537354,
1.0767104625701904,
1.0766451358795166,
1.0764497518539429,
1.0762451887130737,
1.0761868953704834,
1.0761100053787231,
1.0761198997497559,
1.0760058164596558,
1.0759541988372803,
1.075905203819275,
1.0758494138717651,
1.075817346572876,
1.0757720470428467,
1.0757595300674438,
1.075747013092041,
1.075810432434082,
1.0759637355804443,
1.0759739875793457,
1.0758435726165771,
1.0756356716156006,
1.0754512548446655,
1.0752941370010376,
1.075366497039795,
1.0755493640899658,
1.0756996870040894,
1.0757464170455933,
1.075751781463623,
1.0745062828063965,
1.0756635665893555,
1.0755925178527832,
1.0753777027130127,
1.074997901916504,
1.0747987031936646,
1.0747395753860474,
1.0746588706970215,
1.0746102333068848,
1.0745344161987305,
1.07448410987854,
1.0744074583053589,
1.0743247270584106,
1.0743036270141602,
1.0743333101272583,
1.0743153095245361,
1.074346899986267,
1.0744729042053223,
1.0745701789855957,
1.0744273662567139,
1.0741256475448608,
1.073949933052063,
1.0738581418991089,
1.07378089427948,
1.0739470720291138,
1.0739997625350952,
1.074039101600647,
1.0740681886672974,
1.073984146118164,
1.0727144479751587,
1.0738739967346191,
1.073759913444519,
1.0734292268753052,
1.0733788013458252,
1.073278546333313,
1.0720359086990356,
1.073190450668335,
1.0730911493301392,
1.0729999542236328,
1.0729804039001465,
1.0729031562805176,
1.072878360748291,
1.072828769683838,
1.0728141069412231,
1.0728286504745483,
1.0729098320007324,
1.0729438066482544,
1.0728447437286377,
1.0726388692855835,
1.0724552869796753,
1.0723434686660767,
1.0723118782043457,
1.0723252296447754,
1.0724689960479736,
1.0725406408309937,
1.0725040435791016,
1.0724622011184692,
1.072421908378601,
1.0723381042480469,
1.0722527503967285,
1.0719578266143799,
1.071777105331421,
1.0716993808746338,
1.0716094970703125,
1.0703274011611938,
1.0714573860168457,
1.0713987350463867,
1.0713101625442505,
1.0712581872940063,
1.0711755752563477,
1.0698939561843872,
1.0710092782974243,
1.0710117816925049,
1.071038842201233,
1.0711010694503784,
1.0709937810897827,
1.0707905292510986,
1.070684790611267,
1.07060968875885,
1.0705147981643677,
1.0704987049102783,
1.0705665349960327,
1.0706912279129028,
1.070715308189392,
1.0707390308380127,
1.070732593536377,
1.0706945657730103,
1.0706641674041748,
1.0703896284103394,
1.0700526237487793,
1.069892168045044,
1.0698201656341553,
1.0697208642959595,
1.069616675376892,
1.0695958137512207,
1.069522738456726,
1.0694676637649536,
1.0693892240524292,
1.0693275928497314,
1.0680816173553467,
1.0692036151885986,
1.0691896677017212,
1.0691105127334595,
1.0690256357192993,
1.0689716339111328,
1.0688917636871338,
1.0688483715057373,
1.0687816143035889,
1.068769097328186,
1.0687631368637085,
1.0687479972839355,
1.0687541961669922,
1.0687702894210815,
1.0686603784561157,
1.0686097145080566,
1.0685927867889404,
1.068393588066101,
1.068122386932373,
1.068053126335144,
1.0679465532302856,
1.0678801536560059,
1.067795753479004,
1.0676978826522827,
1.0676923990249634,
1.0675575733184814,
1.0674633979797363,
1.0673850774765015,
1.0673009157180786,
1.0673433542251587,
1.0679140090942383,
1.0682514905929565,
1.068320870399475,
1.0682170391082764,
1.0681378841400146,
1.066840410232544,
1.0679274797439575,
1.0680650472640991,
1.0682809352874756,
1.068405032157898,
1.0685060024261475,
1.0686140060424805,
1.0686111450195312,
1.0685937404632568,
1.0685089826583862,
1.0683034658432007,
1.0679564476013184,
1.0676037073135376,
1.067367434501648,
1.067177653312683,
1.0670453310012817,
1.0669581890106201,
1.0668751001358032,
1.0667911767959595,
1.0667109489440918,
1.066654086112976,
1.0665314197540283,
1.0664385557174683,
1.0663892030715942,
1.0664876699447632,
1.0664132833480835,
1.066249132156372,
1.0661011934280396,
1.066004753112793,
1.0646495819091797,
1.0658878087997437,
1.0659561157226562,
1.0660985708236694,
1.0661625862121582,
1.0661892890930176,
1.0649789571762085,
1.0661481618881226,
1.0661439895629883,
1.0660444498062134,
1.0656116008758545,
1.0654549598693848,
1.0652623176574707,
1.0650321245193481,
1.0648894309997559,
1.064784288406372,
1.0646960735321045,
1.0646098852157593,
1.0645534992218018,
1.0645182132720947,
1.0644055604934692,
1.0643330812454224,
1.0642999410629272,
1.064226746559143,
1.0642054080963135,
1.0641191005706787,
1.0639615058898926,
1.0637787580490112,
1.063655972480774,
1.0635731220245361,
1.063733696937561,
1.0635772943496704,
1.0638505220413208,
1.0636793375015259,
1.063657283782959,
1.0625274181365967,
1.063573956489563,
1.0636159181594849,
1.0633035898208618,
1.0630481243133545,
1.062812328338623,
1.0614204406738281,
1.0624806880950928,
1.0623410940170288,
1.0622386932373047,
1.0621510744094849,
1.062011480331421,
1.0620100498199463,
1.0618577003479004,
1.0614769458770752,
1.0614888668060303,
1.0618345737457275,
1.0618106126785278,
1.0617427825927734,
1.06144118309021,
1.061369776725769,
1.0609312057495117,
1.06100332736969,
1.0609321594238281,
1.0612502098083496,
1.0612107515335083,
1.0611785650253296,
1.0612578392028809,
1.0610202550888062,
1.0611218214035034,
1.0610765218734741,
1.0607523918151855,
1.0603169202804565,
1.0599557161331177,
1.0597738027572632,
1.0597460269927979,
1.059351921081543,
1.059470295906067,
1.059484839439392,
1.0593795776367188,
1.0593398809432983,
1.057991862297058,
1.0587220191955566,
1.058891773223877,
1.0588197708129883,
1.0588616132736206,
1.0587886571884155,
1.0574413537979126,
1.0585180521011353,
1.0581032037734985,
1.0578491687774658,
1.0579391717910767,
1.058210015296936,
1.05808687210083,
1.0578725337982178,
1.0581063032150269,
1.0580394268035889,
1.0575788021087646,
1.0578465461730957,
1.0576962232589722,
1.0573899745941162,
1.057166576385498,
1.056943416595459,
1.0556827783584595,
1.0565848350524902,
1.0565227270126343,
1.056351900100708,
1.055890679359436,
1.056088924407959,
1.0559022426605225,
1.0555514097213745,
1.05561101436615,
1.0556252002716064,
1.0552114248275757,
1.0550185441970825,
1.0552252531051636,
1.054874062538147,
1.0549777746200562,
1.0547996759414673,
1.0545973777770996,
1.0547829866409302,
1.0545601844787598,
1.054640293121338,
1.0546793937683105,
1.0550317764282227,
1.0549184083938599,
1.0543646812438965,
1.0541133880615234,
1.0524803400039673,
1.0533329248428345,
1.0535930395126343,
1.0530354976654053,
1.0528346300125122,
1.0529899597167969,
1.0515775680541992,
1.0515097379684448,
1.051043152809143,
1.0488961935043335,
1.0502279996871948,
1.050004243850708,
1.050776481628418,
1.0500469207763672,
1.0498379468917847,
1.0497463941574097,
1.0496442317962646,
1.0494017601013184,
1.0494747161865234,
1.049057960510254,
1.048715591430664,
1.0488704442977905,
1.0486351251602173,
1.0489383935928345,
1.0483777523040771,
1.04869544506073,
1.0483745336532593,
1.0480321645736694,
1.0478724241256714,
1.0473599433898926,
1.047384262084961,
1.0467478036880493,
1.0465434789657593,
1.0466334819793701,
1.0459760427474976,
1.0456562042236328,
1.0456126928329468,
1.0453393459320068,
1.045291781425476,
1.0450891256332397,
1.0448378324508667,
1.0443755388259888,
1.0443609952926636,
1.0444153547286987,
1.0442938804626465,
1.0436482429504395,
1.0435274839401245,
1.0419806241989136,
1.0430516004562378,
1.0426305532455444,
1.0427380800247192,
1.0425264835357666,
1.0426239967346191,
1.0407334566116333,
1.0416760444641113,
1.0413695573806763,
1.0413414239883423,
1.0409785509109497,
1.0407472848892212,
1.0389600992202759,
1.0397270917892456,
1.0392965078353882,
1.0396324396133423,
1.0390188694000244,
1.0386422872543335,
1.0383965969085693,
1.0375897884368896,
1.0378557443618774,
1.0371549129486084,
1.0375593900680542,
1.0370395183563232,
1.0371313095092773,
1.0369473695755005,
1.0363285541534424,
1.035737156867981,
1.0356539487838745,
1.034944772720337,
1.0352545976638794,
1.0346693992614746,
1.034518837928772,
1.0346184968948364,
1.0341565608978271,
1.0341569185256958,
1.033887505531311,
1.0332462787628174,
1.032585859298706,
1.0321886539459229,
1.031675100326538,
1.0313819646835327,
1.0310654640197754,
1.0304415225982666,
1.030248999595642,
1.0297373533248901,
1.0298075675964355,
1.0289270877838135,
1.0283821821212769,
1.0282509326934814,
1.0277749300003052,
1.027612328529358,
1.026771068572998,
1.0265039205551147,
1.0255932807922363,
1.0258569717407227,
1.024972677230835,
1.0247787237167358,
1.0239983797073364,
1.0237255096435547,
1.022944450378418,
1.0228474140167236,
1.0227428674697876,
1.0223932266235352,
1.0215749740600586,
1.0209604501724243,
1.020676851272583,
1.0199803113937378,
1.0191309452056885,
1.0189086198806763,
1.01798415184021,
1.017180323600769,
1.0169901847839355,
1.01655912399292,
1.0158751010894775,
1.0154902935028076,
1.0145068168640137,
1.0128421783447266,
1.0135657787322998,
1.0129249095916748,
1.0121607780456543,
1.0118238925933838,
1.011033296585083,
1.009488582611084,
1.0096759796142578,
1.0093806982040405,
1.0079290866851807,
1.0079978704452515,
1.0070960521697998,
1.0051528215408325,
1.0059003829956055,
1.0048552751541138,
1.0042448043823242,
1.003480315208435,
1.0026625394821167,
1.002111554145813,
1.001597285270691,
1.000754475593567,
0.9996959567070007,
0.9992746114730835,
0.9982689619064331,
0.9977011680603027,
0.9965986609458923,
0.9959244728088379,
0.9951446056365967,
0.9941355586051941,
0.9931529760360718,
0.9925514459609985,
0.991685688495636,
0.9906101226806641,
0.9895083904266357,
0.9886023998260498,
0.9880428910255432,
0.9866557717323303,
0.9857772588729858,
0.9849242568016052,
0.9839358925819397,
0.9826887845993042,
0.9821321368217468,
0.980925440788269,
0.9797817468643188,
0.9790358543395996,
0.9776867032051086,
0.9767881035804749,
0.9756332039833069,
0.9746713042259216,
0.9721168279647827,
0.9725592136383057,
0.9714704751968384,
0.9697535037994385,
0.9689138531684875,
0.9681236743927002,
0.9671087265014648,
0.9656275510787964,
0.9645481705665588,
0.9633459448814392,
0.962316632270813,
0.9612945318222046,
0.9597415328025818,
0.9586190581321716,
0.957759439945221,
0.9565759301185608,
0.955341637134552,
0.9543158411979675,
0.9531593918800354,
0.9505330920219421,
0.9505791068077087,
0.9493178725242615,
0.9484074711799622,
0.946820855140686,
0.946134626865387,
0.9449132680892944,
0.9437987208366394,
0.9425864219665527,
0.9415385723114014,
0.9402121305465698,
0.9389760494232178,
0.9377365112304688,
0.9365285038948059,
0.9355613589286804,
0.9342569708824158,
0.9330148100852966,
0.9317910671234131,
0.9308273792266846,
0.9293730854988098,
0.9285358190536499,
0.9271800518035889,
0.9259727001190186,
0.9246144890785217,
0.9234161376953125,
0.9224121570587158,
0.9213457703590393,
0.9199954271316528,
0.9189630150794983,
0.9176095724105835,
0.9164405465126038,
0.9152854681015015,
0.9126317501068115,
0.9125692248344421,
0.9114292860031128,
0.9105517864227295,
0.9090963006019592,
0.9079346060752869,
0.9068635106086731,
0.9058400392532349,
0.9043859243392944,
0.9031705856323242,
0.9019578099250793,
0.9006727933883667,
0.8995346426963806,
0.897067129611969,
0.8969874382019043,
0.895707905292511,
0.8946085572242737,
0.8935414552688599,
0.8924762010574341,
0.8913412094116211,
0.8900116682052612,
0.8890497088432312,
0.88786381483078,
0.8867088556289673,
0.8853750824928284,
0.8843284249305725,
0.8820544481277466,
0.8820544481277466,
0.8820544481277466,
0.0,
0.0,
0.0,
0.0,
0.0,
0.0,
0.0,
0.0,
0.0,
0.0,
0.0,
0.0,
0.0,
0.0,
0.0,
0.0,
0.0,
0.0,
0.0,
0.0,
0.0,
0.0,
0.0,
0.0,
0.0,
0.0,
0.0,
0.0,
0.0,
0.0,
0.0,
0.0,
0.0,
0.0,
0.0,
0.0,
0.0,
0.0,
0.0,
0.0,
0.0,
0.0,
0.0,
0.0,
0.0,
0.0,
0.0,
0.0,
0.0,
0.0,
0.0,
0.0,
0.0,
0.0,
0.0,
0.0,
0.0,
0.0,
0.0,
0.0,
0.0,
0.0,
0.0,
0.0,
0.0,
0.0,
0.0,
0.0,
0.0,
0.0,
0.0,
0.0,
0.0,
0.0,
0.0,
0.0,
0.0,
0.0,
0.0,
0.0,
0.0,
0.0,
0.0,
0.0,
0.0,
0.0,
0.0,
0.0,
0.0,
0.0,
0.0,
0.0,
0.0,
0.0,
0.0,
0.0,
0.0,
0.0,
0.0,
0.0,
0.0,
0.0,
0.0,
0.0,
0.0,
0.0,
0.0,
0.0,
0.0,
0.0,
0.0,
0.0,
0.0,
0.0,
0.0,
0.0,
0.0,
0.0,
0.0,
0.0,
0.0,
0.0,
0.0,
0.0,
0.0,
0.0,
0.0,
0.0,
0.0,
0.0,
0.0,
0.0,
0.0,
0.0,
0.0,
0.0,
0.0,
0.0,
0.0,
0.0,
0.0,
0.0,
0.0,
0.0,
0.0,
0.0,
0.0,
0.0,
0.0,
0.0,
0.0,
0.0,
0.0,
0.0,
0.0,
0.0,
0.0,
0.0,
0.0,
0.0,
0.0,
0.0,
0.0,
0.0,
0.0,
0.0,
0.0,
0.0,
0.0,
0.0,
0.0,
0.0,
0.0,
0.0,
0.0,
0.0,
0.0,
0.0,
0.0,
0.0,
0.0,
0.0,
0.0,
0.0,
0.0,
0.0,
0.0,
0.0,
0.0,
0.0,
0.0,
0.0,
0.0,
0.0,
0.0,
0.0,
0.0,
0.0,
0.0,
0.0,
0.0,
0.0,
0.0,
0.0,
0.0,
0.0,
0.0,
0.0,
0.0,
0.0,
0.0,
0.0,
0.0,
0.0,
0.0,
0.0,
0.0,
0.0,
0.0,
0.0,
0.0,
0.0,
0.0,
0.0,
0.0,
0.0,
0.0,
0.0,
0.0,
0.0,
0.0,
0.0,
0.0,
0.0,
0.0,
0.0,
0.0,
0.0,
0.0,
0.0,
0.0,
0.0,
0.0,
0.0,
0.0,
0.0,
0.0,
0.0,
0.0,
0.0,
0.0,
0.0,
0.0,
0.0,
0.0,
0.0,
0.0,
0.0,
0.0,
0.0,
0.0,
0.0,
0.0,
0.0,
0.0,
0.0,
0.0,
0.0,
0.0,
0.0,
0.0,
0.0,
0.0,
0.0,
0.0,
0.0,
0.0,
0.0,
0.0,
0.0,
0.0,
0.0,
0.0,
0.0,
0.0,
0.0,
0.0,
0.0,
0.0,
0.0,
0.0,
0.0,
0.0,
0.0,
0.0,
0.0,
0.0,
0.0,
0.0,
0.0,
0.0,
0.0,
0.0,
0.0,
0.0,
0.0,
0.0,
0.0,
0.0,
0.0,
0.0,
0.0,
0.0,
0.0,
0.0,
0.0,
0.0,
0.0,
0.0,
0.0,
0.0,
0.0,
0.0,
0.0,
0.0,
0.0,
0.0,
0.0,
0.0,
0.0,
0.0,
0.0,
0.0,
0.0,
0.0,
0.0,
0.0,
0.0,
0.0,
0.0,
0.0,
0.0,
0.0,
0.0,
0.0,
0.0,
0.0,
0.0,
0.0,
0.0,
0.0,
0.0,
0.0,
0.0,
0.0,
0.0,
0.0,
0.0,
0.0,
0.0,
0.0,
0.0,
0.0,
0.0,
0.0,
0.0,
0.0,
0.0,
0.0,
0.0,
0.0,
0.0,
0.0,
0.0,
0.0,
0.0,
0.0,
0.0,
0.0,
0.0,
0.0,
0.0,
0.0,
0.0,
0.0,
0.0,
0.0,
0.0,
0.0,
0.0,
0.0,
0.0,
0.0,
0.0,
0.0,
0.0,
0.0,
0.0,
0.0,
0.0,
0.0,
0.0,
0.0,
0.0,
0.0,
0.0,
0.0,
0.0,
0.0,
0.0,
0.0,
0.0,
0.0,
0.0,
0.0,
0.0,
0.0,
0.0,
0.0,
0.0,
0.0,
0.0,
0.0,
0.0,
0.0,
0.0,
0.0,
0.0,
0.0,
0.0,
0.0,
0.0,
0.0,
0.0,
0.0,
0.0,
0.0,
0.0,
0.0,
0.0,
0.0,
0.0,
0.0,
0.0,
0.0,
0.0,
0.0,
0.0,
0.0,
0.0,
0.0,
0.0,
0.0,
0.0,
0.0,
0.0,
0.0,
0.0,
0.0,
0.0,
0.0,
0.0,
0.0,
0.0,
0.0,
0.0,
0.0,
0.0,
0.0,
0.0,
0.0,
0.0,
0.0,
0.0,
0.0,
0.0,
0.0,
0.0,
0.0,
0.0,
0.0,
0.0,
0.0,
0.0,
0.0,
0.0,
0.0,
0.0,
0.0,
0.0,
0.0,
0.0,
0.0,
0.0,
0.0,
0.0,
0.0,
0.0,
0.0,
0.0,
0.0,
0.0,
0.0,
0.0,
0.0,
0.0,
0.0,
0.0,
0.0,
0.0,
0.0,
0.0,
0.0,
0.0,
0.0,
0.0,
0.0,
0.0,
0.0,
0.0,
0.0,
0.0,
0.0,
0.0,
0.0,
0.0,
0.0,
0.0,
0.0,
0.0,
0.0,
0.0,
0.0,
0.0,
0.0,
0.0,
0.0,
0.0,
0.0,
0.0,
0.0,
0.0,
0.0,
0.0,
0.0,
0.0,
0.0,
0.0,
0.0,
0.0,
0.0,
0.0,
0.0,
0.0,
0.0,
0.0,
0.0,
0.0,
0.0,
0.0,
0.0,
0.0,
0.0,
0.0,
0.0,
0.0,
0.0,
0.0,
0.0,
0.0,
0.0,
0.0,
0.0,
0.0,
0.0,
0.0,
0.0,
0.0,
0.0,
0.0,
0.0,
0.0,
0.0,
0.0,
0.0,
0.0,
0.0,
0.0,
0.0,
0.0,
0.0,
0.0,
0.0,
0.0,
0.0,
0.0,
0.0,
0.0,
0.0,
0.0,
0.0,
0.0,
0.0,
0.0,
0.0,
0.0,
0.0,
0.0,
0.0,
0.0,
0.0,
0.0,
0.0,
0.0,
0.0,
0.0,
0.0,
0.0,
0.0,
0.0,
0.0,
0.0,
0.0,
0.0,
0.0,
0.0,
0.0,
0.0,
0.0,
0.0,
0.0,
0.0,
0.0,
0.0,
0.0,
0.0,
0.0,
0.0,
0.0,
0.0,
0.0,
0.0,
0.0,
0.0,
0.0,
0.0,
0.0,
0.0,
0.0,
0.0,
0.0,
0.0,
0.0,
0.0,
0.0,
0.0,
0.0,
0.0,
0.0,
0.0,
0.0,
0.0,
0.0,
0.0,
0.0,
0.0,
0.0,
0.0,
0.0,
0.0,
0.0,
0.0,
0.0,
0.0,
0.0,
0.0,
0.0,
0.0,
0.0,
0.0,
0.0,
0.0,
0.0,
0.0,
0.0,
0.0,
0.0,
0.0,
0.0,
0.0,
0.0,
0.0,
0.0,
0.0,
0.0,
0.0,
0.0,
0.0,
0.0,
0.0,
0.0,
0.0,
0.0,
0.0,
0.0,
0.0,
0.0,
0.0,
0.0,
0.0,
0.0,
0.0,
0.0,
0.0,
0.0,
0.0,
0.0,
0.0,
0.0,
0.0,
0.0,
0.0,
0.0,
0.0,
0.0,
0.0,
0.0,
0.0,
0.0,
0.0,
0.0,
0.0,
0.0,
0.0,
0.0,
0.0,
0.0,
0.0,
0.0,
0.0,
0.0,
0.0,
0.0,
0.0,
0.0,
0.0,
0.0,
0.0,
0.0,
0.0,
0.0,
0.0,
0.0,
0.0,
0.0,
0.0,
0.0,
0.0,
0.0,
0.0,
0.0,
0.0,
0.0,
0.0,
0.0,
0.0,
0.0,
0.0,
0.0,
0.0,
0.0,
0.0,
0.0,
0.0,
0.0,
0.0,
0.0,
0.0,
0.0,
0.0,
0.0,
0.0,
0.0,
0.0,
0.0,
0.0,
0.0,
0.0,
0.0,
0.0,
0.0,
0.0,
0.0,
0.0,
0.0,
0.0,
0.0,
0.0,
0.0,
0.0,
0.0,
0.0,
0.0,
0.0,
0.0,
0.0,
0.0,
0.0,
0.0,
0.0,
0.0,
0.0,
0.0,
0.0,
0.0,
0.0,
0.0,
0.0,
0.0,
0.0,
0.0,
0.0,
0.0,
0.0,
0.0,
0.0,
0.0,
0.0,
0.0,
0.0,
0.0,
0.0,
0.0,
0.0,
0.0,
0.0,
0.0,
0.0,
0.0,
0.0,
0.0,
0.0,
0.0,
0.0,
0.0,
0.0,
0.0,
0.0,
0.0,
0.0,
0.0,
0.0,
0.0,
0.0,
0.0,
0.0,
0.0,
0.0,
0.0,
0.0,
0.0,
0.0,
0.0,
0.0,
0.0,
0.0,
0.0,
0.0,
0.0,
0.0,
0.0,
0.0,
0.0,
0.0,
0.0,
0.0,
0.0,
0.0,
0.0,
0.0,
0.0,
0.0,
0.0,
0.0,
0.0,
0.0,
0.0,
0.0,
0.0,
0.0,
0.0,
0.0,
0.0,
0.0,
0.0,
0.0,
0.0,
0.0,
0.0,
0.0,
0.0,
0.0,
0.0,
0.0,
0.0,
0.0,
0.0,
0.0,
0.0,
0.0,
0.0,
0.0,
0.0,
0.0,
0.0,
0.0,
0.0,
0.0,
0.0,
0.0,
0.0,
0.0,
0.0,
0.0,
0.0,
0.0,
0.0,
0.0,
0.0,
0.0,
0.0,
0.0,
0.0,
0.0,
0.0,
0.0,
0.0,
0.0,
0.0,
0.0,
0.0,
0.0,
0.0,
0.0,
0.0,
0.0,
0.0,
0.0,
0.0,
0.0,
0.0,
0.0,
0.0,
0.0,
0.0,
0.0,
0.0,
0.0,
0.0,
0.0,
0.0,
0.0,
0.0,
0.0,
0.0,
0.0,
0.0,
0.0,
0.0,
0.0,
0.0,
0.0,
0.0,
0.0,
0.0,
0.0,
0.0,
0.0,
0.0,
0.0,
0.0,
0.0,
0.0,
0.0,
0.0,
0.0,
0.0,
0.0,
0.0,
0.0,
0.0,
0.0,
0.0,
0.0,
0.0,
0.0,
0.0,
0.0,
0.0,
0.0,
0.0,
0.0,
0.0,
0.0,
0.0,
0.0,
0.0,
0.0,
0.0,
0.0,
0.0,
0.0,
0.0,
0.0,
0.0,
0.0,
0.0,
0.0,
0.0,
0.0,
0.0,
0.0,
0.0,
0.0,
0.0,
0.0,
0.0,
0.0,
0.0,
0.0,
0.0,
0.0,
0.0,
0.0,
0.0,
0.0,
0.0,
0.0,
0.0,
0.0,
0.0,
0.0,
0.0,
0.0,
0.0,
0.0,
0.0,
0.0,
0.0,
0.0,
0.0,
0.0,
0.0,
0.0,
0.0,
0.0,
0.0,
0.0,
0.0,
0.0,
0.0,
0.0,
0.0,
0.0,
0.0,
0.0,
0.0,
0.0,
0.0,
0.0,
0.0,
0.0,
0.0,
0.0,
0.0,
0.0,
0.0,
0.0,
0.0,
0.0,
0.0,
0.0,
0.0,
0.0,
0.0,
0.0,
0.0,
0.0,
0.0,
0.0,
0.0,
0.0,
0.0,
0.0,
0.0,
0.0,
0.0,
0.0,
0.0,
0.0,
0.0,
0.0,
0.0,
0.0,
0.0,
0.0,
0.0,
0.0,
0.0,
0.0,
0.0,
0.0,
0.0,
0.0,
0.0,
0.0,
0.0,
0.0,
0.0,
0.0,
0.0,
0.0,
0.0,
0.0,
0.0,
0.0,
0.0,
0.0,
0.0,
0.0,
0.0,
0.0,
0.0,
0.0,
0.0,
0.0,
0.0,
0.0,
0.0,
0.0,
0.0,
0.0,
0.0,
0.0,
0.0,
0.0,
0.0,
0.0,
0.0,
0.0,
0.0,
0.0,
0.0,
0.0,
0.0,
0.0,
0.0,
0.0,
0.0,
0.0,
0.0,
0.0,
0.0,
0.0,
0.0,
0.0,
0.0,
0.0,
0.0,
0.0,
0.0,
0.0,
0.0,
0.0,
0.0,
0.0,
0.0,
0.0,
0.0,
0.0,
0.0,
0.0,
0.0,
0.0,
0.0,
0.0,
0.0,
0.0,
0.0,
0.0,
0.0,
0.0,
0.0,
0.0,
0.0,
0.0,
0.0,
0.0,
0.0,
0.0,
0.0,
0.0,
0.0,
0.0,
0.0,
0.0,
0.0,
0.0,
0.0,
0.0,
0.0,
0.0,
0.0,
0.0,
0.0,
0.0,
0.0,
0.0,
0.0,
0.0,
0.0,
0.0,
0.0,
0.0,
0.0,
0.0,
0.0,
0.0,
0.0,
0.0,
0.0,
0.0,
0.0,
0.0,
0.0,
0.0,
0.0,
0.0,
0.0,
0.0,
0.0,
0.0,
0.0,
0.0,
0.0,
0.0,
0.0,
0.0,
0.0,
0.0,
0.0,
0.0,
0.0,
0.0,
0.0,
0.0,
0.0,
0.0,
0.0,
0.0,
0.0,
0.0,
0.0,
0.0,
0.0,
0.0,
0.0,
0.0,
0.0,
0.0,
0.0,
0.0,
0.0,
0.0,
0.0,
0.0,
0.0,
0.0,
0.0,
0.0,
0.0,
0.0,
0.0,
0.0,
0.0,
0.0,
0.0,
0.0,
0.0,
0.0,
0.0,
0.0,
0.0,
0.0,
0.0,
0.0,
0.0,
0.0,
0.0,
0.0,
0.0,
0.0,
0.0,
0.0,
0.0,
0.0,
0.0,
0.0,
0.0,
0.0,
0.0,
0.0,
0.0,
0.0,
0.0,
0.0,
0.0,
0.0,
0.0,
0.0,
0.0,
0.0,
0.0,
0.0,
0.0,
0.0,
0.0,
0.0,
0.0,
0.0,
0.0,
0.0,
0.0,
0.0,
0.0,
0.0,
0.0,
0.0,
0.0,
0.0,
0.0,
0.0,
0.0,
0.0,
0.0,
0.0,
0.0,
0.0,
0.0,
0.0,
0.0,
0.0,
0.0,
0.0,
0.0,
0.0,
0.0,
0.0,
0.0,
0.0,
0.0,
0.0,
0.0,
0.0,
0.0,
0.0,
0.0,
0.0,
0.0,
0.0,
0.0,
0.0,
0.0,
0.0,
0.0,
0.0,
0.0,
0.0,
0.0,
0.0,
0.0,
0.0,
0.0,
0.0,
0.0,
0.0,
0.0,
0.0,
0.0,
0.0,
0.0,
0.0,
0.0,
0.0,
0.0,
0.0,
0.0,
0.0,
0.0,
0.0,
0.0,
0.0,
0.0,
0.0,
0.0,
0.0,
0.0,
0.0,
0.0,
0.0,
0.0,
0.0,
0.0,
0.0,
0.0,
0.0,
0.0,
0.0,
0.0,
0.0,
0.0,
0.0,
0.0,
0.0,
0.0,
0.0,
0.0,
0.0,
0.0,
0.0,
0.0,
0.0,
0.0,
0.0,
0.0,
0.0,
0.0,
0.0,
0.0,
0.0,
0.0,
0.0,
0.0,
0.0,
0.0,
0.0,
0.0,
0.0,
0.0,
0.0,
0.0,
0.0,
0.0,
0.0,
0.0,
0.0,
0.0,
0.0,
0.0,
0.0,
0.0,
0.0,
0.0,
0.0,
0.0,
0.0,
0.0,
0.0,
0.0,
0.0,
0.0,
0.0,
0.0,
0.0,
0.0,
0.0,
0.0,
0.0,
0.0,
0.0,
0.0,
0.0,
0.0,
0.0,
0.0,
0.0,
0.0,
0.0,
0.0,
0.0,
0.0,
0.0,
0.0,
0.0,
0.0,
0.0,
0.0,
0.0,
0.0,
0.0,
0.0,
0.0,
0.0,
0.0,
0.0,
0.0,
0.0,
0.0,
0.0,
0.0,
0.0,
0.0,
0.0,
0.0,
0.0,
0.0,
0.0,
0.0,
0.0,
0.0,
0.0,
0.0,
0.0,
0.0,
0.0,
0.0,
0.0,
0.0,
0.0,
0.0,
0.0,
0.0,
0.0,
0.0,
0.0,
0.0,
0.0,
0.0,
0.0,
0.0,
0.0,
0.0,
0.0,
0.0,
0.0,
0.0,
0.0,
0.0,
0.0,
0.0,
0.0,
0.0,
0.0,
0.0,
0.0,
0.0,
0.0,
0.0,
0.0,
0.0,
0.0,
