1.0499999523162842,
1.0797228813171387,
1.081228256225586,
1.081993818283081,
1.082730770111084,
1.0831120014190674,
1.083549976348877,
1.0837905406951904,
1.0840377807617188,
1.0843077898025513,
1.0843241214752197,
1.0841460227966309,
1.0801494121551514,
1.0828357934951782,
1.0833995342254639,
1.0839369297027588,
1.0842366218566895,
1.0844987630844116,
1.0845997333526611,
1.0849101543426514,
1.0849815607070923,
1.0850783586502075,
1.0852121114730835,
1.0853114128112793,
1.0854828357696533,
1.085553765296936,
1.0855597257614136,
1.0854679346084595,
1.085415244102478,
1.085453748703003,
1.0854599475860596,
1.0854310989379883,
1.0853694677352905,
1.0853970050811768,
1.0854613780975342,
1.0853620767593384,
1.0854148864746094,
1.0854114294052124,
1.0853825807571411,
1.085463523864746,
1.0854843854904175,
1.0855337381362915,
1.085561752319336,
1.0855669975280762,
1.0855332612991333,
1.0855767726898193,
1.085610270500183,
1.0856651067733765,
1.0857081413269043,
1.085785984992981,
1.0856825113296509,
1.0858118534088135,
1.0857023000717163,
1.085719347000122,
1.0856462717056274,
1.085573434829712,
1.0854634046554565,
1.0854337215423584,
1.0854167938232422,
1.0853404998779297,
1.085304856300354,
1.0853259563446045,
1.085257649421692,
1.085367202758789,
1.0857759714126587,
1.0859882831573486,
1.086183786392212,
1.086253046989441,
1.0860979557037354,
1.0853185653686523,
1.0854003429412842,
1.0853723287582397,
1.085425853729248,
1.0853948593139648,
1.0854065418243408,
1.0854642391204834,
1.0854347944259644,
1.0854253768920898,
1.0853767395019531,
1.0853025913238525,
1.085239291191101,
1.0851960182189941,
1.0851202011108398,
1.0850787162780762,
1.0850545167922974,
1.0850168466567993,
1.0849570035934448,
1.0848925113677979,
1.0848627090454102,
1.084863305091858,
1.0847851037979126,
1.0848443508148193,
1.0847694873809814,
1.0847469568252563,
1.084762692451477,
1.0847681760787964,
1.0848276615142822,
1.084773063659668,
1.0847649574279785,
1.0847498178482056,
1.0846678018569946,
1.0846565961837769,
1.0846377611160278,
1.084633469581604,
1.0846103429794312,
1.0845870971679688,
1.0845556259155273,
1.0845712423324585,
1.084583044052124,
1.0844593048095703,
1.084399700164795,
1.0843788385391235,
1.0843291282653809,
1.0842853784561157,
1.0842176675796509,
1.084214210510254,
1.0841978788375854,
1.0841209888458252,
1.0841068029403687,
1.084067702293396,
1.0839565992355347,
1.0839577913284302,
1.0840232372283936,
1.084021806716919,
1.0840709209442139,
1.0841307640075684,
1.0840877294540405,
1.083991527557373,
1.083911418914795,
1.08391535282135,
1.0839842557907104,
1.083945393562317,
1.0839751958847046,
1.0840867757797241,
1.0840100049972534,
1.0840061902999878,
1.0838347673416138,
1.0837883949279785,
1.0837196111679077,
1.0836220979690552,
1.0835580825805664,
1.083566427230835,
1.083499550819397,
1.0834475755691528,
1.0833632946014404,
1.0833584070205688,
1.0832263231277466,
1.0831798315048218,
1.0831159353256226,
1.0831795930862427,
1.0831208229064941,
1.0831756591796875,
1.0831745862960815,
1.0831855535507202,
1.0829951763153076,
1.0829120874404907,
1.0828561782836914,
1.0828874111175537,
1.0828584432601929,
1.0828090906143188,
1.0827598571777344,
1.0827730894088745,
1.0828105211257935,
1.0828659534454346,
1.0828492641448975,
1.0827772617340088,
1.0827953815460205,
1.0827382802963257,
1.082669734954834,
1.0826462507247925,
1.08253812789917,
1.0824514627456665,
1.08236825466156,
1.0823198556900024,
1.0822683572769165,
1.082403540611267,
1.0825179815292358,
1.0825117826461792,
1.0824127197265625,
1.0822315216064453,
1.0821455717086792,
1.0820292234420776,
1.0821423530578613,
1.0822997093200684,
1.0823860168457031,
1.082353949546814,
1.0823928117752075,
1.0823993682861328,
1.0822458267211914,
1.0821629762649536,
1.0818873643875122,
1.08193838596344,
1.0819164514541626,
1.0818630456924438,
1.0817890167236328,
1.0817359685897827,
1.081691861152649,
1.081576943397522,
1.0815356969833374,
1.081484317779541,
1.0814088582992554,
1.0814176797866821,
1.0814677476882935,
1.081641435623169,
1.081747055053711,
1.0816164016723633,
1.0813930034637451,
1.0812212228775024,
1.0811395645141602,
1.081193208694458,
1.0814465284347534,
1.0816115140914917,
1.0817044973373413,
1.0817196369171143,
1.0816904306411743,
1.0816349983215332,
1.081459403038025,
1.0812286138534546,
1.0809273719787598,
1.0809674263000488,
1.080873966217041,
1.0808076858520508,
1.080763816833496,
1.0806946754455566,
1.080641269683838,
1.0805442333221436,
1.0804879665374756,
1.0804579257965088,
1.080558180809021,
1.0805447101593018,
1.0806819200515747,
1.0808260440826416,
1.0806773900985718,
1.080448031425476,
1.0802669525146484,
1.0802946090698242,
1.0801291465759277,
1.0802127122879028,
1.080337405204773,
1.0803714990615845,
1.080435037612915,
1.0804122686386108,
1.080329179763794,
1.080261468887329,
1.0801409482955933,
1.0798656940460205,
1.0798571109771729,
1.0798211097717285,
1.0797673463821411,
1.0796899795532227,
1.0796570777893066,
1.079541563987732,
1.0795009136199951,
1.0794427394866943,
1.0794765949249268,
1.0794626474380493,
1.0794717073440552,
1.0795104503631592,
1.0796456336975098,
1.079644799232483,
1.0794697999954224,
1.0792720317840576,
1.0791957378387451,
1.0790919065475464,
1.0791469812393188,
1.079289436340332,
1.079413652420044,
1.0794321298599243,
1.0794496536254883,
1.079408049583435,
1.0793540477752686,
1.0793393850326538,
1.0790388584136963,
1.0789319276809692,
1.0789088010787964,
1.0788220167160034,
1.0787451267242432,
1.078708529472351,
1.078676700592041,
1.0786194801330566,
1.0785588026046753,
1.0784521102905273,
1.0784313678741455,
1.0783804655075073,
1.0783957242965698,
1.078461766242981,
1.0785362720489502,
1.078377604484558,
1.0783181190490723,
1.0783429145812988,
1.0781974792480469,
1.0781515836715698,
1.078238844871521,
1.0783249139785767,
1.0784034729003906,
1.0784884691238403,
1.0785077810287476,
1.0785201787948608,
1.078537106513977,
1.0783056020736694,
1.0779893398284912,
1.077798843383789,
1.0777196884155273,
1.0776550769805908,
1.0776104927062988,
1.0775301456451416,
1.0774966478347778,
1.0774319171905518,
1.0774405002593994,
1.0773252248764038,
1.077330470085144,
1.0772665739059448,
1.077322244644165,
1.0772751569747925,
1.0772712230682373,
1.077345609664917,
1.0773130655288696,
1.0772919654846191,
1.0770893096923828,
1.077052354812622,
1.0771217346191406,
1.0771368741989136,
1.0771629810333252,
1.0771496295928955,
1.0770858526229858,
1.0771113634109497,
1.0771055221557617,
1.0768122673034668,
1.0768718719482422,
1.0768789052963257,
1.076785683631897,
1.07667076587677,
1.0766780376434326,
1.076675295829773,
1.076589584350586,
1.0765490531921387,
1.076464056968689,
1.0764145851135254,
1.0764247179031372,
1.0770514011383057,
1.0774495601654053,
1.0775964260101318,
1.077514886856079,
1.0774204730987549,
1.0774122476577759,
1.077368974685669,
1.0775622129440308,
1.0778348445892334,
1.0780154466629028,
1.0781935453414917,
1.0782865285873413,
1.078291416168213,
1.0783143043518066,
1.0783332586288452,
1.0780181884765625,
1.0776742696762085,
1.077376127243042,
1.0771856307983398,
1.0770206451416016,
1.0769716501235962,
1.0768351554870605,
1.0768147706985474,
1.0767529010772705,
1.0767064094543457,
1.0766936540603638,
1.076614260673523,
1.076587438583374,
1.076680302619934,
1.0766545534133911,
1.0765345096588135,
1.0764299631118774,
1.076326608657837,
1.0762302875518799,
1.0762792825698853,
1.0764942169189453,
1.0766539573669434,
1.0768113136291504,
1.0768532752990723,
1.0769153833389282,
1.076925277709961,
1.0770177841186523,
1.0768487453460693,
1.076537013053894,
1.076308250427246,
1.0761175155639648,
1.0759371519088745,
1.0758693218231201,
1.0757665634155273,
1.075692892074585,
1.0756983757019043,
1.075653314590454,
1.0756763219833374,
1.075639247894287,
1.0755846500396729,
1.0756654739379883,
1.0757906436920166,
1.0756688117980957,
1.0755125284194946,
1.0753624439239502,
1.075234293937683,
1.075168251991272,
1.0753532648086548,
1.0755324363708496,
1.0757182836532593,
1.0758064985275269,
1.0757982730865479,
1.0758308172225952,
1.0758442878723145,
1.0757962465286255,
1.0755034685134888,
1.0752533674240112,
1.0750072002410889,
1.074868083000183,
1.0747520923614502,
1.0746887922286987,
1.0746147632598877,
1.0745553970336914,
1.0745457410812378,
1.0745339393615723,
1.0745197534561157,
1.0745418071746826,
1.0745782852172852,
1.0746568441390991,
1.0746610164642334,
1.0745052099227905,
1.0743060111999512,
1.0741490125656128,
1.0740281343460083,
1.0740621089935303,
1.0742994546890259,
1.0744506120681763,
1.0744389295578003,
1.0745679140090942,
1.0745600461959839,
1.0745476484298706,
1.0744751691818237,
1.07429039478302,
1.073957920074463,
1.0737435817718506,
1.0735909938812256,
1.0734739303588867,
1.0734398365020752,
1.073097825050354,
1.0733006000518799,
1.0732823610305786,
1.0732311010360718,
1.0732306241989136,
1.0732221603393555,
1.073224425315857,
1.0733612775802612,
1.073374629020691,
1.0732111930847168,
1.0730406045913696,
1.0729457139968872,
1.072822093963623,
1.0728003978729248,
1.0728793144226074,
1.073007345199585,
1.0730310678482056,
1.0732091665267944,
1.0731172561645508,
1.0731091499328613,
1.0730400085449219,
1.0730141401290894,
1.072736382484436,
1.0725197792053223,
1.07236909866333,
1.0722308158874512,
1.0721486806869507,
1.0720573663711548,
1.0720305442810059,
1.072000503540039,
1.0719175338745117,
1.0718560218811035,
1.071772575378418,
1.0717462301254272,
1.0717498064041138,
1.0716352462768555,
1.0716394186019897,
1.0715789794921875,
1.071494221687317,
1.0714242458343506,
1.0713629722595215,
1.0715680122375488,
1.071813702583313,
1.072033166885376,
1.0721149444580078,
1.0722174644470215,
1.0722312927246094,
1.072290301322937,
1.0722848176956177,
1.071974515914917,
1.0716251134872437,
1.0713266134262085,
1.0711153745651245,
1.0710229873657227,
1.0708991289138794,
1.0706998109817505,
1.0704383850097656,
1.0690076351165771,
1.0661081075668335,
1.0704532861709595,
1.0681568384170532,
1.0691771507263184,
1.0690327882766724,
1.0690388679504395,
1.0690488815307617,
1.0690631866455078,
1.0690979957580566,
1.0690771341323853,
1.0688886642456055,
1.0688984394073486,
1.0690065622329712,
1.06903076171875,
1.0690925121307373,
1.0691242218017578,
1.0692280530929565,
1.0691629648208618,
1.0691237449645996,
1.0688432455062866,
1.0685548782348633,
1.0683870315551758,
1.068351149559021,
1.0682809352874756,
1.0682194232940674,
1.0681629180908203,
1.068124532699585,
1.0680503845214844,
1.0679786205291748,
1.0679473876953125,
1.0679349899291992,
1.0679759979248047,
1.0679833889007568,
1.0679105520248413,
1.0677751302719116,
1.0677193403244019,
1.0676482915878296,
1.0675859451293945,
1.0675685405731201,
1.0676757097244263,
1.067779541015625,
1.0677529573440552,
1.0677735805511475,
1.0677402019500732,
1.067683458328247,
1.0675990581512451,
1.0674046277999878,
1.067173719406128,
1.067191481590271,
1.0672110319137573,
1.0671579837799072,
1.0670324563980103,
1.0669584274291992,
1.0669022798538208,
1.0668035745620728,
1.0667052268981934,
1.0666617155075073,
1.0666210651397705,
1.06658935546875,
1.0666052103042603,
1.0666714906692505,
1.0665203332901,
1.0665112733840942,
1.0664585828781128,
1.0664399862289429,
1.0662081241607666,
1.066333293914795,
1.0664775371551514,
1.0666141510009766,
1.0666862726211548,
1.0667041540145874,
1.0666676759719849,
1.06668221950531,
1.0666613578796387,
1.066298484802246,
1.0659221410751343,
1.065964698791504,
1.0658206939697266,
1.0657329559326172,
1.0656050443649292,
1.0655385255813599,
1.0654866695404053,
1.0654666423797607,
1.0653852224349976,
1.065367341041565,
1.0650296211242676,
1.0652369260787964,
1.0652375221252441,
1.0652450323104858,
1.065175175666809,
1.0651843547821045,
1.0651767253875732,
1.065040946006775,
1.0649785995483398,
1.0650134086608887,
1.0651648044586182,
1.064897060394287,
1.0652254819869995,
1.0651878118515015,
1.065151333808899,
1.0650840997695923,
1.064913272857666,
1.0646394491195679,
1.0646367073059082,
1.0645945072174072,
1.0643939971923828,
1.0643892288208008,
1.0644413232803345,
1.0643705129623413,
1.0643855333328247,
1.0642904043197632,
1.0634801387786865,
1.0640864372253418,
1.064072847366333,
1.0639480352401733,
1.063975214958191,
1.063890814781189,
1.0640510320663452,
1.0639034509658813,
1.063853144645691,
1.0637401342391968,
1.0636279582977295,
1.0635828971862793,
1.0636693239212036,
1.0636249780654907,
1.0635550022125244,
1.0633474588394165,
1.063247799873352,
1.063390851020813,
1.0634875297546387,
1.0633432865142822,
1.0632768869400024,
1.0632435083389282,
1.0631935596466064,
1.0631635189056396,
1.0631234645843506,
1.06304132938385,
1.0629972219467163,
1.0629018545150757,
1.0628215074539185,
1.0627861022949219,
1.0626938343048096,
1.0624690055847168,
1.0626063346862793,
1.0626072883605957,
1.062640905380249,
1.0624455213546753,
1.0625836849212646,
1.0623401403427124,
1.0623375177383423,
1.0624065399169922,
1.0624244213104248,
1.062388300895691,
1.0621463060379028,
1.0622060298919678,
1.0620601177215576,
1.0618270635604858,
1.0619438886642456,
1.0619981288909912,
1.0619215965270996,
1.0620112419128418,
1.0619562864303589,
1.0619133710861206,
1.06183660030365,
1.0617914199829102,
1.0617690086364746,
1.061685562133789,
1.061608910560608,
1.0615633726119995,
1.061445951461792,
1.0610990524291992,
1.0614055395126343,
1.0612525939941406,
1.0614374876022339,
1.0613569021224976,
1.0612006187438965,
1.061017394065857,
1.0609924793243408,
1.0610212087631226,
1.060875654220581,
1.060950517654419,
1.0608768463134766,
1.0607830286026,
1.0607835054397583,
1.0606400966644287,
1.060794472694397,
1.060591459274292,
1.0605692863464355,
1.0607073307037354,
1.0606595277786255,
1.0605428218841553,
1.0605207681655884,
1.0602680444717407,
1.060107946395874,
1.0602526664733887,
1.0602220296859741,
1.0601773262023926,
1.0601342916488647,
1.0601204633712769,
1.0601251125335693,
1.0596723556518555,
1.059949517250061,
1.0599783658981323,
1.0597320795059204,
1.059585690498352,
1.0593928098678589,
1.0595450401306152,
1.0595941543579102,
1.0594494342803955,
1.0595437288284302,
1.0594956874847412,
1.059112310409546,
1.059350848197937,
1.0592752695083618,
1.0593609809875488,
1.0587605237960815,
1.0591474771499634,
1.0589823722839355,
1.0588963031768799,
1.0592436790466309,
1.0589332580566406,
1.0592765808105469,
1.0594481229782104,
1.0591185092926025,
1.0592368841171265,
1.0593687295913696,
1.0592480897903442,
1.059280276298523,
1.0592432022094727,
1.0591048002243042,
1.0589253902435303,
1.0590013265609741,
1.059258222579956,
1.0587748289108276,
1.0592294931411743,
1.0595014095306396,
1.0593106746673584,
1.0598613023757935,
1.0599169731140137,
1.059483289718628,
1.0591188669204712,
1.0589969158172607,
1.0584673881530762,
1.0580350160598755,
1.057927131652832,
1.0581071376800537,
1.0578417778015137,
1.0575777292251587,
1.0577149391174316,
1.057819128036499,
1.0571497678756714,
1.0576733350753784,
1.0572580099105835,
1.0575182437896729,
1.0575041770935059,
1.0575121641159058,
1.0574004650115967,
1.0571939945220947,
1.0573276281356812,
1.0574959516525269,
1.0576410293579102,
1.0577280521392822,
1.0574092864990234,
1.0577856302261353,
1.0578224658966064,
1.057618260383606,
1.0573266744613647,
1.0576304197311401,
1.0567986965179443,
1.0570127964019775,
1.0564918518066406,
1.056576132774353,
1.0565199851989746,
1.0561953783035278,
1.0563796758651733,
1.0563592910766602,
1.0560247898101807,
1.0561455488204956,
1.0561436414718628,
1.055959701538086,
1.0560282468795776,
1.0559742450714111,
1.0556288957595825,
1.0555078983306885,
1.0554980039596558,
1.055609941482544,
1.0555787086486816,
1.055692434310913,
1.0559169054031372,
1.0557481050491333,
1.0559760332107544,
1.0559966564178467,
1.0560803413391113,
1.0554994344711304,
1.0558160543441772,
1.055601716041565,
1.0554288625717163,
1.0548046827316284,
1.0551018714904785,
1.0550012588500977,
1.0543925762176514,
1.0547505617141724,
1.0546176433563232,
1.054685354232788,
1.0541331768035889,
1.0545591115951538,
1.0544532537460327,
1.0544930696487427,
1.0544267892837524,
1.0540313720703125,
1.0539931058883667,
1.0541330575942993,
1.0537279844284058,
1.0536476373672485,
1.0536198616027832,
1.0536465644836426,
1.054017186164856,
1.0536134243011475,
1.0537493228912354,
1.0535845756530762,
1.0538671016693115,
1.0539147853851318,
1.0538861751556396,
1.0535014867782593,
1.0529766082763672,
1.0529459714889526,
1.052866816520691,
1.052624225616455,
1.0525221824645996,
1.052801489830017,
1.0522602796554565,
1.0524096488952637,
1.0518550872802734,
1.0520027875900269,
1.0522232055664062,
1.0519092082977295,
1.0518088340759277,
1.0519460439682007,
1.05211341381073,
1.0521061420440674,
1.052006721496582,
1.0519459247589111,
1.0513838529586792,
1.051400899887085,
1.0514262914657593,
1.0515856742858887,
1.0517715215682983,
1.0518616437911987,
1.0513805150985718,
1.0514906644821167,
1.051576018333435,
1.0514729022979736,
1.0506021976470947,
1.050782561302185,
1.0504646301269531,
1.0508980751037598,
1.0506185293197632,
1.0502879619598389,
1.0500093698501587,
1.050642490386963,
1.0505993366241455,
1.050557255744934,
1.0502737760543823,
1.0504070520401,
1.049419641494751,
1.0500942468643188,
1.0501623153686523,
1.0500227212905884,
1.0492287874221802,
1.049479603767395,
1.049857497215271,
1.0495473146438599,
1.0500504970550537,
1.0497727394104004,
1.0497702360153198,
1.0503101348876953,
1.049765706062317,
1.0497844219207764,
1.045557975769043,
1.0466701984405518,
1.0476001501083374,
1.0477731227874756,
1.0479713678359985,
1.047967553138733,
1.0476853847503662,
1.0480777025222778,
1.0480506420135498,
1.0480725765228271,
1.0476090908050537,
1.047746181488037,
1.0473991632461548,
1.0466876029968262,
1.0475801229476929,
1.0477087497711182,
1.0477890968322754,
1.0475027561187744,
1.0478030443191528,
1.0476058721542358,
1.0479999780654907,
1.0479706525802612,
1.0480656623840332,
1.047960877418518,
1.0471594333648682,
1.0471389293670654,
1.0467441082000732,
1.0468796491622925,
1.0464485883712769,
1.0464725494384766,
1.0461277961730957,
1.0460423231124878,
1.0458650588989258,
1.0461751222610474,
1.0461732149124146,
1.046295166015625,
1.0455814599990845,
1.0459351539611816,
1.046022891998291,
1.046076774597168,
1.0453715324401855,
1.0453717708587646,
1.0457135438919067,
1.0452684164047241,
1.0456435680389404,
1.0458961725234985,
1.046069860458374,
1.046149492263794,
1.0459688901901245,
1.0461746454238892,
1.045615315437317,
1.045625925064087,
1.0452347993850708,
1.0448004007339478,
1.04469895362854,
1.0440914630889893,
1.0440611839294434,
1.0441653728485107,
1.0438952445983887,
1.0438045263290405,
1.0442891120910645,
1.044006586074829,
1.0436362028121948,
1.044217586517334,
1.0434662103652954,
1.0413920879364014,
1.0416315793991089,
1.0426244735717773,
1.0411051511764526,
1.0411512851715088,
1.0431900024414062,
1.040691614151001,
1.0409451723098755,
1.0429487228393555,
1.0408862829208374,
1.040825366973877,
1.0410795211791992,
1.0413861274719238,
1.0402777194976807,
1.040456771850586,
1.0421056747436523,
1.0401500463485718,
1.0397188663482666,
1.0410135984420776,
1.0392117500305176,
1.039093017578125,
1.0389198064804077,
1.0393893718719482,
1.0387063026428223,
1.0379866361618042,
1.0390880107879639,
1.0380113124847412,
1.0375137329101562,
1.037524700164795,
1.0377055406570435,
1.037783145904541,
1.0387517213821411,
1.0383456945419312,
1.038092851638794,
1.0386689901351929,
1.038424015045166,
1.037432074546814,
1.0373765230178833,
1.0383124351501465,
1.0375423431396484,
1.036569356918335,
1.0374397039413452,
1.0381298065185547,
1.0365290641784668,
1.03615403175354,
1.0384743213653564,
1.0366871356964111,
1.0351158380508423,
1.0358374118804932,
1.0353648662567139,
1.0351468324661255,
1.0354654788970947,
1.0361034870147705,
1.0345700979232788,
1.0350955724716187,
1.0367213487625122,
1.0346524715423584,
1.0339092016220093,
1.0346184968948364,
1.0341966152191162,
1.0337811708450317,
1.0337777137756348,
1.0345382690429688,
1.033381462097168,
1.0339255332946777,
1.0350701808929443,
1.0337004661560059,
1.03278386592865,
1.0332306623458862,
1.032973051071167,
1.0326169729232788,
1.031977891921997,
1.0332725048065186,
1.0316426753997803,
1.0314797163009644,
1.0314873456954956,
1.0306302309036255,
1.0312117338180542,
1.0312349796295166,
1.0317697525024414,
1.030691385269165,
1.0319761037826538,
1.0318506956100464,
1.0313855409622192,
1.031297206878662,
1.0309410095214844,
1.0312254428863525,
1.0305529832839966,
1.0302026271820068,
1.0304523706436157,
1.0302528142929077,
1.029549241065979,
1.0299012660980225,
1.0295108556747437,
1.0293725728988647,
1.0294520854949951,
1.0289009809494019,
1.0282081365585327,
1.0287481546401978,
1.0287240743637085,
1.0288498401641846,
1.0282572507858276,
1.0279512405395508,
1.027732491493225,
1.0275682210922241,
1.027493953704834,
1.0276947021484375,
1.027435064315796,
1.0270988941192627,
1.0267224311828613,
1.0267564058303833,
1.0265884399414062,
1.0261985063552856,
1.025403618812561,
1.0256136655807495,
1.0257939100265503,
1.0253113508224487,
1.0256543159484863,
1.0255353450775146,
1.024581789970398,
1.0252019166946411,
1.0245720148086548,
1.024535894393921,
1.0241976976394653,
1.0236692428588867,
1.0236772298812866,
1.0236802101135254,
1.0232585668563843,
1.0237314701080322,
1.0236163139343262,
1.0232850313186646,
1.0228227376937866,
1.0228791236877441,
1.0225528478622437,
1.0218831300735474,
1.0224628448486328,
1.0216624736785889,
1.021574854850769,
1.0210227966308594,
1.0215305089950562,
1.0206646919250488,
1.0207899808883667,
1.0200071334838867,
1.019958734512329,
1.0198715925216675,
1.0197207927703857,
1.0192835330963135,
1.0194517374038696,
1.0188690423965454,
1.0186793804168701,
1.0182654857635498,
1.0187132358551025,
1.0186344385147095,
1.017733097076416,
1.0178784132003784,
1.017810583114624,
1.0173053741455078,
1.0172773599624634,
1.0164694786071777,
1.016662836074829,
1.0168571472167969,
1.01609206199646,
1.0159944295883179,
1.015705943107605,
1.0158172845840454,
1.015708327293396,
1.0153862237930298,
1.0147113800048828,
1.0147507190704346,
1.0144004821777344,
1.014506220817566,
1.0140082836151123,
1.0137052536010742,
1.0130577087402344,
1.0128709077835083,
1.01258385181427,
1.012113332748413,
1.011473298072815,
1.0121185779571533,
1.0116432905197144,
1.0115647315979004,
1.0112289190292358,
1.0111682415008545,
1.0101157426834106,
1.0098532438278198,
1.010090947151184,
1.0094722509384155,
1.0099798440933228,
1.0089327096939087,
1.0082260370254517,
1.0085543394088745,
1.0083911418914795,
1.007769227027893,
1.0079256296157837,
1.006995439529419,
1.0065346956253052,
1.006424069404602,
1.006251335144043,
1.005644679069519,
1.0052469968795776,
1.0050173997879028,
1.0043139457702637,
1.0040044784545898,
1.003547191619873,
1.003755807876587,
1.002848744392395,
1.0029302835464478,
1.0021950006484985,
1.0011650323867798,
1.0012577772140503,
1.0004397630691528,
1.0003997087478638,
1.0000090599060059,
1.000089168548584,
0.9990156292915344,
0.9988874793052673,
0.9988512396812439,
0.9984119534492493,
0.9979634881019592,
0.9972611665725708,
0.9969250559806824,
0.9964118003845215,
0.9958675503730774,
0.9954968094825745,
0.9953958988189697,
0.9947481751441956,
0.994296669960022,
0.9940211772918701,
0.9935050010681152,
0.9930559396743774,
0.9930428266525269,
0.9926367402076721,
0.991606593132019,
0.9911287426948547,
0.9910438060760498,
0.9907293319702148,
0.9902589321136475,
0.9895052313804626,
0.9892919659614563,
0.9888723492622375,
0.988564133644104,
0.9879881739616394,
0.9871031045913696,
0.9867775440216064,
0.9860817790031433,
0.9861350655555725,
0.9849281907081604,
0.9848416447639465,
0.9848170280456543,
0.9845632314682007,
0.9833451509475708,
0.983137309551239,
0.9830328822135925,
0.9825294613838196,
0.9819627404212952,
0.9816898107528687,
0.981134831905365,
0.9812615513801575,
0.9801443815231323,
0.9802789092063904,
0.9793018698692322,
0.9793375730514526,
0.9786658883094788,
0.9786384105682373,
0.9781815409660339,
0.9774032235145569,
0.9764984250068665,
0.9768444895744324,
0.9761142730712891,
0.975440263748169,
0.9750650525093079,
0.9743314981460571,
0.9742313623428345,
0.9737781882286072,
0.9733057618141174,
0.9728621244430542,
0.9729177951812744,
0.972131073474884,
0.9719663262367249,
0.9712726473808289,
0.9713560938835144,
0.9709212183952332,
0.9720639586448669,
0.9716750979423523,
0.9704735279083252,
0.9708756804466248,
0.9700770378112793,
0.9693779349327087,
0.9682943224906921,
0.9682507514953613,
0.967120349407196,
0.9663309454917908,
0.9666566252708435,
0.965252161026001,
0.9648134708404541,
0.9640188813209534,
0.9637709856033325,
0.96343994140625,
0.962781548500061,
0.9616985321044922,
0.961500346660614,
0.9604306221008301,
0.9590816497802734,
0.960209846496582,
0.9590438604354858,
0.95793217420578,
0.957327663898468,
0.9578641057014465,
0.9561783075332642,
0.9559892416000366,
0.954335629940033,
0.9554468989372253,
0.9544658064842224,
0.954071581363678,
0.952559769153595,
0.9531083703041077,
0.9524970054626465,
0.9516361355781555,
0.9516063928604126,
0.9512563943862915,
0.9505981802940369,
0.9498998522758484,
0.9498121738433838,
0.949334979057312,
0.9490960240364075,
0.9484325647354126,
0.9487046599388123,
0.9482820630073547,
0.9473684430122375,
0.9467965960502625,
0.9462952017784119,
0.9457539319992065,
0.9453531503677368,
0.9453644752502441,
0.944904088973999,
0.944281816482544,
0.9433978796005249,
0.9429063200950623,
0.942924439907074,
0.9425711035728455,
0.9418416023254395,
0.9422876238822937,
0.941510796546936,
0.9412688612937927,
0.940933346748352,
0.9402749538421631,
0.939944863319397,
0.9394530653953552,
0.9386863112449646,
0.9385430812835693,
0.9381317496299744,
0.937477707862854,
0.9373421669006348,
0.9378193020820618,
0.9368643164634705,
0.935840904712677,
0.9359619617462158,
0.9353926181793213,
0.9349753260612488,
0.934253454208374,
0.9344249963760376,
0.934008002281189,
0.9333016276359558,
0.9329967498779297,
0.9327378869056702,
0.9331619143486023,
0.9320743083953857,
0.9319717288017273,
0.9313493967056274,
0.9305834174156189,
0.9303343296051025,
0.9300675988197327,
0.9297618865966797,
0.9294498562812805,
0.9293914437294006,
0.928397536277771,
0.928420901298523,
0.9276115298271179,
0.9275625944137573,
0.9272350668907166,
0.9267534613609314,
0.925901472568512,
0.9255800843238831,
0.9251534342765808,
0.9248348474502563,
0.9251117706298828,
0.924109160900116,
0.9238327145576477,
0.9231040477752686,
0.9226521849632263,
0.9228237271308899,
0.9220593571662903,
0.9225577712059021,
0.9218639731407166,
0.9212101101875305,
0.9209768772125244,
0.920118510723114,
0.9204804301261902,
0.9196998476982117,
0.9193791151046753,
0.9188295602798462,
0.9183840155601501,
0.9179926514625549,
0.9172661304473877,
0.9170684218406677,
0.9168900847434998,
0.9164491891860962,
0.9164037704467773,
0.9160216450691223,
0.9158387184143066,
0.9148179292678833,
0.9141778945922852,
0.9139922261238098,
0.9138245582580566,
0.9132887125015259,
0.9125385880470276,
0.9120503067970276,
0.911807656288147,
0.9113173484802246,
0.9107598662376404,
0.9104410409927368,
0.9099758863449097,
0.9098623991012573,
0.9092240929603577,
0.9092125296592712,
0.9089686870574951,
0.9087785482406616,
0.9078343510627747,
0.907549262046814,
0.9073545932769775,
0.9072204232215881,
0.9063937664031982,
0.90589439868927,
0.9057397246360779,
0.9051126837730408,
0.9046732187271118,
0.9039632081985474,
0.9035443067550659,
0.9034315943717957,
0.9026842713356018,
0.9019273519515991,
0.901904284954071,
0.9018115401268005,
0.9011279344558716,
0.9007067680358887,
0.899976909160614,
0.89955735206604,
0.8993104696273804,
0.8987804651260376,
0.897796630859375,
0.8973035216331482,
0.8974543213844299,
0.8967038989067078,
0.8960972428321838,
0.8953607082366943,
0.8953641057014465,
0.8953475952148438,
0.8952786922454834,
0.8943743109703064,
0.8941242098808289,
0.8938290476799011,
0.8931291103363037,
0.8921152353286743,
0.8920363187789917,
0.891401469707489,
0.890898585319519,
0.8908706903457642,
0.8904402852058411,
0.8899973630905151,
0.889152467250824,
0.8888516426086426,
0.8883094787597656,
0.8880741000175476,
0.8868991732597351,
0.8866422176361084,
0.886234700679779,
0.8857603669166565,
0.8851961493492126,
0.8849709033966064,
0.8841732740402222,
0.8834213614463806,
0.8827098608016968,
0.8827963471412659,
0.8825035095214844,
0.8822725415229797,
0.8816471695899963,
0.8808614015579224,
0.8808189630508423,
0.8804296255111694,
0.8801249265670776,
0.8801249265670776,
0.8801249265670776,
0.0,
0.0,
0.0,
0.0,
0.0,
0.0,
0.0,
0.0,
0.0,
0.0,
0.0,
0.0,
0.0,
0.0,
0.0,
0.0,
0.0,
0.0,
0.0,
0.0,
0.0,
0.0,
0.0,
0.0,
0.0,
0.0,
0.0,
0.0,
0.0,
0.0,
0.0,
0.0,
0.0,
0.0,
0.0,
0.0,
0.0,
0.0,
0.0,
0.0,
0.0,
0.0,
0.0,
0.0,
0.0,
0.0,
0.0,
0.0,
0.0,
0.0,
0.0,
0.0,
0.0,
0.0,
0.0,
0.0,
0.0,
0.0,
0.0,
0.0,
0.0,
0.0,
0.0,
0.0,
0.0,
0.0,
0.0,
0.0,
0.0,
0.0,
0.0,
0.0,
0.0,
0.0,
0.0,
0.0,
0.0,
0.0,
0.0,
0.0,
0.0,
0.0,
0.0,
0.0,
0.0,
0.0,
0.0,
0.0,
0.0,
0.0,
0.0,
0.0,
0.0,
0.0,
0.0,
0.0,
0.0,
0.0,
0.0,
0.0,
0.0,
0.0,
0.0,
0.0,
0.0,
0.0,
0.0,
0.0,
0.0,
0.0,
0.0,
0.0,
0.0,
0.0,
0.0,
0.0,
0.0,
0.0,
0.0,
0.0,
0.0,
0.0,
0.0,
0.0,
0.0,
0.0,
0.0,
0.0,
0.0,
0.0,
0.0,
0.0,
0.0,
0.0,
0.0,
0.0,
0.0,
0.0,
0.0,
0.0,
0.0,
0.0,
0.0,
0.0,
0.0,
0.0,
0.0,
0.0,
0.0,
0.0,
0.0,
0.0,
0.0,
0.0,
0.0,
0.0,
0.0,
0.0,
0.0,
0.0,
0.0,
0.0,
0.0,
0.0,
0.0,
0.0,
0.0,
0.0,
0.0,
0.0,
0.0,
0.0,
0.0,
0.0,
0.0,
0.0,
0.0,
0.0,
0.0,
0.0,
0.0,
0.0,
0.0,
0.0,
0.0,
0.0,
0.0,
0.0,
0.0,
0.0,
0.0,
0.0,
0.0,
0.0,
0.0,
0.0,
0.0,
0.0,
0.0,
0.0,
0.0,
0.0,
0.0,
0.0,
0.0,
0.0,
0.0,
0.0,
0.0,
0.0,
0.0,
0.0,
0.0,
0.0,
0.0,
0.0,
0.0,
0.0,
0.0,
0.0,
0.0,
0.0,
0.0,
0.0,
0.0,
0.0,
0.0,
0.0,
0.0,
0.0,
0.0,
0.0,
0.0,
0.0,
0.0,
0.0,
0.0,
0.0,
0.0,
0.0,
0.0,
0.0,
0.0,
0.0,
0.0,
0.0,
0.0,
0.0,
0.0,
0.0,
0.0,
0.0,
0.0,
0.0,
0.0,
0.0,
0.0,
0.0,
0.0,
0.0,
0.0,
0.0,
0.0,
0.0,
0.0,
0.0,
0.0,
0.0,
0.0,
0.0,
0.0,
0.0,
0.0,
0.0,
0.0,
0.0,
0.0,
0.0,
0.0,
0.0,
0.0,
0.0,
0.0,
0.0,
0.0,
0.0,
0.0,
0.0,
0.0,
0.0,
0.0,
0.0,
0.0,
0.0,
0.0,
0.0,
0.0,
0.0,
0.0,
0.0,
0.0,
0.0,
0.0,
0.0,
0.0,
0.0,
0.0,
0.0,
0.0,
0.0,
0.0,
0.0,
0.0,
0.0,
0.0,
0.0,
0.0,
0.0,
0.0,
0.0,
0.0,
0.0,
0.0,
0.0,
0.0,
0.0,
0.0,
0.0,
0.0,
0.0,
0.0,
0.0,
0.0,
0.0,
0.0,
0.0,
0.0,
0.0,
0.0,
0.0,
0.0,
0.0,
0.0,
0.0,
0.0,
0.0,
0.0,
0.0,
0.0,
0.0,
0.0,
0.0,
0.0,
0.0,
0.0,
0.0,
0.0,
0.0,
0.0,
0.0,
0.0,
0.0,
0.0,
0.0,
0.0,
0.0,
0.0,
0.0,
0.0,
0.0,
0.0,
0.0,
0.0,
0.0,
0.0,
0.0,
0.0,
0.0,
0.0,
0.0,
0.0,
0.0,
0.0,
0.0,
0.0,
0.0,
0.0,
0.0,
0.0,
0.0,
0.0,
0.0,
0.0,
0.0,
0.0,
0.0,
0.0,
0.0,
0.0,
0.0,
0.0,
0.0,
0.0,
0.0,
0.0,
0.0,
0.0,
0.0,
0.0,
0.0,
0.0,
0.0,
0.0,
0.0,
0.0,
0.0,
0.0,
0.0,
0.0,
0.0,
0.0,
0.0,
0.0,
0.0,
0.0,
0.0,
0.0,
0.0,
0.0,
0.0,
0.0,
0.0,
0.0,
0.0,
0.0,
0.0,
0.0,
0.0,
0.0,
0.0,
0.0,
0.0,
0.0,
0.0,
0.0,
0.0,
0.0,
0.0,
0.0,
0.0,
0.0,
0.0,
0.0,
0.0,
0.0,
0.0,
0.0,
0.0,
0.0,
0.0,
0.0,
0.0,
0.0,
0.0,
0.0,
0.0,
0.0,
0.0,
0.0,
0.0,
0.0,
0.0,
0.0,
0.0,
0.0,
0.0,
0.0,
0.0,
0.0,
0.0,
0.0,
0.0,
0.0,
0.0,
0.0,
0.0,
0.0,
0.0,
0.0,
0.0,
0.0,
0.0,
0.0,
0.0,
0.0,
0.0,
0.0,
0.0,
0.0,
0.0,
0.0,
0.0,
0.0,
0.0,
0.0,
0.0,
0.0,
0.0,
0.0,
0.0,
0.0,
0.0,
0.0,
0.0,
0.0,
0.0,
0.0,
0.0,
0.0,
0.0,
0.0,
0.0,
0.0,
0.0,
0.0,
0.0,
0.0,
0.0,
0.0,
0.0,
0.0,
0.0,
0.0,
0.0,
0.0,
0.0,
0.0,
0.0,
0.0,
0.0,
0.0,
0.0,
0.0,
0.0,
0.0,
0.0,
0.0,
0.0,
0.0,
0.0,
0.0,
0.0,
0.0,
0.0,
0.0,
0.0,
0.0,
0.0,
0.0,
0.0,
0.0,
0.0,
0.0,
0.0,
0.0,
0.0,
0.0,
0.0,
0.0,
0.0,
0.0,
0.0,
0.0,
0.0,
0.0,
0.0,
0.0,
0.0,
0.0,
0.0,
0.0,
0.0,
0.0,
0.0,
0.0,
0.0,
0.0,
0.0,
0.0,
0.0,
0.0,
0.0,
0.0,
0.0,
0.0,
0.0,
0.0,
0.0,
0.0,
0.0,
0.0,
0.0,
0.0,
0.0,
0.0,
0.0,
0.0,
0.0,
0.0,
0.0,
0.0,
0.0,
0.0,
0.0,
0.0,
0.0,
0.0,
0.0,
0.0,
0.0,
0.0,
0.0,
0.0,
0.0,
0.0,
0.0,
0.0,
0.0,
0.0,
0.0,
0.0,
0.0,
0.0,
0.0,
0.0,
0.0,
0.0,
0.0,
0.0,
0.0,
0.0,
0.0,
0.0,
0.0,
0.0,
0.0,
0.0,
0.0,
0.0,
0.0,
0.0,
0.0,
0.0,
0.0,
0.0,
0.0,
0.0,
0.0,
0.0,
0.0,
0.0,
0.0,
0.0,
0.0,
0.0,
0.0,
0.0,
0.0,
0.0,
0.0,
0.0,
0.0,
0.0,
0.0,
0.0,
0.0,
0.0,
0.0,
0.0,
0.0,
0.0,
0.0,
0.0,
0.0,
0.0,
0.0,
0.0,
0.0,
0.0,
0.0,
0.0,
0.0,
0.0,
0.0,
0.0,
0.0,
0.0,
0.0,
0.0,
0.0,
0.0,
0.0,
0.0,
0.0,
0.0,
0.0,
0.0,
0.0,
0.0,
0.0,
0.0,
0.0,
0.0,
0.0,
0.0,
0.0,
0.0,
0.0,
0.0,
0.0,
0.0,
0.0,
0.0,
0.0,
0.0,
0.0,
0.0,
0.0,
0.0,
0.0,
0.0,
0.0,
0.0,
0.0,
0.0,
0.0,
0.0,
0.0,
0.0,
0.0,
0.0,
0.0,
0.0,
0.0,
0.0,
0.0,
0.0,
0.0,
0.0,
0.0,
0.0,
0.0,
0.0,
0.0,
0.0,
0.0,
0.0,
0.0,
0.0,
0.0,
0.0,
0.0,
0.0,
0.0,
0.0,
0.0,
0.0,
0.0,
0.0,
0.0,
0.0,
0.0,
0.0,
0.0,
0.0,
0.0,
0.0,
0.0,
0.0,
0.0,
0.0,
0.0,
0.0,
0.0,
0.0,
0.0,
0.0,
0.0,
0.0,
0.0,
0.0,
0.0,
0.0,
0.0,
0.0,
0.0,
0.0,
0.0,
0.0,
0.0,
0.0,
0.0,
0.0,
0.0,
0.0,
0.0,
0.0,
0.0,
0.0,
0.0,
0.0,
0.0,
0.0,
0.0,
0.0,
0.0,
0.0,
0.0,
0.0,
0.0,
0.0,
0.0,
0.0,
0.0,
0.0,
0.0,
0.0,
0.0,
0.0,
0.0,
0.0,
0.0,
0.0,
0.0,
0.0,
0.0,
0.0,
0.0,
0.0,
0.0,
0.0,
0.0,
0.0,
0.0,
0.0,
0.0,
0.0,
0.0,
0.0,
0.0,
0.0,
0.0,
0.0,
0.0,
0.0,
0.0,
0.0,
0.0,
0.0,
0.0,
0.0,
0.0,
0.0,
0.0,
0.0,
0.0,
0.0,
0.0,
0.0,
