1.0499999523162842,
1.0707464218139648,
1.0719525814056396,
1.0727252960205078,
1.0732439756393433,
1.0735042095184326,
1.0736373662948608,
1.0738269090652466,
1.0740132331848145,
1.0741302967071533,
1.0742504596710205,
1.07429838180542,
1.0743827819824219,
1.0743850469589233,
1.0744943618774414,
1.0745145082473755,
1.0745797157287598,
1.0745831727981567,
1.07465660572052,
1.0734589099884033,
1.0747580528259277,
1.0747966766357422,
1.0748156309127808,
1.074837565422058,
1.0748735666275024,
1.0748744010925293,
1.0749096870422363,
1.0749129056930542,
1.0749424695968628,
1.074971079826355,
1.0749585628509521,
1.0749807357788086,
1.074938178062439,
1.0749483108520508,
1.074950933456421,
1.0749905109405518,
1.0738016366958618,
1.0749845504760742,
1.0749770402908325,
1.0749634504318237,
1.0749863386154175,
1.0749635696411133,
1.0749971866607666,
1.074979305267334,
1.074960470199585,
1.0748977661132812,
1.0749232769012451,
1.0749154090881348,
1.0748963356018066,
1.075059175491333,
1.0754486322402954,
1.0756418704986572,
1.075780987739563,
1.075811505317688,
1.075825572013855,
1.075014591217041,
1.0748885869979858,
1.0748507976531982,
1.0748671293258667,
1.0736266374588013,
1.0748109817504883,
1.0747781991958618,
1.074761986732483,
1.0747888088226318,
1.0746904611587524,
1.0747944116592407,
1.0747185945510864,
1.074709415435791,
1.0747276544570923,
1.0746710300445557,
1.0746784210205078,
1.0746617317199707,
1.0746434926986694,
1.0746046304702759,
1.0745817422866821,
1.074559211730957,
1.0745419263839722,
1.0746186971664429,
1.0744922161102295,
1.0744647979736328,
1.074416160583496,
1.0743356943130493,
1.0731370449066162,
1.0743907690048218,
1.0743505954742432,
1.074314832687378,
1.0743112564086914,
1.0742987394332886,
1.0742554664611816,
1.0742210149765015,
1.0742274522781372,
1.0741790533065796,
1.0741585493087769,
1.0741517543792725,
1.0741100311279297,
1.074121356010437,
1.0740604400634766,
1.0740399360656738,
1.0739820003509521,
1.0739935636520386,
1.0739355087280273,
1.0739024877548218,
1.0738787651062012,
1.073845624923706,
1.073878526687622,
1.0725709199905396,
1.0737638473510742,
1.0737420320510864,
1.073757529258728,
1.073696255683899,
1.073674201965332,
1.0736757516860962,
1.0736147165298462,
1.0735599994659424,
1.0735214948654175,
1.0734822750091553,
1.0735341310501099,
1.0735220909118652,
1.0734714269638062,
1.0734655857086182,
1.0734184980392456,
1.0734000205993652,
1.073081135749817,
1.073323369026184,
1.0732979774475098,
1.0732367038726807,
1.0731923580169678,
1.0731663703918457,
1.0719478130340576,
1.0731123685836792,
1.0731090307235718,
1.0730469226837158,
1.07304048538208,
1.0729366540908813,
1.0729032754898071,
1.0728510618209839,
1.0728267431259155,
1.0728603601455688,
1.072844386100769,
1.0728081464767456,
1.072818398475647,
1.0727450847625732,
1.0727040767669678,
1.072601079940796,
1.0726561546325684,
1.0713951587677002,
1.0725319385528564,
1.0724716186523438,
1.0724308490753174,
1.0723786354064941,
1.072379231452942,
1.0723603963851929,
1.0723204612731934,
1.0722745656967163,
1.0722407102584839,
1.0721920728683472,
1.0721250772476196,
1.0721042156219482,
1.0720783472061157,
1.0719901323318481,
1.0719733238220215,
1.0719066858291626,
1.0719215869903564,
1.0720820426940918,
1.0721540451049805,
1.0721673965454102,
1.0720100402832031,
1.071860909461975,
1.0705000162124634,
1.0716229677200317,
1.0716688632965088,
1.0717788934707642,
1.0718623399734497,
1.0718930959701538,
1.0718410015106201,
1.071786642074585,
1.0717295408248901,
1.0716404914855957,
1.0714329481124878,
1.0712956190109253,
1.0711792707443237,
1.0710996389389038,
1.0710604190826416,
1.0710299015045166,
1.0709691047668457,
1.0709152221679688,
1.0708701610565186,
1.0708448886871338,
1.0708369016647339,
1.0708096027374268,
1.070807695388794,
1.0697084665298462,
1.071058988571167,
1.0710147619247437,
1.070830225944519,
1.070668339729309,
1.0705344676971436,
1.0704290866851807,
1.0706273317337036,
1.0708255767822266,
1.0709174871444702,
1.0709534883499146,
1.0709537267684937,
1.0709474086761475,
1.0708154439926147,
1.0706886053085327,
1.0703544616699219,
1.070107340812683,
1.0699472427368164,
1.0699572563171387,
1.0699106454849243,
1.0698750019073486,
1.0698344707489014,
1.0697944164276123,
1.068474531173706,
1.0696556568145752,
1.0696789026260376,
1.0696667432785034,
1.0696985721588135,
1.0697871446609497,
1.0698740482330322,
1.0697438716888428,
1.0695160627365112,
1.069340467453003,
1.0692334175109863,
1.0691546201705933,
1.0692793130874634,
1.0692983865737915,
1.0693703889846802,
1.0693775415420532,
1.0693508386611938,
1.0680326223373413,
1.069178581237793,
1.0690430402755737,
1.0687627792358398,
1.0686434507369995,
1.068579912185669,
1.068509578704834,
1.0684632062911987,
1.0683789253234863,
1.0683166980743408,
1.068259358406067,
1.0682176351547241,
1.0681614875793457,
1.0681536197662354,
1.0681349039077759,
1.0681527853012085,
1.0682580471038818,
1.068280816078186,
1.0681675672531128,
1.067913293838501,
1.067723035812378,
1.0676499605178833,
1.066914677619934,
1.0663999319076538,
1.0677783489227295,
1.0678397417068481,
1.0678205490112305,
1.0677697658538818,
1.067710280418396,
1.067689061164856,
1.0674893856048584,
1.0671895742416382,
1.0670881271362305,
1.067023515701294,
1.0669360160827637,
1.0668792724609375,
1.0668097734451294,
1.0667308568954468,
1.0666377544403076,
1.066562294960022,
1.0665324926376343,
1.0665481090545654,
1.0664361715316772,
1.0664522647857666,
1.0665278434753418,
1.0664629936218262,
1.0650688409805298,
1.0661414861679077,
1.0660475492477417,
1.065958857536316,
1.0659444332122803,
1.0660102367401123,
1.0661358833312988,
1.0661720037460327,
1.0661982297897339,
1.0661886930465698,
1.0661365985870361,
1.0661132335662842,
1.065830111503601,
1.0654891729354858,
1.065280795097351,
1.0651839971542358,
1.0650956630706787,
1.0650010108947754,
1.0648998022079468,
1.064852237701416,
1.0647746324539185,
1.064676284790039,
1.0646123886108398,
1.0633299350738525,
1.0644557476043701,
1.0644354820251465,
1.0643832683563232,
1.064245343208313,
1.06416916847229,
1.064088225364685,
1.0639756917953491,
1.0638880729675293,
1.0638858079910278,
1.0639073848724365,
1.0638797283172607,
1.063909888267517,
1.0638346672058105,
1.0637366771697998,
1.0636844635009766,
1.0636509656906128,
1.0630860328674316,
1.0631904602050781,
1.0631067752838135,
1.0630425214767456,
1.0629634857177734,
1.0628587007522583,
1.0615798234939575,
1.0627509355545044,
1.0626369714736938,
1.062550663948059,
1.0624734163284302,
1.062382459640503,
1.0629557371139526,
1.063317894935608,
1.063462257385254,
1.063384771347046,
1.0632710456848145,
1.063177466392517,
1.063112497329712,
1.0631251335144043,
1.0633182525634766,
1.0634406805038452,
1.0635170936584473,
1.0623528957366943,
1.0635731220245361,
1.0635168552398682,
1.0634253025054932,
1.0632984638214111,
1.0629408359527588,
1.062604546546936,
1.0623230934143066,
1.062133550643921,
1.061963438987732,
1.0618410110473633,
1.0617244243621826,
1.0616455078125,
1.0615296363830566,
1.0614808797836304,
1.0613642930984497,
1.0612555742263794,
1.0611960887908936,
1.061259388923645,
1.0611519813537598,
1.061002492904663,
1.060837984085083,
1.0607060194015503,
1.059313416481018,
1.0605902671813965,
1.0607024431228638,
1.0607784986495972,
1.0607954263687134,
1.060821533203125,
1.0608019828796387,
1.0607208013534546,
1.0607008934020996,
1.0604817867279053,
1.0601619482040405,
1.0598565340042114,
1.0596923828125,
1.0594170093536377,
1.0593008995056152,
1.0590850114822388,
1.0590492486953735,
1.0589605569839478,
1.0588886737823486,
1.0587947368621826,
1.058674931526184,
1.058617353439331,
1.0586068630218506,
1.057386040687561,
1.0585061311721802,
1.0583372116088867,
1.0581073760986328,
1.0579206943511963,
1.0577903985977173,
1.05787193775177,
1.0579726696014404,
1.058044672012329,
1.0580617189407349,
1.058046817779541,
1.0579934120178223,
1.0579415559768677,
1.057831883430481,
1.0575249195098877,
1.0571725368499756,
1.0565218925476074,
1.0566000938415527,
1.056488275527954,
1.056313395500183,
1.056175708770752,
1.0556820631027222,
1.0559024810791016,
1.054614543914795,
1.0557507276535034,
1.0556641817092896,
1.055559515953064,
1.0555423498153687,
1.0555315017700195,
1.0553500652313232,
1.0551373958587646,
1.054918646812439,
1.0547103881835938,
1.054226279258728,
1.0545638799667358,
1.0546576976776123,
1.054656744003296,
1.0546780824661255,
1.0545908212661743,
1.0544973611831665,
1.0542725324630737,
1.054192304611206,
1.0537645816802979,
1.0534517765045166,
1.0528753995895386,
1.0524922609329224,
1.0512961149215698,
1.0525681972503662,
1.052212119102478,
1.0522661209106445,
1.0520626306533813,
1.0518927574157715,
1.0517224073410034,
1.0517418384552002,
1.0516644716262817,
1.051690936088562,
1.0515565872192383,
1.0512936115264893,
1.051073431968689,
1.0508456230163574,
1.0506360530853271,
1.0505146980285645,
1.0503545999526978,
1.0503242015838623,
1.0503679513931274,
1.0502917766571045,
1.0500664710998535,
1.0499106645584106,
1.049845814704895,
1.0484747886657715,
1.0493160486221313,
1.0486764907836914,
1.0486783981323242,
1.0484365224838257,
1.0482031106948853,
1.0478132963180542,
1.0478078126907349,
1.0476456880569458,
1.0474326610565186,
1.0471564531326294,
1.0469897985458374,
1.0468156337738037,
1.046609878540039,
1.046372652053833,
1.0461980104446411,
1.0459678173065186,
1.045717477798462,
1.045539140701294,
1.0451250076293945,
1.0452516078948975,
1.0451775789260864,
1.045109510421753,
1.044037938117981,
1.0444587469100952,
1.044596791267395,
1.0446285009384155,
1.0444152355194092,
1.044265627861023,
1.0438331365585327,
1.0429506301879883,
1.0427165031433105,
1.0427573919296265,
1.042504072189331,
1.0420540571212769,
1.0409424304962158,
1.040541172027588,
1.0388997793197632,
1.0375604629516602,
1.039391040802002,
1.039122223854065,
1.0391007661819458,
1.0387272834777832,
1.0384883880615234,
1.038236379623413,
1.0379846096038818,
1.0364686250686646,
1.0373411178588867,
1.0371276140213013,
1.0369690656661987,
1.0368045568466187,
1.0363562107086182,
1.036356806755066,
1.035943627357483,
1.0356687307357788,
1.0356390476226807,
1.0352401733398438,
1.0345449447631836,
1.03415048122406,
1.0337494611740112,
1.0332367420196533,
1.0329194068908691,
1.0322598218917847,
1.0319379568099976,
1.0317634344100952,
1.0316280126571655,
1.030777096748352,
1.0309354066848755,
1.0306273698806763,
1.0300086736679077,
1.0298588275909424,
1.0291584730148315,
1.0288995504379272,
1.0282111167907715,
1.0282706022262573,
1.0266648530960083,
1.0270711183547974,
1.0266749858856201,
1.026983618736267,
1.0261143445968628,
1.0261775255203247,
1.0254740715026855,
1.0251551866531372,
1.0247852802276611,
1.0241748094558716,
1.0234202146530151,
1.0233956575393677,
1.0228750705718994,
1.0220171213150024,
1.02125084400177,
1.0207798480987549,
1.0206211805343628,
1.0202800035476685,
1.0194228887557983,
1.0185654163360596,
1.018974781036377,
1.0174663066864014,
1.0172674655914307,
1.0168379545211792,
1.016825795173645,
1.016141653060913,
1.0151495933532715,
1.0152254104614258,
1.014559030532837,
1.0135550498962402,
1.0131981372833252,
1.0127582550048828,
1.012284755706787,
1.0114097595214844,
1.0113824605941772,
1.011223554611206,
1.0102633237838745,
1.0095185041427612,
1.008792757987976,
1.0072991847991943,
1.0073705911636353,
1.0064730644226074,
1.0058708190917969,
1.0053009986877441,
1.0047764778137207,
1.0036423206329346,
1.0030447244644165,
1.0023832321166992,
1.0016602277755737,
1.0009747743606567,
1.0002790689468384,
0.9997963905334473,
0.9991461634635925,
0.9983177185058594,
0.9976606369018555,
0.9967012405395508,
0.9960677623748779,
0.9955297708511353,
0.9947701096534729,
0.9941158890724182,
0.9935611486434937,
0.9925312399864197,
0.9919871091842651,
0.9911915063858032,
0.9903819561004639,
0.989247739315033,
0.988582193851471,
0.9876551032066345,
0.9865449070930481,
0.9862759709358215,
0.9849674105644226,
0.9837533831596375,
0.9834798574447632,
0.9823790788650513,
0.9818555116653442,
0.9807732701301575,
0.980198860168457,
0.9792523384094238,
0.9783477783203125,
0.9772422909736633,
0.9762808084487915,
0.9753835797309875,
0.9745706915855408,
0.9733720421791077,
0.9723276495933533,
0.9717678427696228,
0.9706926345825195,
0.9697185754776001,
0.9689263105392456,
0.9678255915641785,
0.9672195315361023,
0.9659389853477478,
0.9648780822753906,
0.9640739560127258,
0.9632625579833984,
0.9621394872665405,
0.9600148797035217,
0.9602627158164978,
0.9592869281768799,
0.9582716226577759,
0.9575368165969849,
0.9564625024795532,
0.9553980231285095,
0.9546266198158264,
0.9531368017196655,
0.9523922801017761,
0.9513037800788879,
0.9503761529922485,
0.9494860768318176,
0.9482009410858154,
0.9471948742866516,
0.946178674697876,
0.9452389478683472,
0.9442998766899109,
0.9433611035346985,
0.9422102570533752,
0.9412429332733154,
0.9402487874031067,
0.939201295375824,
0.9382351040840149,
0.9372795224189758,
0.934995710849762,
0.9350957870483398,
0.9339419007301331,
0.9329732656478882,
0.9320241808891296,
0.9309923052787781,
0.9297692179679871,
0.9286593198776245,
0.927584171295166,
0.926675021648407,
0.9254975914955139,
0.9244589805603027,
0.9236196875572205,
0.9224738478660583,
0.9211480021476746,
0.920225977897644,
0.9190272688865662,
0.9181358218193054,
0.9169099926948547,
0.9153203964233398,
0.914621889591217,
0.9137842655181885,
0.9125775694847107,
0.9115082025527954,
0.9100042581558228,
0.9092077016830444,
0.9077603816986084,
0.906661331653595,
0.9056318402290344,
0.9045703411102295,
0.9038914442062378,
0.9023435711860657,
0.900379478931427,
0.900375247001648,
0.899374783039093,
0.8982032537460327,
0.8970593214035034,
0.8958443403244019,
0.8944661617279053,
0.893587589263916,
0.8924272656440735,
0.8912739157676697,
0.8900433778762817,
0.8888199329376221,
0.8876606822013855,
0.8864388465881348,
0.885161280632019,
0.8838696479797363,
0.8827797770500183,
0.8815940618515015,
0.8802399039268494,
0.8802399039268494,
0.8802399039268494,
0.0,
0.0,
0.0,
0.0,
0.0,
0.0,
0.0,
0.0,
0.0,
0.0,
0.0,
0.0,
0.0,
0.0,
0.0,
0.0,
0.0,
0.0,
0.0,
0.0,
0.0,
0.0,
0.0,
0.0,
0.0,
0.0,
0.0,
0.0,
0.0,
0.0,
0.0,
0.0,
0.0,
0.0,
0.0,
0.0,
0.0,
0.0,
0.0,
0.0,
0.0,
0.0,
0.0,
0.0,
0.0,
0.0,
0.0,
0.0,
0.0,
0.0,
0.0,
0.0,
0.0,
0.0,
0.0,
0.0,
0.0,
0.0,
0.0,
0.0,
0.0,
0.0,
0.0,
0.0,
0.0,
0.0,
0.0,
0.0,
0.0,
0.0,
0.0,
0.0,
0.0,
0.0,
0.0,
0.0,
0.0,
0.0,
0.0,
0.0,
0.0,
0.0,
0.0,
0.0,
0.0,
0.0,
0.0,
0.0,
0.0,
0.0,
0.0,
0.0,
0.0,
0.0,
0.0,
0.0,
0.0,
0.0,
0.0,
0.0,
0.0,
0.0,
0.0,
0.0,
0.0,
0.0,
0.0,
0.0,
0.0,
0.0,
0.0,
0.0,
0.0,
0.0,
0.0,
0.0,
0.0,
0.0,
0.0,
0.0,
0.0,
0.0,
0.0,
0.0,
0.0,
0.0,
0.0,
0.0,
0.0,
0.0,
0.0,
0.0,
0.0,
0.0,
0.0,
0.0,
0.0,
0.0,
0.0,
0.0,
0.0,
0.0,
0.0,
0.0,
0.0,
0.0,
0.0,
0.0,
0.0,
0.0,
0.0,
0.0,
0.0,
0.0,
0.0,
0.0,
0.0,
0.0,
0.0,
0.0,
0.0,
0.0,
0.0,
0.0,
0.0,
0.0,
0.0,
0.0,
0.0,
0.0,
0.0,
0.0,
0.0,
0.0,
0.0,
0.0,
0.0,
0.0,
0.0,
0.0,
0.0,
0.0,
0.0,
0.0,
0.0,
0.0,
0.0,
0.0,
0.0,
0.0,
0.0,
0.0,
0.0,
0.0,
0.0,
0.0,
0.0,
0.0,
0.0,
0.0,
0.0,
0.0,
0.0,
0.0,
0.0,
0.0,
0.0,
0.0,
0.0,
0.0,
0.0,
0.0,
0.0,
0.0,
0.0,
0.0,
0.0,
0.0,
0.0,
0.0,
0.0,
0.0,
0.0,
0.0,
0.0,
0.0,
0.0,
0.0,
0.0,
0.0,
0.0,
0.0,
0.0,
0.0,
0.0,
0.0,
0.0,
0.0,
0.0,
0.0,
0.0,
0.0,
0.0,
0.0,
0.0,
0.0,
0.0,
0.0,
0.0,
0.0,
0.0,
0.0,
0.0,
0.0,
0.0,
0.0,
0.0,
0.0,
0.0,
0.0,
0.0,
0.0,
0.0,
0.0,
0.0,
0.0,
0.0,
0.0,
0.0,
0.0,
0.0,
0.0,
0.0,
0.0,
0.0,
0.0,
0.0,
0.0,
0.0,
0.0,
0.0,
0.0,
0.0,
0.0,
0.0,
0.0,
0.0,
0.0,
0.0,
0.0,
0.0,
0.0,
0.0,
0.0,
0.0,
0.0,
0.0,
0.0,
0.0,
0.0,
0.0,
0.0,
0.0,
0.0,
0.0,
0.0,
0.0,
0.0,
0.0,
0.0,
0.0,
0.0,
0.0,
0.0,
0.0,
0.0,
0.0,
0.0,
0.0,
0.0,
0.0,
0.0,
0.0,
0.0,
0.0,
0.0,
0.0,
0.0,
0.0,
0.0,
0.0,
0.0,
0.0,
0.0,
0.0,
0.0,
0.0,
0.0,
0.0,
0.0,
0.0,
0.0,
0.0,
0.0,
0.0,
0.0,
0.0,
0.0,
0.0,
0.0,
0.0,
0.0,
0.0,
0.0,
0.0,
0.0,
0.0,
0.0,
0.0,
0.0,
0.0,
0.0,
0.0,
0.0,
0.0,
0.0,
0.0,
0.0,
0.0,
0.0,
0.0,
0.0,
0.0,
0.0,
0.0,
0.0,
0.0,
0.0,
0.0,
0.0,
0.0,
0.0,
0.0,
0.0,
0.0,
0.0,
0.0,
0.0,
0.0,
0.0,
0.0,
0.0,
0.0,
0.0,
0.0,
0.0,
0.0,
0.0,
0.0,
0.0,
0.0,
0.0,
0.0,
0.0,
0.0,
0.0,
0.0,
0.0,
0.0,
0.0,
0.0,
0.0,
0.0,
0.0,
0.0,
0.0,
0.0,
0.0,
0.0,
0.0,
0.0,
0.0,
0.0,
0.0,
0.0,
0.0,
0.0,
0.0,
0.0,
0.0,
0.0,
0.0,
0.0,
0.0,
0.0,
0.0,
0.0,
0.0,
0.0,
0.0,
0.0,
0.0,
0.0,
0.0,
0.0,
0.0,
0.0,
0.0,
0.0,
0.0,
0.0,
0.0,
0.0,
0.0,
0.0,
0.0,
0.0,
0.0,
0.0,
0.0,
0.0,
0.0,
0.0,
0.0,
0.0,
0.0,
0.0,
0.0,
0.0,
0.0,
0.0,
0.0,
0.0,
0.0,
0.0,
0.0,
0.0,
0.0,
0.0,
0.0,
0.0,
0.0,
0.0,
0.0,
0.0,
0.0,
0.0,
0.0,
0.0,
0.0,
0.0,
0.0,
0.0,
0.0,
0.0,
0.0,
0.0,
0.0,
0.0,
0.0,
0.0,
0.0,
0.0,
0.0,
0.0,
0.0,
0.0,
0.0,
0.0,
0.0,
0.0,
0.0,
0.0,
0.0,
0.0,
0.0,
0.0,
0.0,
0.0,
0.0,
0.0,
0.0,
0.0,
0.0,
0.0,
0.0,
0.0,
0.0,
0.0,
0.0,
0.0,
0.0,
0.0,
0.0,
0.0,
0.0,
0.0,
0.0,
0.0,
0.0,
0.0,
0.0,
0.0,
0.0,
0.0,
0.0,
0.0,
0.0,
0.0,
0.0,
0.0,
0.0,
0.0,
0.0,
0.0,
0.0,
0.0,
0.0,
0.0,
0.0,
0.0,
0.0,
0.0,
0.0,
0.0,
0.0,
0.0,
0.0,
0.0,
0.0,
0.0,
0.0,
0.0,
0.0,
0.0,
0.0,
0.0,
0.0,
0.0,
0.0,
0.0,
0.0,
0.0,
0.0,
0.0,
0.0,
0.0,
0.0,
0.0,
0.0,
0.0,
0.0,
0.0,
0.0,
0.0,
0.0,
0.0,
0.0,
0.0,
0.0,
0.0,
0.0,
0.0,
0.0,
0.0,
0.0,
0.0,
0.0,
0.0,
0.0,
0.0,
0.0,
0.0,
0.0,
0.0,
0.0,
0.0,
0.0,
0.0,
0.0,
0.0,
0.0,
0.0,
0.0,
0.0,
0.0,
0.0,
0.0,
0.0,
0.0,
0.0,
0.0,
0.0,
0.0,
0.0,
0.0,
0.0,
0.0,
0.0,
0.0,
0.0,
0.0,
0.0,
0.0,
0.0,
0.0,
0.0,
0.0,
0.0,
0.0,
0.0,
0.0,
0.0,
0.0,
0.0,
0.0,
0.0,
0.0,
0.0,
0.0,
0.0,
0.0,
0.0,
0.0,
0.0,
0.0,
0.0,
0.0,
0.0,
0.0,
0.0,
0.0,
0.0,
0.0,
0.0,
0.0,
0.0,
0.0,
0.0,
0.0,
0.0,
0.0,
0.0,
0.0,
0.0,
0.0,
0.0,
0.0,
0.0,
0.0,
0.0,
0.0,
0.0,
0.0,
0.0,
0.0,
0.0,
0.0,
0.0,
0.0,
0.0,
0.0,
0.0,
0.0,
0.0,
0.0,
0.0,
0.0,
0.0,
0.0,
0.0,
0.0,
0.0,
0.0,
0.0,
0.0,
0.0,
0.0,
0.0,
0.0,
0.0,
0.0,
0.0,
0.0,
0.0,
0.0,
0.0,
0.0,
0.0,
0.0,
0.0,
0.0,
0.0,
0.0,
0.0,
0.0,
0.0,
0.0,
0.0,
0.0,
0.0,
0.0,
0.0,
0.0,
0.0,
0.0,
0.0,
0.0,
0.0,
0.0,
0.0,
0.0,
0.0,
0.0,
0.0,
0.0,
0.0,
0.0,
0.0,
0.0,
0.0,
0.0,
0.0,
0.0,
0.0,
0.0,
0.0,
0.0,
0.0,
0.0,
0.0,
0.0,
0.0,
0.0,
0.0,
0.0,
0.0,
0.0,
0.0,
0.0,
0.0,
0.0,
0.0,
0.0,
0.0,
0.0,
0.0,
0.0,
0.0,
0.0,
0.0,
0.0,
0.0,
0.0,
0.0,
0.0,
0.0,
0.0,
0.0,
0.0,
0.0,
0.0,
0.0,
0.0,
0.0,
0.0,
0.0,
0.0,
0.0,
0.0,
0.0,
0.0,
0.0,
0.0,
0.0,
0.0,
0.0,
0.0,
0.0,
0.0,
0.0,
0.0,
0.0,
0.0,
0.0,
0.0,
0.0,
0.0,
0.0,
0.0,
0.0,
0.0,
0.0,
0.0,
0.0,
0.0,
0.0,
0.0,
0.0,
0.0,
0.0,
0.0,
0.0,
0.0,
0.0,
0.0,
0.0,
0.0,
0.0,
0.0,
0.0,
0.0,
0.0,
0.0,
0.0,
0.0,
0.0,
0.0,
0.0,
0.0,
0.0,
0.0,
0.0,
0.0,
0.0,
0.0,
0.0,
0.0,
0.0,
0.0,
0.0,
0.0,
0.0,
0.0,
0.0,
0.0,
0.0,
0.0,
0.0,
0.0,
0.0,
0.0,
0.0,
0.0,
0.0,
0.0,
0.0,
0.0,
0.0,
0.0,
0.0,
0.0,
0.0,
0.0,
0.0,
0.0,
0.0,
0.0,
0.0,
0.0,
0.0,
0.0,
0.0,
0.0,
0.0,
0.0,
0.0,
0.0,
0.0,
0.0,
0.0,
0.0,
0.0,
0.0,
0.0,
0.0,
0.0,
0.0,
0.0,
0.0,
0.0,
0.0,
0.0,
0.0,
0.0,
0.0,
0.0,
0.0,
0.0,
0.0,
0.0,
0.0,
0.0,
0.0,
0.0,
0.0,
0.0,
0.0,
0.0,
0.0,
0.0,
0.0,
0.0,
0.0,
0.0,
0.0,
0.0,
0.0,
0.0,
0.0,
0.0,
0.0,
0.0,
0.0,
0.0,
0.0,
0.0,
0.0,
0.0,
0.0,
0.0,
0.0,
0.0,
0.0,
0.0,
0.0,
0.0,
0.0,
0.0,
0.0,
0.0,
0.0,
0.0,
0.0,
0.0,
0.0,
0.0,
0.0,
0.0,
0.0,
0.0,
0.0,
0.0,
0.0,
0.0,
0.0,
0.0,
0.0,
0.0,
0.0,
0.0,
0.0,
0.0,
0.0,
0.0,
0.0,
0.0,
0.0,
0.0,
0.0,
0.0,
0.0,
0.0,
0.0,
0.0,
0.0,
0.0,
0.0,
0.0,
0.0,
0.0,
0.0,
0.0,
0.0,
0.0,
0.0,
0.0,
0.0,
0.0,
0.0,
0.0,
0.0,
0.0,
0.0,
0.0,
0.0,
0.0,
0.0,
0.0,
0.0,
0.0,
0.0,
0.0,
0.0,
0.0,
0.0,
0.0,
0.0,
0.0,
0.0,
0.0,
0.0,
0.0,
0.0,
0.0,
0.0,
0.0,
0.0,
0.0,
0.0,
0.0,
0.0,
0.0,
0.0,
0.0,
0.0,
0.0,
0.0,
0.0,
0.0,
0.0,
0.0,
0.0,
0.0,
0.0,
0.0,
0.0,
0.0,
0.0,
0.0,
0.0,
0.0,
0.0,
0.0,
0.0,
0.0,
0.0,
0.0,
0.0,
0.0,
0.0,
0.0,
0.0,
0.0,
0.0,
0.0,
0.0,
0.0,
0.0,
0.0,
0.0,
0.0,
0.0,
0.0,
0.0,
0.0,
0.0,
0.0,
0.0,
0.0,
0.0,
0.0,
0.0,
0.0,
0.0,
0.0,
0.0,
0.0,
0.0,
0.0,
0.0,
0.0,
0.0,
0.0,
0.0,
0.0,
0.0,
0.0,
0.0,
0.0,
0.0,
0.0,
0.0,
0.0,
0.0,
0.0,
0.0,
0.0,
0.0,
0.0,
0.0,
0.0,
0.0,
0.0,
0.0,
0.0,
0.0,
0.0,
0.0,
0.0,
0.0,
0.0,
0.0,
0.0,
0.0,
0.0,
0.0,
0.0,
0.0,
0.0,
0.0,
0.0,
0.0,
0.0,
0.0,
0.0,
0.0,
0.0,
0.0,
0.0,
0.0,
0.0,
0.0,
0.0,
0.0,
0.0,
0.0,
0.0,
0.0,
0.0,
0.0,
0.0,
0.0,
0.0,
0.0,
0.0,
0.0,
0.0,
0.0,
0.0,
0.0,
0.0,
0.0,
0.0,
0.0,
0.0,
0.0,
0.0,
0.0,
0.0,
0.0,
0.0,
0.0,
0.0,
0.0,
0.0,
0.0,
0.0,
0.0,
0.0,
0.0,
0.0,
0.0,
0.0,
0.0,
0.0,
0.0,
0.0,
0.0,
0.0,
0.0,
0.0,
0.0,
0.0,
0.0,
0.0,
0.0,
0.0,
0.0,
0.0,
0.0,
0.0,
0.0,
0.0,
0.0,
0.0,
0.0,
0.0,
0.0,
0.0,
0.0,
0.0,
0.0,
0.0,
0.0,
0.0,
0.0,
0.0,
0.0,
0.0,
0.0,
0.0,
0.0,
0.0,
0.0,
0.0,
0.0,
0.0,
0.0,
0.0,
0.0,
0.0,
0.0,
0.0,
0.0,
0.0,
0.0,
0.0,
0.0,
0.0,
0.0,
0.0,
0.0,
0.0,
0.0,
0.0,
0.0,
0.0,
0.0,
0.0,
0.0,
0.0,
0.0,
0.0,
0.0,
0.0,
0.0,
0.0,
0.0,
0.0,
0.0,
0.0,
0.0,
0.0,
0.0,
0.0,
0.0,
0.0,
0.0,
0.0,
0.0,
0.0,
0.0,
0.0,
0.0,
0.0,
0.0,
0.0,
0.0,
0.0,
0.0,
0.0,
0.0,
0.0,
0.0,
0.0,
0.0,
0.0,
0.0,
0.0,
0.0,
0.0,
0.0,
0.0,
0.0,
0.0,
0.0,
0.0,
0.0,
0.0,
0.0,
0.0,
0.0,
0.0,
0.0,
0.0,
0.0,
0.0,
0.0,
0.0,
0.0,
0.0,
0.0,
0.0,
0.0,
0.0,
0.0,
0.0,
0.0,
0.0,
0.0,
0.0,
0.0,
0.0,
0.0,
0.0,
0.0,
0.0,
0.0,
0.0,
0.0,
0.0,
0.0,
0.0,
0.0,
0.0,
0.0,
0.0,
0.0,
0.0,
0.0,
0.0,
0.0,
0.0,
0.0,
0.0,
0.0,
0.0,
0.0,
0.0,
0.0,
0.0,
0.0,
0.0,
0.0,
0.0,
0.0,
0.0,
0.0,
0.0,
0.0,
0.0,
0.0,
0.0,
0.0,
0.0,
0.0,
0.0,
0.0,
0.0,
0.0,
0.0,
0.0,
0.0,
0.0,
0.0,
0.0,
0.0,
0.0,
0.0,
0.0,
0.0,
0.0,
0.0,
0.0,
0.0,
0.0,
0.0,
0.0,
0.0,
0.0,
0.0,
0.0,
0.0,
0.0,
0.0,
0.0,
0.0,
0.0,
0.0,
0.0,
0.0,
0.0,
0.0,
0.0,
0.0,
0.0,
0.0,
0.0,
0.0,
0.0,
0.0,
0.0,
0.0,
0.0,
0.0,
0.0,
0.0,
0.0,
0.0,
0.0,
0.0,
0.0,
0.0,
0.0,
0.0,
0.0,
0.0,
0.0,
0.0,
0.0,
0.0,
0.0,
0.0,
0.0,
0.0,
0.0,
0.0,
0.0,
0.0,
0.0,
0.0,
0.0,
0.0,
0.0,
0.0,
0.0,
0.0,
0.0,
0.0,
0.0,
0.0,
0.0,
0.0,
0.0,
0.0,
0.0,
0.0,
0.0,
0.0,
0.0,
0.0,
0.0,
0.0,
0.0,
0.0,
0.0,
0.0,
0.0,
0.0,
0.0,
0.0,
0.0,
0.0,
0.0,
0.0,
0.0,
0.0,
0.0,
0.0,
0.0,
0.0,
0.0,
0.0,
0.0,
0.0,
0.0,
0.0,
0.0,
0.0,
0.0,
0.0,
0.0,
0.0,
0.0,
0.0,
0.0,
0.0,
0.0,
0.0,
0.0,
0.0,
0.0,
0.0,
0.0,
0.0,
0.0,
0.0,
0.0,
0.0,
0.0,
0.0,
0.0,
0.0,
0.0,
0.0,
0.0,
0.0,
0.0,
0.0,
0.0,
0.0,
0.0,
0.0,
0.0,
0.0,
0.0,
0.0,
0.0,
0.0,
0.0,
0.0,
0.0,
0.0,
0.0,
0.0,
0.0,
0.0,
0.0,
0.0,
0.0,
0.0,
0.0,
0.0,
0.0,
0.0,
0.0,
0.0,
0.0,
0.0,
0.0,
0.0,
0.0,
0.0,
0.0,
0.0,
0.0,
0.0,
0.0,
0.0,
0.0,
0.0,
0.0,
0.0,
0.0,
0.0,
0.0,
0.0,
0.0,
0.0,
0.0,
0.0,
0.0,
0.0,
0.0,
0.0,
0.0,
0.0,
0.0,
0.0,
