1.0499999523162842,
1.072951316833496,
1.0740083456039429,
1.0743377208709717,
1.0748015642166138,
1.0752445459365845,
1.0755045413970947,
1.0757921934127808,
1.0758858919143677,
1.0760679244995117,
1.0762512683868408,
1.0762965679168701,
1.0762978792190552,
1.0763566493988037,
1.0763846635818481,
1.076454520225525,
1.0763294696807861,
1.0764013528823853,
1.076434850692749,
1.0764062404632568,
1.076597809791565,
1.0764546394348145,
1.0764669179916382,
1.0763684511184692,
1.0764108896255493,
1.0764615535736084,
1.0762898921966553,
1.0764073133468628,
1.0764262676239014,
1.0764024257659912,
1.0764285326004028,
1.0764402151107788,
1.0764104127883911,
1.076413631439209,
1.0764508247375488,
1.0763664245605469,
1.0764437913894653,
1.0763403177261353,
1.076363205909729,
1.0763310194015503,
1.07639479637146,
1.076258897781372,
1.0762486457824707,
1.0762702226638794,
1.0761948823928833,
1.0762240886688232,
1.0761436223983765,
1.076039433479309,
1.0761289596557617,
1.0760676860809326,
1.0760458707809448,
1.0762699842453003,
1.0763673782348633,
1.0764719247817993,
1.0764816999435425,
1.0763343572616577,
1.07598876953125,
1.0759432315826416,
1.0757850408554077,
1.0759118795394897,
1.0758702754974365,
1.075830340385437,
1.0758239030838013,
1.075843095779419,
1.075737476348877,
1.0757449865341187,
1.0755969285964966,
1.0756068229675293,
1.0756871700286865,
1.0757131576538086,
1.0757535696029663,
1.0756534337997437,
1.0756864547729492,
1.0755045413970947,
1.0754057168960571,
1.0753672122955322,
1.0755043029785156,
1.0754300355911255,
1.0753604173660278,
1.0753833055496216,
1.0753364562988281,
1.075331687927246,
1.0753581523895264,
1.0752735137939453,
1.0751478672027588,
1.0752300024032593,
1.0750858783721924,
1.0751138925552368,
1.0750880241394043,
1.0750205516815186,
1.0750302076339722,
1.0749986171722412,
1.0750013589859009,
1.0749421119689941,
1.0750118494033813,
1.0749726295471191,
1.0749719142913818,
1.0750293731689453,
1.0748730897903442,
1.0749753713607788,
1.0749281644821167,
1.0748145580291748,
1.0747756958007812,
1.0747581720352173,
1.0748778581619263,
1.0747369527816772,
1.0746135711669922,
1.074712872505188,
1.0745950937271118,
1.0744229555130005,
1.0744972229003906,
1.0746018886566162,
1.0744694471359253,
1.0744218826293945,
1.07438325881958,
1.074316143989563,
1.0742051601409912,
1.0742038488388062,
1.0741140842437744,
1.074162483215332,
1.0741335153579712,
1.0741146802902222,
1.0741652250289917,
1.074063777923584,
1.0740283727645874,
1.0740770101547241,
1.0739654302597046,
1.073979139328003,
1.0738564729690552,
1.0738013982772827,
1.0737643241882324,
1.0737601518630981,
1.0737855434417725,
1.07370126247406,
1.0736275911331177,
1.0735551118850708,
1.0734281539916992,
1.0734262466430664,
1.0733513832092285,
1.0733845233917236,
1.0732957124710083,
1.0733600854873657,
1.0732749700546265,
1.0732601881027222,
1.073232650756836,
1.073152780532837,
1.0730154514312744,
1.0731791257858276,
1.0731765031814575,
1.0729281902313232,
1.0729045867919922,
1.0729684829711914,
1.0728691816329956,
1.0729031562805176,
1.0728720426559448,
1.0727322101593018,
1.072756290435791,
1.072655439376831,
1.072615385055542,
1.0725332498550415,
1.0723928213119507,
1.0723294019699097,
1.0724295377731323,
1.072231650352478,
1.0722848176956177,
1.0722877979278564,
1.0723416805267334,
1.07248055934906,
1.072447419166565,
1.0723117589950562,
1.072173833847046,
1.0720129013061523,
1.0719587802886963,
1.0718413591384888,
1.0720691680908203,
1.072137713432312,
1.0722404718399048,
1.0720851421356201,
1.0719813108444214,
1.0714764595031738,
1.0718227624893188,
1.071643352508545,
1.0715004205703735,
1.0713775157928467,
1.071345329284668,
1.0713224411010742,
1.0712554454803467,
1.0711917877197266,
1.0709340572357178,
1.070984125137329,
1.071001410484314,
1.0709803104400635,
1.070935845375061,
1.0709233283996582,
1.0710062980651855,
1.0710657835006714,
1.0710493326187134,
1.0709233283996582,
1.0707502365112305,
1.070523977279663,
1.070324182510376,
1.070480227470398,
1.0704563856124878,
1.0706570148468018,
1.0708426237106323,
1.0708447694778442,
1.0703984498977661,
1.070641279220581,
1.0700809955596924,
1.0703027248382568,
1.0700098276138306,
1.0698810815811157,
1.0698078870773315,
1.0696996450424194,
1.069655418395996,
1.0694668292999268,
1.0694974660873413,
1.0693200826644897,
1.0693339109420776,
1.069169521331787,
1.069299340248108,
1.0692059993743896,
1.0693103075027466,
1.0688855648040771,
1.0692832469940186,
1.0690767765045166,
1.06881844997406,
1.0688285827636719,
1.0685664415359497,
1.068637728691101,
1.0684151649475098,
1.0684568881988525,
1.0650296211242676,
1.0686696767807007,
1.0684398412704468,
1.068489909172058,
1.068429946899414,
1.0683410167694092,
1.0680770874023438,
1.0678989887237549,
1.0679417848587036,
1.0677725076675415,
1.0676027536392212,
1.0676919221878052,
1.06749427318573,
1.067238211631775,
1.0672215223312378,
1.067106008529663,
1.0672818422317505,
1.0672130584716797,
1.0646958351135254,
1.0670790672302246,
1.0669535398483276,
1.0670729875564575,
1.0669621229171753,
1.066552996635437,
1.0667039155960083,
1.0664955377578735,
1.0665854215621948,
1.0659910440444946,
1.0663328170776367,
1.066428542137146,
1.0664488077163696,
1.0662033557891846,
1.0662617683410645,
1.0660146474838257,
1.0659023523330688,
1.0658124685287476,
1.0656909942626953,
1.0654853582382202,
1.0656229257583618,
1.0654025077819824,
1.0650278329849243,
1.0650306940078735,
1.064820408821106,
1.0648536682128906,
1.0647655725479126,
1.0645062923431396,
1.0645778179168701,
1.0646287202835083,
1.0644508600234985,
1.0644606351852417,
1.0635318756103516,
1.0638363361358643,
1.064363718032837,
1.0640137195587158,
1.0639842748641968,
1.0639935731887817,
1.0640203952789307,
1.063815712928772,
1.0638980865478516,
1.063438892364502,
1.0636515617370605,
1.063499927520752,
1.0636216402053833,
1.063310980796814,
1.0626178979873657,
1.0630062818527222,
1.0627700090408325,
1.0623655319213867,
1.062678575515747,
1.0624953508377075,
1.0623984336853027,
1.0621587038040161,
1.0620378255844116,
1.0619829893112183,
1.0618841648101807,
1.0617799758911133,
1.0616872310638428,
1.0614972114562988,
1.061612606048584,
1.061315655708313,
1.0612019300460815,
1.0610300302505493,
1.0610073804855347,
1.0607210397720337,
1.0606510639190674,
1.0608627796173096,
1.0607794523239136,
1.0605425834655762,
1.0604723691940308,
1.060105562210083,
1.060351014137268,
1.0601555109024048,
1.0597989559173584,
1.0596781969070435,
1.0597933530807495,
1.0595972537994385,
1.0594661235809326,
1.059295654296875,
1.0592914819717407,
1.058901071548462,
1.0585130453109741,
1.058692455291748,
1.058548092842102,
1.0585848093032837,
1.058440089225769,
1.0588315725326538,
1.0588726997375488,
1.0587619543075562,
1.0585734844207764,
1.058383822441101,
1.0581554174423218,
1.058152675628662,
1.058239459991455,
1.0580511093139648,
1.0579948425292969,
1.0584633350372314,
1.058408260345459,
1.0581541061401367,
1.058113932609558,
1.0581916570663452,
1.0577977895736694,
1.0574889183044434,
1.0570757389068604,
1.056631326675415,
1.0566147565841675,
1.056227445602417,
1.0562212467193604,
1.0561182498931885,
1.0559722185134888,
1.0556657314300537,
1.0554308891296387,
1.0554614067077637,
1.0551155805587769,
1.0550596714019775,
1.0549191236495972,
1.0549966096878052,
1.053356647491455,
1.0544627904891968,
1.054300308227539,
1.0542943477630615,
1.0538573265075684,
1.0540305376052856,
1.0539149045944214,
1.053841471672058,
1.0538755655288696,
1.0538380146026611,
1.0535765886306763,
1.0536025762557983,
1.0533815622329712,
1.0530329942703247,
1.0527156591415405,
1.0525966882705688,
1.0522950887680054,
1.0518447160720825,
1.051925778388977,
1.0515021085739136,
1.051283359527588,
1.051358938217163,
1.0512129068374634,
1.0509122610092163,
1.0506643056869507,
1.0506596565246582,
1.0502872467041016,
1.0501126050949097,
1.0501335859298706,
1.0498169660568237,
1.049696445465088,
1.0493522882461548,
1.0490589141845703,
1.0487711429595947,
1.048718810081482,
1.0488896369934082,
1.0485783815383911,
1.048598289489746,
1.0486047267913818,
1.048351764678955,
1.0481237173080444,
1.0478028059005737,
1.0478142499923706,
1.0474131107330322,
1.0471320152282715,
1.0465354919433594,
1.0462278127670288,
1.0460569858551025,
1.045506477355957,
1.045539379119873,
1.0454074144363403,
1.0448129177093506,
1.044639229774475,
1.0447255373001099,
1.0443692207336426,
1.0441151857376099,
1.0437946319580078,
1.0437934398651123,
1.0436739921569824,
1.0434622764587402,
1.04308021068573,
1.0426535606384277,
1.042310118675232,
1.0420446395874023,
1.0419349670410156,
1.0419602394104004,
1.0418788194656372,
1.0415711402893066,
1.041015863418579,
1.0409421920776367,
1.0408796072006226,
1.0404919385910034,
1.0403746366500854,
1.0396956205368042,
1.0393813848495483,
1.0390470027923584,
1.03858482837677,
1.0380301475524902,
1.0378910303115845,
1.0374757051467896,
1.0372490882873535,
1.0368964672088623,
1.0365928411483765,
1.0363595485687256,
1.0360708236694336,
1.0357767343521118,
1.0354058742523193,
1.0350875854492188,
1.0347639322280884,
1.0346169471740723,
1.0341492891311646,
1.0338674783706665,
1.0332452058792114,
1.0329399108886719,
1.0327348709106445,
1.032509684562683,
1.0321400165557861,
1.03203284740448,
1.0313798189163208,
1.0313405990600586,
1.0311427116394043,
1.0305297374725342,
1.0303834676742554,
1.029890537261963,
1.0291452407836914,
1.028668999671936,
1.0280897617340088,
1.0276782512664795,
1.0273760557174683,
1.0268281698226929,
1.0262558460235596,
1.0260133743286133,
1.0253559350967407,
1.025089979171753,
1.0244884490966797,
1.0239901542663574,
1.0235446691513062,
1.0230211019515991,
1.0223959684371948,
1.0217640399932861,
1.0212626457214355,
1.0206971168518066,
1.0201433897018433,
1.0194697380065918,
1.019206166267395,
1.0189440250396729,
1.0182645320892334,
1.0181071758270264,
1.0175219774246216,
1.0170942544937134,
1.016550898551941,
1.0159239768981934,
1.015411376953125,
1.0130962133407593,
1.0134916305541992,
1.012614369392395,
1.011744499206543,
1.0109062194824219,
1.010087490081787,
1.00943922996521,
1.007476568222046,
1.00591242313385,
1.0036300420761108,
1.0015180110931396,
1.0031887292861938,
1.002308964729309,
1.0024046897888184,
1.0012046098709106,
1.0004054307937622,
0.9995814561843872,
0.9985358715057373,
0.9977161884307861,
0.9969549179077148,
0.9960512518882751,
0.9950738549232483,
0.9929373860359192,
0.9931410551071167,
0.9925229549407959,
0.9916217923164368,
0.9907160997390747,
0.9897427558898926,
0.9886383414268494,
0.9876017570495605,
0.9864329099655151,
0.9851593971252441,
0.9837042689323425,
0.982563853263855,
0.9814607501029968,
0.9800929427146912,
0.9791304469108582,
0.9778058528900146,
0.9765839576721191,
0.9754320979118347,
0.9741666316986084,
0.972923755645752,
0.9717918634414673,
0.9704200029373169,
0.9692949652671814,
0.9681602120399475,
0.9670389294624329,
0.965679943561554,
0.9645094275474548,
0.9631812572479248,
0.9619239568710327,
0.9605535268783569,
0.9593697786331177,
0.9582839012145996,
0.9571497440338135,
0.9557827115058899,
0.9544987082481384,
0.9532836675643921,
0.952055811882019,
0.9507485628128052,
0.949604868888855,
0.9482358694076538,
0.9469470381736755,
0.9457917809486389,
0.9445722699165344,
0.9432048797607422,
0.9421729445457458,
0.9410356879234314,
0.9395431280136108,
0.9383395910263062,
0.9368915557861328,
0.9357523918151855,
0.9344795346260071,
0.9330765604972839,
0.9321083426475525,
0.9307476878166199,
0.9296029210090637,
0.9284765720367432,
0.9271787405014038,
0.9258993268013,
0.9245148301124573,
0.9234693646430969,
0.9222313165664673,
0.9209699630737305,
0.9197215437889099,
0.9184967279434204,
0.9174016118049622,
0.9161532521247864,
0.9148939251899719,
0.9138712286949158,
0.9123722314834595,
0.911045253276825,
0.9099407196044922,
0.9084275364875793,
0.9070615172386169,
0.9055662155151367,
0.9043369293212891,
0.9030295610427856,
0.9017396569252014,
0.9004441499710083,
0.8993271589279175,
0.8976931571960449,
0.8965674042701721,
0.8952124118804932,
0.8938983678817749,
0.892941415309906,
0.8912853598594666,
0.8899343013763428,
0.8887097239494324,
0.8829301595687866,
0.8865056037902832,
0.8818783164024353,
0.8838838338851929,
0.8826841115951538,
0.8811094164848328,
0.8811094164848328,
0.8811094164848328,
0.0,
0.0,
0.0,
0.0,
0.0,
0.0,
0.0,
0.0,
0.0,
0.0,
0.0,
0.0,
0.0,
0.0,
0.0,
0.0,
0.0,
0.0,
0.0,
0.0,
0.0,
0.0,
0.0,
0.0,
0.0,
0.0,
0.0,
0.0,
0.0,
0.0,
0.0,
0.0,
0.0,
0.0,
0.0,
0.0,
0.0,
0.0,
0.0,
0.0,
0.0,
0.0,
0.0,
0.0,
0.0,
0.0,
0.0,
0.0,
0.0,
0.0,
0.0,
0.0,
0.0,
0.0,
0.0,
0.0,
0.0,
0.0,
0.0,
0.0,
0.0,
0.0,
0.0,
0.0,
0.0,
0.0,
0.0,
0.0,
0.0,
0.0,
0.0,
0.0,
0.0,
0.0,
0.0,
0.0,
0.0,
0.0,
0.0,
0.0,
0.0,
0.0,
0.0,
0.0,
0.0,
0.0,
0.0,
0.0,
0.0,
0.0,
0.0,
0.0,
0.0,
0.0,
0.0,
0.0,
0.0,
0.0,
0.0,
0.0,
0.0,
0.0,
0.0,
0.0,
0.0,
0.0,
0.0,
0.0,
0.0,
0.0,
0.0,
0.0,
0.0,
0.0,
0.0,
0.0,
0.0,
0.0,
0.0,
0.0,
0.0,
0.0,
0.0,
0.0,
0.0,
0.0,
0.0,
0.0,
0.0,
0.0,
0.0,
0.0,
0.0,
0.0,
0.0,
0.0,
0.0,
0.0,
0.0,
0.0,
0.0,
0.0,
0.0,
0.0,
0.0,
0.0,
0.0,
0.0,
0.0,
0.0,
0.0,
0.0,
0.0,
0.0,
0.0,
0.0,
0.0,
0.0,
0.0,
0.0,
0.0,
0.0,
0.0,
0.0,
0.0,
0.0,
0.0,
0.0,
0.0,
0.0,
0.0,
0.0,
0.0,
0.0,
0.0,
0.0,
0.0,
0.0,
0.0,
0.0,
0.0,
0.0,
0.0,
0.0,
0.0,
0.0,
0.0,
0.0,
0.0,
0.0,
0.0,
0.0,
0.0,
0.0,
0.0,
0.0,
0.0,
0.0,
0.0,
0.0,
0.0,
0.0,
0.0,
0.0,
0.0,
0.0,
0.0,
0.0,
0.0,
0.0,
0.0,
0.0,
0.0,
0.0,
0.0,
0.0,
0.0,
0.0,
0.0,
0.0,
0.0,
0.0,
0.0,
0.0,
0.0,
0.0,
0.0,
0.0,
0.0,
0.0,
0.0,
0.0,
0.0,
0.0,
0.0,
0.0,
0.0,
0.0,
0.0,
0.0,
0.0,
0.0,
0.0,
0.0,
0.0,
0.0,
0.0,
0.0,
0.0,
0.0,
0.0,
0.0,
0.0,
0.0,
0.0,
0.0,
0.0,
0.0,
0.0,
0.0,
0.0,
0.0,
0.0,
0.0,
0.0,
0.0,
0.0,
0.0,
0.0,
0.0,
0.0,
0.0,
0.0,
0.0,
0.0,
0.0,
0.0,
0.0,
0.0,
0.0,
0.0,
0.0,
0.0,
0.0,
0.0,
0.0,
0.0,
0.0,
0.0,
0.0,
0.0,
0.0,
0.0,
0.0,
0.0,
0.0,
0.0,
0.0,
0.0,
0.0,
0.0,
0.0,
0.0,
0.0,
0.0,
0.0,
0.0,
0.0,
0.0,
0.0,
0.0,
0.0,
0.0,
0.0,
0.0,
0.0,
0.0,
0.0,
0.0,
0.0,
0.0,
0.0,
0.0,
0.0,
0.0,
0.0,
0.0,
0.0,
0.0,
0.0,
0.0,
0.0,
0.0,
0.0,
0.0,
0.0,
0.0,
0.0,
0.0,
0.0,
0.0,
0.0,
0.0,
0.0,
0.0,
0.0,
0.0,
0.0,
0.0,
0.0,
0.0,
0.0,
0.0,
0.0,
0.0,
0.0,
0.0,
0.0,
0.0,
0.0,
0.0,
0.0,
0.0,
0.0,
0.0,
0.0,
0.0,
0.0,
0.0,
0.0,
0.0,
0.0,
0.0,
0.0,
0.0,
0.0,
0.0,
0.0,
0.0,
0.0,
0.0,
0.0,
0.0,
0.0,
0.0,
0.0,
0.0,
0.0,
0.0,
0.0,
0.0,
0.0,
0.0,
0.0,
0.0,
0.0,
0.0,
0.0,
0.0,
0.0,
0.0,
0.0,
0.0,
0.0,
0.0,
0.0,
0.0,
0.0,
0.0,
0.0,
0.0,
0.0,
0.0,
0.0,
0.0,
0.0,
0.0,
0.0,
0.0,
0.0,
0.0,
0.0,
0.0,
0.0,
0.0,
0.0,
0.0,
0.0,
0.0,
0.0,
0.0,
0.0,
0.0,
0.0,
0.0,
0.0,
0.0,
0.0,
0.0,
0.0,
0.0,
0.0,
0.0,
0.0,
0.0,
0.0,
0.0,
0.0,
0.0,
0.0,
0.0,
0.0,
0.0,
0.0,
0.0,
0.0,
0.0,
0.0,
0.0,
0.0,
0.0,
0.0,
0.0,
0.0,
0.0,
0.0,
0.0,
0.0,
0.0,
0.0,
0.0,
0.0,
0.0,
0.0,
0.0,
0.0,
0.0,
0.0,
0.0,
0.0,
0.0,
0.0,
0.0,
0.0,
0.0,
0.0,
0.0,
0.0,
0.0,
0.0,
0.0,
0.0,
0.0,
0.0,
0.0,
0.0,
0.0,
0.0,
0.0,
0.0,
0.0,
0.0,
0.0,
0.0,
0.0,
0.0,
0.0,
0.0,
0.0,
0.0,
0.0,
0.0,
0.0,
0.0,
0.0,
0.0,
0.0,
0.0,
0.0,
0.0,
0.0,
0.0,
0.0,
0.0,
0.0,
0.0,
0.0,
0.0,
0.0,
0.0,
0.0,
0.0,
0.0,
0.0,
0.0,
0.0,
0.0,
0.0,
0.0,
0.0,
0.0,
0.0,
0.0,
0.0,
0.0,
0.0,
0.0,
0.0,
0.0,
0.0,
0.0,
0.0,
0.0,
0.0,
0.0,
0.0,
0.0,
0.0,
0.0,
0.0,
0.0,
0.0,
0.0,
0.0,
0.0,
0.0,
0.0,
0.0,
0.0,
0.0,
0.0,
0.0,
0.0,
0.0,
0.0,
0.0,
0.0,
0.0,
0.0,
0.0,
0.0,
0.0,
0.0,
0.0,
0.0,
0.0,
0.0,
0.0,
0.0,
0.0,
0.0,
0.0,
0.0,
0.0,
0.0,
0.0,
0.0,
0.0,
0.0,
0.0,
0.0,
0.0,
0.0,
0.0,
0.0,
0.0,
0.0,
0.0,
0.0,
0.0,
0.0,
0.0,
0.0,
0.0,
0.0,
0.0,
0.0,
0.0,
0.0,
0.0,
0.0,
0.0,
0.0,
0.0,
0.0,
0.0,
0.0,
0.0,
0.0,
0.0,
0.0,
0.0,
0.0,
0.0,
0.0,
0.0,
0.0,
0.0,
0.0,
0.0,
0.0,
0.0,
0.0,
0.0,
0.0,
0.0,
0.0,
0.0,
0.0,
0.0,
0.0,
0.0,
0.0,
0.0,
0.0,
0.0,
0.0,
0.0,
0.0,
0.0,
0.0,
0.0,
0.0,
0.0,
0.0,
0.0,
0.0,
0.0,
0.0,
0.0,
0.0,
0.0,
0.0,
0.0,
0.0,
0.0,
0.0,
0.0,
0.0,
0.0,
0.0,
0.0,
0.0,
0.0,
0.0,
0.0,
0.0,
0.0,
0.0,
0.0,
0.0,
0.0,
0.0,
0.0,
0.0,
0.0,
0.0,
0.0,
0.0,
0.0,
0.0,
0.0,
0.0,
0.0,
0.0,
0.0,
0.0,
0.0,
0.0,
0.0,
0.0,
0.0,
0.0,
0.0,
0.0,
0.0,
0.0,
0.0,
0.0,
0.0,
0.0,
0.0,
0.0,
0.0,
0.0,
0.0,
0.0,
0.0,
0.0,
0.0,
0.0,
0.0,
0.0,
0.0,
0.0,
0.0,
0.0,
0.0,
0.0,
0.0,
0.0,
0.0,
0.0,
0.0,
0.0,
0.0,
0.0,
0.0,
0.0,
0.0,
0.0,
0.0,
0.0,
0.0,
0.0,
0.0,
0.0,
0.0,
0.0,
0.0,
0.0,
0.0,
0.0,
0.0,
0.0,
0.0,
0.0,
0.0,
0.0,
0.0,
0.0,
0.0,
0.0,
0.0,
0.0,
0.0,
0.0,
0.0,
0.0,
0.0,
0.0,
0.0,
0.0,
0.0,
0.0,
0.0,
0.0,
0.0,
0.0,
0.0,
0.0,
0.0,
0.0,
0.0,
0.0,
0.0,
0.0,
0.0,
0.0,
0.0,
0.0,
0.0,
0.0,
0.0,
0.0,
0.0,
0.0,
0.0,
0.0,
0.0,
0.0,
0.0,
0.0,
0.0,
0.0,
0.0,
0.0,
0.0,
0.0,
0.0,
0.0,
0.0,
0.0,
0.0,
0.0,
0.0,
0.0,
0.0,
0.0,
0.0,
0.0,
0.0,
0.0,
0.0,
0.0,
0.0,
0.0,
0.0,
0.0,
0.0,
0.0,
0.0,
0.0,
0.0,
0.0,
0.0,
0.0,
0.0,
0.0,
0.0,
0.0,
0.0,
0.0,
0.0,
0.0,
0.0,
0.0,
0.0,
0.0,
0.0,
0.0,
0.0,
0.0,
0.0,
0.0,
0.0,
0.0,
0.0,
0.0,
0.0,
0.0,
0.0,
0.0,
0.0,
0.0,
0.0,
0.0,
0.0,
0.0,
0.0,
0.0,
0.0,
0.0,
0.0,
0.0,
0.0,
0.0,
0.0,
0.0,
0.0,
0.0,
0.0,
0.0,
0.0,
0.0,
0.0,
0.0,
0.0,
0.0,
0.0,
0.0,
0.0,
0.0,
0.0,
0.0,
0.0,
0.0,
0.0,
0.0,
0.0,
0.0,
0.0,
0.0,
0.0,
0.0,
0.0,
0.0,
0.0,
0.0,
0.0,
0.0,
0.0,
0.0,
0.0,
0.0,
0.0,
0.0,
0.0,
0.0,
0.0,
0.0,
0.0,
0.0,
0.0,
0.0,
0.0,
0.0,
0.0,
0.0,
0.0,
0.0,
0.0,
0.0,
0.0,
0.0,
0.0,
0.0,
0.0,
0.0,
0.0,
0.0,
0.0,
0.0,
0.0,
0.0,
0.0,
0.0,
0.0,
0.0,
0.0,
0.0,
0.0,
0.0,
0.0,
0.0,
0.0,
0.0,
0.0,
0.0,
0.0,
0.0,
0.0,
0.0,
0.0,
0.0,
0.0,
0.0,
0.0,
0.0,
0.0,
0.0,
0.0,
0.0,
0.0,
0.0,
0.0,
0.0,
0.0,
0.0,
0.0,
0.0,
0.0,
0.0,
0.0,
0.0,
0.0,
0.0,
0.0,
0.0,
0.0,
0.0,
0.0,
0.0,
0.0,
0.0,
0.0,
0.0,
0.0,
0.0,
0.0,
0.0,
0.0,
0.0,
0.0,
0.0,
0.0,
0.0,
0.0,
0.0,
0.0,
0.0,
0.0,
0.0,
0.0,
0.0,
0.0,
0.0,
0.0,
0.0,
0.0,
0.0,
0.0,
0.0,
0.0,
0.0,
0.0,
0.0,
0.0,
0.0,
0.0,
0.0,
0.0,
0.0,
0.0,
0.0,
0.0,
0.0,
0.0,
0.0,
0.0,
0.0,
0.0,
0.0,
0.0,
0.0,
0.0,
0.0,
0.0,
0.0,
0.0,
0.0,
0.0,
0.0,
0.0,
0.0,
0.0,
0.0,
0.0,
0.0,
0.0,
0.0,
0.0,
0.0,
0.0,
0.0,
0.0,
0.0,
0.0,
0.0,
0.0,
0.0,
0.0,
0.0,
0.0,
0.0,
0.0,
0.0,
0.0,
0.0,
0.0,
0.0,
0.0,
0.0,
0.0,
0.0,
0.0,
0.0,
0.0,
0.0,
0.0,
0.0,
0.0,
0.0,
0.0,
0.0,
0.0,
0.0,
0.0,
0.0,
0.0,
0.0,
0.0,
0.0,
0.0,
0.0,
0.0,
0.0,
0.0,
0.0,
0.0,
0.0,
0.0,
0.0,
0.0,
0.0,
0.0,
0.0,
0.0,
0.0,
0.0,
0.0,
0.0,
0.0,
0.0,
0.0,
0.0,
0.0,
0.0,
0.0,
0.0,
0.0,
0.0,
0.0,
0.0,
0.0,
0.0,
0.0,
0.0,
0.0,
0.0,
0.0,
0.0,
0.0,
0.0,
0.0,
0.0,
0.0,
0.0,
0.0,
0.0,
0.0,
0.0,
0.0,
0.0,
0.0,
0.0,
0.0,
0.0,
0.0,
0.0,
0.0,
0.0,
0.0,
0.0,
0.0,
0.0,
0.0,
0.0,
0.0,
0.0,
0.0,
0.0,
0.0,
0.0,
0.0,
0.0,
0.0,
0.0,
0.0,
0.0,
0.0,
0.0,
0.0,
0.0,
0.0,
0.0,
0.0,
0.0,
0.0,
0.0,
0.0,
0.0,
0.0,
0.0,
0.0,
0.0,
0.0,
0.0,
0.0,
0.0,
0.0,
0.0,
0.0,
0.0,
0.0,
0.0,
0.0,
0.0,
0.0,
0.0,
0.0,
0.0,
0.0,
0.0,
0.0,
0.0,
0.0,
0.0,
0.0,
0.0,
0.0,
0.0,
0.0,
0.0,
0.0,
0.0,
0.0,
0.0,
0.0,
0.0,
0.0,
0.0,
0.0,
0.0,
0.0,
0.0,
0.0,
0.0,
0.0,
0.0,
0.0,
0.0,
0.0,
0.0,
0.0,
0.0,
0.0,
0.0,
0.0,
0.0,
0.0,
0.0,
0.0,
0.0,
0.0,
0.0,
0.0,
0.0,
0.0,
0.0,
0.0,
0.0,
0.0,
0.0,
0.0,
0.0,
0.0,
0.0,
0.0,
0.0,
0.0,
0.0,
0.0,
0.0,
0.0,
0.0,
0.0,
0.0,
0.0,
0.0,
0.0,
0.0,
0.0,
0.0,
0.0,
0.0,
0.0,
0.0,
0.0,
0.0,
0.0,
0.0,
0.0,
0.0,
0.0,
0.0,
0.0,
0.0,
0.0,
0.0,
0.0,
0.0,
0.0,
0.0,
0.0,
0.0,
0.0,
0.0,
0.0,
0.0,
0.0,
0.0,
0.0,
0.0,
0.0,
0.0,
0.0,
0.0,
0.0,
0.0,
0.0,
0.0,
0.0,
0.0,
0.0,
0.0,
0.0,
0.0,
0.0,
0.0,
0.0,
0.0,
0.0,
0.0,
0.0,
0.0,
0.0,
0.0,
0.0,
0.0,
0.0,
0.0,
0.0,
0.0,
0.0,
0.0,
0.0,
0.0,
0.0,
0.0,
0.0,
0.0,
0.0,
0.0,
0.0,
0.0,
0.0,
0.0,
0.0,
0.0,
0.0,
0.0,
0.0,
0.0,
0.0,
0.0,
0.0,
0.0,
0.0,
0.0,
0.0,
0.0,
0.0,
0.0,
0.0,
0.0,
0.0,
0.0,
0.0,
0.0,
0.0,
0.0,
0.0,
0.0,
0.0,
0.0,
0.0,
0.0,
0.0,
0.0,
0.0,
0.0,
0.0,
0.0,
0.0,
0.0,
0.0,
0.0,
0.0,
0.0,
0.0,
0.0,
0.0,
0.0,
0.0,
0.0,
0.0,
0.0,
0.0,
0.0,
0.0,
0.0,
0.0,
0.0,
0.0,
0.0,
0.0,
0.0,
0.0,
0.0,
0.0,
0.0,
0.0,
0.0,
0.0,
0.0,
0.0,
0.0,
0.0,
0.0,
0.0,
0.0,
0.0,
0.0,
0.0,
0.0,
0.0,
0.0,
0.0,
0.0,
0.0,
0.0,
0.0,
0.0,
0.0,
0.0,
0.0,
0.0,
0.0,
0.0,
0.0,
0.0,
0.0,
0.0,
0.0,
0.0,
0.0,
0.0,
0.0,
0.0,
0.0,
0.0,
0.0,
0.0,
0.0,
0.0,
0.0,
0.0,
0.0,
0.0,
0.0,
0.0,
0.0,
0.0,
0.0,
0.0,
0.0,
0.0,
0.0,
0.0,
0.0,
0.0,
0.0,
0.0,
0.0,
0.0,
0.0,
0.0,
0.0,
0.0,
0.0,
0.0,
0.0,
0.0,
0.0,
0.0,
0.0,
0.0,
0.0,
0.0,
0.0,
0.0,
0.0,
0.0,
0.0,
0.0,
0.0,
0.0,
0.0,
0.0,
0.0,
0.0,
0.0,
0.0,
0.0,
0.0,
0.0,
0.0,
0.0,
0.0,
0.0,
0.0,
0.0,
0.0,
0.0,
0.0,
0.0,
0.0,
0.0,
0.0,
0.0,
0.0,
0.0,
0.0,
0.0,
0.0,
0.0,
0.0,
0.0,
0.0,
0.0,
0.0,
0.0,
0.0,
0.0,
0.0,
0.0,
0.0,
0.0,
0.0,
0.0,
0.0,
0.0,
0.0,
0.0,
0.0,
0.0,
0.0,
0.0,
0.0,
0.0,
0.0,
0.0,
0.0,
0.0,
0.0,
0.0,
0.0,
0.0,
0.0,
0.0,
0.0,
0.0,
0.0,
0.0,
0.0,
0.0,
0.0,
0.0,
0.0,
0.0,
0.0,
0.0,
0.0,
0.0,
0.0,
0.0,
0.0,
0.0,
0.0,
0.0,
0.0,
0.0,
0.0,
0.0,
0.0,
0.0,
0.0,
0.0,
0.0,
0.0,
0.0,
0.0,
0.0,
0.0,
0.0,
0.0,
0.0,
0.0,
0.0,
0.0,
0.0,
0.0,
0.0,
0.0,
0.0,
0.0,
0.0,
0.0,
0.0,
0.0,
0.0,
0.0,
0.0,
0.0,
0.0,
0.0,
0.0,
0.0,
0.0,
0.0,
0.0,
0.0,
0.0,
0.0,
0.0,
0.0,
0.0,
0.0,
0.0,
0.0,
0.0,
0.0,
0.0,
0.0,
0.0,
0.0,
0.0,
0.0,
0.0,
0.0,
0.0,
0.0,
0.0,
0.0,
0.0,
0.0,
0.0,
0.0,
0.0,
0.0,
0.0,
0.0,
0.0,
0.0,
0.0,
0.0,
0.0,
0.0,
0.0,
0.0,
0.0,
0.0,
0.0,
0.0,
0.0,
