1.0499999523162842,
1.0499999523162842,
1.0499999523162842,
1.083868145942688,
1.0844570398330688,
1.0847878456115723,
1.085103154182434,
1.0852605104446411,
1.0854084491729736,
1.0856049060821533,
1.085719347000122,
1.085753321647644,
1.0858473777770996,
1.0857912302017212,
1.0858122110366821,
1.0858546495437622,
1.085963487625122,
1.0859524011611938,
1.0859934091567993,
1.0860233306884766,
1.086121916770935,
1.0861068964004517,
1.0861011743545532,
1.086092233657837,
1.0860953330993652,
1.0861388444900513,
1.0861408710479736,
1.086198091506958,
1.086260199546814,
1.0862820148468018,
1.086236834526062,
1.086261510848999,
1.086268663406372,
1.0862888097763062,
1.0862972736358643,
1.0862903594970703,
1.0863333940505981,
1.0863072872161865,
1.0863063335418701,
1.0862905979156494,
1.0862919092178345,
1.0861988067626953,
1.0861997604370117,
1.0861093997955322,
1.0860891342163086,
1.0861732959747314,
1.0861239433288574,
1.0860896110534668,
1.0860974788665771,
1.0860772132873535,
1.0859538316726685,
1.0861306190490723,
1.0863007307052612,
1.086442232131958,
1.086466670036316,
1.0864149332046509,
1.085965871810913,
1.0859359502792358,
1.0859695672988892,
1.085944652557373,
1.0859482288360596,
1.0859285593032837,
1.0858957767486572,
1.0859203338623047,
1.0858445167541504,
1.0858008861541748,
1.0857640504837036,
1.085736870765686,
1.085709810256958,
1.0856742858886719,
1.0856753587722778,
1.0856574773788452,
1.085591435432434,
1.0855556726455688,
1.0854642391204834,
1.0854791402816772,
1.0854610204696655,
1.0854524374008179,
1.0854439735412598,
1.0853688716888428,
1.0853427648544312,
1.0852628946304321,
1.0852771997451782,
1.085279107093811,
1.0852667093276978,
1.0852197408676147,
1.0851582288742065,
1.0851471424102783,
1.0850900411605835,
1.0850698947906494,
1.0850187540054321,
1.0850199460983276,
1.084951639175415,
1.084941029548645,
1.084936261177063,
1.0849699974060059,
1.0849007368087769,
1.0848556756973267,
1.0848274230957031,
1.0847629308700562,
1.084751009941101,
1.0847365856170654,
1.0847020149230957,
1.0846402645111084,
1.0845972299575806,
1.0845824480056763,
1.0844842195510864,
1.0844695568084717,
1.0843504667282104,
1.0842616558074951,
1.0842598676681519,
1.0842796564102173,
1.0842485427856445,
1.0842088460922241,
1.0841792821884155,
1.0841474533081055,
1.0840402841567993,
1.083980917930603,
1.083940863609314,
1.0839083194732666,
1.0839283466339111,
1.083888053894043,
1.0838567018508911,
1.0838539600372314,
1.0837756395339966,
1.0837088823318481,
1.0835936069488525,
1.0835683345794678,
1.0834954977035522,
1.0834606885910034,
1.0834522247314453,
1.0833690166473389,
1.0833324193954468,
1.083270788192749,
1.0832260847091675,
1.0831544399261475,
1.0830426216125488,
1.0830035209655762,
1.0829474925994873,
1.0829286575317383,
1.0829154253005981,
1.082913875579834,
1.0829167366027832,
1.082863450050354,
1.0827662944793701,
1.0826647281646729,
1.082608699798584,
1.0826005935668945,
1.0825752019882202,
1.0825119018554688,
1.0824437141418457,
1.0824114084243774,
1.0823986530303955,
1.0823789834976196,
1.0823307037353516,
1.0822688341140747,
1.0822042226791382,
1.082156777381897,
1.082085371017456,
1.0820391178131104,
1.0819787979125977,
1.0818618535995483,
1.0818159580230713,
1.0817716121673584,
1.0817333459854126,
1.0817005634307861,
1.0818312168121338,
1.0818878412246704,
1.0818653106689453,
1.081713318824768,
1.0815424919128418,
1.081459641456604,
1.0813504457473755,
1.0813894271850586,
1.0814944505691528,
1.0815743207931519,
1.081548810005188,
1.0814952850341797,
1.081458568572998,
1.0813337564468384,
1.0812456607818604,
1.080970287322998,
1.080881118774414,
1.0807987451553345,
1.0807101726531982,
1.0806539058685303,
1.0805580615997314,
1.0804903507232666,
1.0803840160369873,
1.0803017616271973,
1.0802316665649414,
1.0801628828048706,
1.0801587104797363,
1.080151915550232,
1.080221176147461,
1.0803166627883911,
1.0803083181381226,
1.0801644325256348,
1.0799741744995117,
1.0797983407974243,
1.079685091972351,
1.0797648429870605,
1.079958438873291,
1.0800611972808838,
1.0800913572311401,
1.0800906419754028,
1.080039381980896,
1.0799493789672852,
1.0798372030258179,
1.0795481204986572,
1.079230546951294,
1.0791447162628174,
1.0790455341339111,
1.078921914100647,
1.078858494758606,
1.0787428617477417,
1.078657627105713,
1.0785940885543823,
1.0785243511199951,
1.0784671306610107,
1.078479528427124,
1.078490138053894,
1.078511357307434,
1.078618049621582,
1.078593134880066,
1.078397512435913,
1.078171968460083,
1.0780068635940552,
1.0779170989990234,
1.0778642892837524,
1.077929139137268,
1.0780223608016968,
1.0780311822891235,
1.078001618385315,
1.0779294967651367,
1.0778483152389526,
1.0777413845062256,
1.0775309801101685,
1.07729172706604,
1.0772206783294678,
1.077160120010376,
1.0770642757415771,
1.0769259929656982,
1.0768349170684814,
1.0767425298690796,
1.0766268968582153,
1.0765812397003174,
1.0765184164047241,
1.0764800310134888,
1.0764503479003906,
1.076447606086731,
1.0765106678009033,
1.076520562171936,
1.0763624906539917,
1.076148271560669,
1.0759930610656738,
1.0758990049362183,
1.0757817029953003,
1.0758649110794067,
1.0759570598602295,
1.0759634971618652,
1.075929045677185,
1.0758637189865112,
1.0758000612258911,
1.0757015943527222,
1.0755512714385986,
1.075229525566101,
1.0751405954360962,
1.075026035308838,
1.0749698877334595,
1.074841856956482,
1.0747551918029785,
1.0746452808380127,
1.0745348930358887,
1.0744469165802002,
1.0743372440338135,
1.0742197036743164,
1.0741231441497803,
1.0740710496902466,
1.0741084814071655,
1.0740936994552612,
1.0739251375198364,
1.0737570524215698,
1.073757529258728,
1.0736520290374756,
1.0734905004501343,
1.0734543800354004,
1.073502779006958,
1.0735243558883667,
1.073560357093811,
1.0735132694244385,
1.0734686851501465,
1.0733823776245117,
1.0732898712158203,
1.0729410648345947,
1.0726406574249268,
1.072562575340271,
1.072442889213562,
1.0723196268081665,
1.0722650289535522,
1.0721166133880615,
1.0719926357269287,
1.0718791484832764,
1.0717324018478394,
1.0716102123260498,
1.0715067386627197,
1.0713846683502197,
1.0713211297988892,
1.0712183713912964,
1.0710968971252441,
1.0711137056350708,
1.0709307193756104,
1.0708893537521362,
1.0706591606140137,
1.0705821514129639,
1.070482611656189,
1.070497751235962,
1.0704443454742432,
1.070379614830017,
1.0702792406082153,
1.0701688528060913,
1.070077657699585,
1.0697989463806152,
1.0696616172790527,
1.0695383548736572,
1.0694198608398438,
1.0693120956420898,
1.0691664218902588,
1.0690220594406128,
1.0689414739608765,
1.068777322769165,
1.0686601400375366,
1.068518877029419,
1.0683624744415283,
1.0684397220611572,
1.0686192512512207,
1.0688601732254028,
1.068881869316101,
1.0687719583511353,
1.0685322284698486,
1.067976951599121,
1.0683211088180542,
1.0682311058044434,
1.0685184001922607,
1.0684608221054077,
1.0683850049972534,
1.0685606002807617,
1.0683892965316772,
1.068093180656433,
1.0681335926055908,
1.067870020866394,
1.0676110982894897,
1.0670809745788574,
1.0670254230499268,
1.0667985677719116,
1.0664772987365723,
1.0662715435028076,
1.066295862197876,
1.0658727884292603,
1.0656957626342773,
1.0655375719070435,
1.065446138381958,
1.0654304027557373,
1.065179467201233,
1.065102458000183,
1.0651183128356934,
1.0648877620697021,
1.064679741859436,
1.064662218093872,
1.0643126964569092,
1.0641093254089355,
1.0642051696777344,
1.06424880027771,
1.064108967781067,
1.064073920249939,
1.0639309883117676,
1.064049482345581,
1.0638095140457153,
1.0635524988174438,
1.0632777214050293,
1.0629940032958984,
1.0624456405639648,
1.062388300895691,
1.061943769454956,
1.0617555379867554,
1.0617327690124512,
1.0616145133972168,
1.0612844228744507,
1.0612623691558838,
1.0612199306488037,
1.0607744455337524,
1.0605701208114624,
1.0602155923843384,
1.060439109802246,
1.0600587129592896,
1.0598382949829102,
1.0596569776535034,
1.0594367980957031,
1.0590864419937134,
1.0591665506362915,
1.0590858459472656,
1.0590431690216064,
1.05880868434906,
1.0587679147720337,
1.0586296319961548,
1.0586671829223633,
1.0582671165466309,
1.0579733848571777,
1.0575957298278809,
1.0573625564575195,
1.0569343566894531,
1.0565426349639893,
1.0561455488204956,
1.0560773611068726,
1.0558562278747559,
1.0554977655410767,
1.0554012060165405,
1.0550968647003174,
1.0549629926681519,
1.0547583103179932,
1.0542515516281128,
1.0542665719985962,
1.0540839433670044,
1.0538564920425415,
1.053296446800232,
1.0532389879226685,
1.053032398223877,
1.052673101425171,
1.0523806810379028,
1.0521845817565918,
1.0521612167358398,
1.0519318580627441,
1.051866054534912,
1.0516389608383179,
1.0511300563812256,
1.051108479499817,
1.0504480600357056,
1.0499576330184937,
1.049601435661316,
1.0493324995040894,
1.0489944219589233,
1.0485570430755615,
1.0482386350631714,
1.0478540658950806,
1.0477641820907593,
1.0473746061325073,
1.0468640327453613,
1.0465824604034424,
1.0461304187774658,
1.0459481477737427,
1.0456318855285645,
1.0454689264297485,
1.045050024986267,
1.044772982597351,
1.0443552732467651,
1.0439404249191284,
1.0435290336608887,
1.0429883003234863,
1.042966365814209,
1.0426409244537354,
1.0425604581832886,
1.042005181312561,
1.0417877435684204,
1.0414438247680664,
1.0411840677261353,
1.0406379699707031,
1.040179967880249,
1.039404273033142,
1.039002537727356,
1.0386453866958618,
1.0379533767700195,
1.0376805067062378,
1.037285566329956,
1.0368030071258545,
1.0363699197769165,
1.0359069108963013,
1.035293459892273,
1.0348641872406006,
1.034537672996521,
1.03390371799469,
1.033395767211914,
1.0328588485717773,
1.0324255228042603,
1.031841516494751,
1.031227469444275,
1.030510663986206,
1.0303282737731934,
1.0299022197723389,
1.0296509265899658,
1.029198408126831,
1.028957486152649,
1.0282742977142334,
1.027909278869629,
1.0274063348770142,
1.0269314050674438,
1.0257740020751953,
1.025115728378296,
1.024396300315857,
1.0235868692398071,
1.0225859880447388,
1.0218784809112549,
1.0212410688400269,
1.0192707777023315,
1.018257975578308,
1.015710473060608,
1.014406681060791,
1.0158287286758423,
1.0148452520370483,
1.0143940448760986,
1.0134865045547485,
1.01255464553833,
1.0119776725769043,
1.0110177993774414,
1.010380506515503,
1.009383201599121,
1.0083969831466675,
1.0075269937515259,
1.0067354440689087,
1.0059512853622437,
1.0050301551818848,
1.0040987730026245,
1.0032528638839722,
1.00245201587677,
1.0014735460281372,
1.0004650354385376,
0.9994511604309082,
0.9980415105819702,
0.9969692826271057,
0.9958891272544861,
0.9950535297393799,
0.9939888715744019,
0.9928037524223328,
0.9916735887527466,
0.9905065298080444,
0.9894644021987915,
0.9884328246116638,
0.9872110486030579,
0.9858189821243286,
0.9848845601081848,
0.983977198600769,
0.9825328588485718,
0.9815033674240112,
0.9803944826126099,
0.9792240262031555,
0.9779719710350037,
0.9767063856124878,
0.9754542708396912,
0.9743871092796326,
0.9733204245567322,
0.9720500707626343,
0.9710233807563782,
0.9696300029754639,
0.9683388471603394,
0.9672068953514099,
0.9660695791244507,
0.9645968079566956,
0.9635955095291138,
0.9622915983200073,
0.9611204266548157,
0.9599130749702454,
0.958670437335968,
0.9573155641555786,
0.9558729529380798,
0.9547125101089478,
0.9536093473434448,
0.9522079825401306,
0.9510095715522766,
0.9498789310455322,
0.9483546018600464,
0.9474008083343506,
0.9462918043136597,
0.944958508014679,
0.9437080025672913,
0.942504346370697,
0.9413480758666992,
0.940115749835968,
0.9388463497161865,
0.9377308487892151,
0.9365765452384949,
0.9354819059371948,
0.9344356656074524,
0.933169960975647,
0.9320107698440552,
0.9307775497436523,
0.9297417998313904,
0.9285106658935547,
0.9272348880767822,
0.9257717132568359,
0.9245129823684692,
0.9232617020606995,
0.9219833016395569,
0.9207674264907837,
0.9194300174713135,
0.9183308482170105,
0.916887640953064,
0.9158023595809937,
0.9145243167877197,
0.913225531578064,
0.9119893908500671,
0.9107280969619751,
0.9095569849014282,
0.9082157015800476,
0.9069412350654602,
0.9057237505912781,
0.9044031500816345,
0.9032185077667236,
0.9017804265022278,
0.9005411863327026,
0.8992303013801575,
0.8981972932815552,
0.8967089653015137,
0.895751416683197,
0.8942704200744629,
0.8930068016052246,
0.8916220664978027,
0.8904575705528259,
0.889016330242157,
0.8875566720962524,
0.8863828182220459,
0.8852452039718628,
0.8837089538574219,
0.8826735615730286,
0.8809871077537537,
0.8801107406616211,
0.0,
0.0,
0.0,
0.0,
0.0,
0.0,
0.0,
0.0,
0.0,
0.0,
0.0,
0.0,
0.0,
0.0,
0.0,
0.0,
0.0,
0.0,
0.0,
0.0,
0.0,
0.0,
0.0,
0.0,
0.0,
0.0,
0.0,
0.0,
0.0,
0.0,
0.0,
0.0,
0.0,
0.0,
0.0,
0.0,
0.0,
0.0,
0.0,
0.0,
0.0,
0.0,
0.0,
0.0,
0.0,
0.0,
0.0,
0.0,
0.0,
0.0,
0.0,
0.0,
0.0,
0.0,
0.0,
0.0,
0.0,
0.0,
0.0,
0.0,
0.0,
0.0,
0.0,
0.0,
0.0,
0.0,
0.0,
0.0,
0.0,
0.0,
0.0,
0.0,
0.0,
0.0,
0.0,
0.0,
0.0,
0.0,
0.0,
0.0,
0.0,
0.0,
0.0,
0.0,
0.0,
0.0,
0.0,
0.0,
0.0,
0.0,
0.0,
0.0,
0.0,
0.0,
0.0,
0.0,
0.0,
0.0,
0.0,
0.0,
0.0,
0.0,
0.0,
0.0,
0.0,
0.0,
0.0,
0.0,
0.0,
0.0,
0.0,
0.0,
0.0,
0.0,
0.0,
0.0,
0.0,
0.0,
0.0,
0.0,
0.0,
0.0,
0.0,
0.0,
0.0,
0.0,
0.0,
0.0,
0.0,
0.0,
0.0,
0.0,
0.0,
0.0,
0.0,
0.0,
0.0,
0.0,
0.0,
0.0,
0.0,
0.0,
0.0,
0.0,
0.0,
0.0,
0.0,
0.0,
0.0,
0.0,
0.0,
0.0,
0.0,
0.0,
0.0,
0.0,
0.0,
0.0,
0.0,
0.0,
0.0,
0.0,
0.0,
0.0,
0.0,
0.0,
0.0,
0.0,
0.0,
0.0,
0.0,
0.0,
0.0,
0.0,
0.0,
0.0,
0.0,
0.0,
0.0,
0.0,
0.0,
0.0,
0.0,
0.0,
0.0,
0.0,
0.0,
0.0,
0.0,
0.0,
0.0,
0.0,
0.0,
0.0,
0.0,
0.0,
0.0,
0.0,
0.0,
0.0,
0.0,
0.0,
0.0,
0.0,
0.0,
0.0,
0.0,
0.0,
0.0,
0.0,
0.0,
0.0,
0.0,
0.0,
0.0,
0.0,
0.0,
0.0,
0.0,
0.0,
0.0,
0.0,
0.0,
0.0,
0.0,
0.0,
0.0,
0.0,
0.0,
0.0,
0.0,
0.0,
0.0,
0.0,
0.0,
0.0,
0.0,
0.0,
0.0,
0.0,
0.0,
0.0,
0.0,
0.0,
0.0,
0.0,
0.0,
0.0,
0.0,
0.0,
0.0,
0.0,
0.0,
0.0,
0.0,
0.0,
0.0,
0.0,
0.0,
0.0,
0.0,
0.0,
0.0,
0.0,
0.0,
0.0,
0.0,
0.0,
0.0,
0.0,
0.0,
0.0,
0.0,
0.0,
0.0,
0.0,
0.0,
0.0,
0.0,
0.0,
0.0,
0.0,
0.0,
0.0,
0.0,
0.0,
0.0,
0.0,
0.0,
0.0,
0.0,
0.0,
0.0,
0.0,
0.0,
0.0,
0.0,
0.0,
0.0,
0.0,
0.0,
0.0,
0.0,
0.0,
0.0,
0.0,
0.0,
0.0,
0.0,
0.0,
0.0,
0.0,
0.0,
0.0,
0.0,
0.0,
0.0,
0.0,
0.0,
0.0,
0.0,
0.0,
0.0,
0.0,
0.0,
0.0,
0.0,
0.0,
0.0,
0.0,
0.0,
0.0,
0.0,
0.0,
0.0,
0.0,
0.0,
0.0,
0.0,
0.0,
0.0,
0.0,
0.0,
0.0,
0.0,
0.0,
0.0,
0.0,
0.0,
0.0,
0.0,
0.0,
0.0,
0.0,
0.0,
0.0,
0.0,
0.0,
0.0,
0.0,
0.0,
0.0,
0.0,
0.0,
0.0,
0.0,
0.0,
0.0,
0.0,
0.0,
0.0,
0.0,
0.0,
0.0,
0.0,
0.0,
0.0,
0.0,
0.0,
0.0,
0.0,
0.0,
0.0,
0.0,
0.0,
0.0,
0.0,
0.0,
0.0,
0.0,
0.0,
0.0,
0.0,
0.0,
0.0,
0.0,
0.0,
0.0,
0.0,
0.0,
0.0,
0.0,
0.0,
0.0,
0.0,
0.0,
0.0,
0.0,
0.0,
0.0,
0.0,
0.0,
0.0,
0.0,
0.0,
0.0,
0.0,
0.0,
0.0,
0.0,
0.0,
0.0,
0.0,
0.0,
0.0,
0.0,
0.0,
0.0,
0.0,
0.0,
0.0,
0.0,
0.0,
0.0,
0.0,
0.0,
0.0,
0.0,
0.0,
0.0,
0.0,
0.0,
0.0,
0.0,
0.0,
0.0,
0.0,
0.0,
0.0,
0.0,
0.0,
0.0,
0.0,
0.0,
0.0,
0.0,
0.0,
0.0,
0.0,
0.0,
0.0,
0.0,
0.0,
0.0,
0.0,
0.0,
0.0,
0.0,
0.0,
0.0,
0.0,
0.0,
0.0,
0.0,
0.0,
0.0,
0.0,
0.0,
0.0,
0.0,
0.0,
0.0,
0.0,
0.0,
0.0,
0.0,
0.0,
0.0,
0.0,
0.0,
0.0,
0.0,
0.0,
0.0,
0.0,
0.0,
0.0,
0.0,
0.0,
0.0,
0.0,
0.0,
0.0,
0.0,
0.0,
0.0,
0.0,
0.0,
0.0,
0.0,
0.0,
0.0,
0.0,
0.0,
0.0,
0.0,
0.0,
0.0,
0.0,
0.0,
0.0,
0.0,
0.0,
0.0,
0.0,
0.0,
0.0,
0.0,
0.0,
0.0,
0.0,
0.0,
0.0,
0.0,
0.0,
0.0,
0.0,
0.0,
0.0,
0.0,
0.0,
0.0,
0.0,
0.0,
0.0,
0.0,
0.0,
0.0,
0.0,
0.0,
0.0,
0.0,
0.0,
0.0,
0.0,
0.0,
0.0,
0.0,
0.0,
0.0,
0.0,
0.0,
0.0,
0.0,
0.0,
0.0,
0.0,
0.0,
0.0,
0.0,
0.0,
0.0,
0.0,
0.0,
0.0,
0.0,
0.0,
0.0,
0.0,
0.0,
0.0,
0.0,
0.0,
0.0,
0.0,
0.0,
0.0,
0.0,
0.0,
0.0,
0.0,
0.0,
0.0,
0.0,
0.0,
0.0,
0.0,
0.0,
0.0,
0.0,
0.0,
0.0,
0.0,
0.0,
0.0,
0.0,
0.0,
0.0,
0.0,
0.0,
0.0,
0.0,
0.0,
0.0,
0.0,
0.0,
0.0,
0.0,
0.0,
0.0,
0.0,
0.0,
0.0,
0.0,
0.0,
0.0,
0.0,
0.0,
0.0,
0.0,
0.0,
0.0,
0.0,
0.0,
0.0,
0.0,
0.0,
0.0,
0.0,
0.0,
0.0,
0.0,
0.0,
0.0,
0.0,
0.0,
0.0,
0.0,
0.0,
0.0,
0.0,
0.0,
0.0,
0.0,
0.0,
0.0,
0.0,
0.0,
0.0,
0.0,
0.0,
0.0,
0.0,
0.0,
0.0,
0.0,
0.0,
0.0,
0.0,
0.0,
0.0,
0.0,
0.0,
0.0,
0.0,
0.0,
0.0,
0.0,
0.0,
0.0,
0.0,
0.0,
0.0,
0.0,
0.0,
0.0,
0.0,
0.0,
0.0,
0.0,
0.0,
0.0,
0.0,
0.0,
0.0,
0.0,
0.0,
0.0,
0.0,
0.0,
0.0,
0.0,
0.0,
0.0,
0.0,
0.0,
0.0,
0.0,
0.0,
0.0,
0.0,
0.0,
0.0,
0.0,
0.0,
0.0,
0.0,
0.0,
0.0,
0.0,
0.0,
0.0,
0.0,
0.0,
0.0,
0.0,
0.0,
0.0,
0.0,
0.0,
0.0,
0.0,
0.0,
0.0,
0.0,
0.0,
0.0,
0.0,
0.0,
0.0,
0.0,
0.0,
0.0,
0.0,
0.0,
0.0,
0.0,
0.0,
0.0,
0.0,
0.0,
0.0,
0.0,
0.0,
0.0,
0.0,
0.0,
0.0,
0.0,
0.0,
0.0,
0.0,
0.0,
0.0,
0.0,
0.0,
0.0,
0.0,
0.0,
0.0,
0.0,
0.0,
0.0,
0.0,
0.0,
0.0,
0.0,
0.0,
0.0,
0.0,
0.0,
0.0,
0.0,
0.0,
0.0,
0.0,
0.0,
0.0,
0.0,
0.0,
0.0,
0.0,
0.0,
0.0,
0.0,
0.0,
0.0,
0.0,
0.0,
0.0,
0.0,
0.0,
0.0,
0.0,
0.0,
0.0,
0.0,
0.0,
0.0,
0.0,
0.0,
0.0,
0.0,
0.0,
0.0,
0.0,
0.0,
0.0,
0.0,
0.0,
0.0,
0.0,
0.0,
0.0,
0.0,
0.0,
0.0,
0.0,
0.0,
0.0,
0.0,
0.0,
0.0,
0.0,
0.0,
0.0,
0.0,
0.0,
0.0,
0.0,
0.0,
0.0,
0.0,
0.0,
0.0,
0.0,
0.0,
0.0,
0.0,
0.0,
0.0,
0.0,
0.0,
0.0,
0.0,
0.0,
0.0,
0.0,
0.0,
0.0,
0.0,
0.0,
0.0,
0.0,
0.0,
0.0,
0.0,
0.0,
0.0,
0.0,
0.0,
0.0,
0.0,
0.0,
0.0,
0.0,
0.0,
0.0,
0.0,
0.0,
0.0,
0.0,
0.0,
0.0,
0.0,
0.0,
0.0,
0.0,
0.0,
0.0,
0.0,
0.0,
0.0,
0.0,
0.0,
0.0,
0.0,
0.0,
0.0,
0.0,
0.0,
0.0,
0.0,
0.0,
0.0,
0.0,
0.0,
0.0,
0.0,
0.0,
0.0,
0.0,
0.0,
0.0,
0.0,
0.0,
0.0,
0.0,
0.0,
0.0,
0.0,
0.0,
0.0,
0.0,
0.0,
0.0,
0.0,
0.0,
0.0,
0.0,
0.0,
0.0,
0.0,
0.0,
0.0,
0.0,
0.0,
0.0,
0.0,
0.0,
0.0,
0.0,
0.0,
0.0,
0.0,
0.0,
0.0,
0.0,
0.0,
0.0,
0.0,
0.0,
0.0,
0.0,
0.0,
0.0,
0.0,
0.0,
0.0,
0.0,
0.0,
0.0,
0.0,
0.0,
0.0,
0.0,
0.0,
0.0,
0.0,
0.0,
0.0,
0.0,
0.0,
0.0,
0.0,
0.0,
0.0,
0.0,
0.0,
0.0,
0.0,
0.0,
0.0,
0.0,
0.0,
0.0,
0.0,
0.0,
0.0,
0.0,
0.0,
0.0,
0.0,
0.0,
0.0,
0.0,
0.0,
0.0,
0.0,
0.0,
0.0,
0.0,
0.0,
0.0,
0.0,
0.0,
0.0,
0.0,
0.0,
0.0,
0.0,
0.0,
0.0,
0.0,
0.0,
0.0,
0.0,
0.0,
0.0,
0.0,
0.0,
0.0,
0.0,
0.0,
0.0,
0.0,
0.0,
0.0,
0.0,
0.0,
0.0,
0.0,
0.0,
0.0,
0.0,
0.0,
0.0,
0.0,
0.0,
0.0,
0.0,
0.0,
0.0,
0.0,
0.0,
0.0,
0.0,
0.0,
0.0,
0.0,
0.0,
0.0,
0.0,
0.0,
0.0,
0.0,
0.0,
0.0,
0.0,
0.0,
0.0,
0.0,
0.0,
0.0,
0.0,
0.0,
0.0,
0.0,
0.0,
0.0,
0.0,
0.0,
0.0,
0.0,
0.0,
0.0,
0.0,
0.0,
0.0,
0.0,
0.0,
0.0,
0.0,
0.0,
0.0,
0.0,
0.0,
0.0,
0.0,
0.0,
0.0,
0.0,
0.0,
0.0,
0.0,
0.0,
0.0,
0.0,
0.0,
0.0,
0.0,
0.0,
0.0,
0.0,
0.0,
0.0,
0.0,
0.0,
0.0,
0.0,
0.0,
0.0,
0.0,
0.0,
0.0,
0.0,
0.0,
0.0,
0.0,
0.0,
0.0,
0.0,
0.0,
0.0,
0.0,
0.0,
0.0,
0.0,
0.0,
0.0,
0.0,
0.0,
0.0,
0.0,
0.0,
0.0,
0.0,
0.0,
0.0,
0.0,
0.0,
0.0,
0.0,
0.0,
0.0,
0.0,
0.0,
0.0,
0.0,
0.0,
0.0,
0.0,
0.0,
0.0,
0.0,
0.0,
0.0,
0.0,
0.0,
0.0,
0.0,
0.0,
0.0,
0.0,
0.0,
0.0,
0.0,
0.0,
0.0,
0.0,
0.0,
0.0,
0.0,
0.0,
0.0,
0.0,
0.0,
0.0,
0.0,
0.0,
0.0,
0.0,
0.0,
0.0,
0.0,
0.0,
0.0,
0.0,
0.0,
0.0,
0.0,
0.0,
0.0,
0.0,
0.0,
0.0,
0.0,
0.0,
0.0,
0.0,
0.0,
0.0,
0.0,
0.0,
0.0,
0.0,
0.0,
0.0,
0.0,
0.0,
0.0,
0.0,
0.0,
0.0,
0.0,
0.0,
0.0,
0.0,
0.0,
0.0,
0.0,
0.0,
0.0,
0.0,
0.0,
0.0,
0.0,
0.0,
0.0,
0.0,
0.0,
0.0,
0.0,
0.0,
0.0,
0.0,
0.0,
0.0,
0.0,
0.0,
0.0,
0.0,
0.0,
0.0,
0.0,
0.0,
0.0,
0.0,
0.0,
0.0,
0.0,
0.0,
0.0,
0.0,
0.0,
0.0,
0.0,
0.0,
0.0,
0.0,
0.0,
0.0,
0.0,
0.0,
0.0,
0.0,
0.0,
0.0,
0.0,
0.0,
0.0,
0.0,
0.0,
0.0,
0.0,
0.0,
0.0,
0.0,
0.0,
0.0,
0.0,
0.0,
0.0,
0.0,
0.0,
0.0,
0.0,
0.0,
0.0,
0.0,
0.0,
0.0,
0.0,
0.0,
0.0,
0.0,
0.0,
0.0,
0.0,
0.0,
0.0,
0.0,
0.0,
0.0,
0.0,
0.0,
0.0,
0.0,
0.0,
0.0,
0.0,
0.0,
0.0,
0.0,
0.0,
0.0,
0.0,
0.0,
0.0,
0.0,
0.0,
0.0,
0.0,
0.0,
0.0,
0.0,
0.0,
0.0,
0.0,
0.0,
0.0,
0.0,
0.0,
0.0,
0.0,
0.0,
0.0,
0.0,
0.0,
0.0,
0.0,
0.0,
0.0,
0.0,
0.0,
0.0,
0.0,
0.0,
0.0,
0.0,
0.0,
0.0,
0.0,
0.0,
0.0,
0.0,
0.0,
0.0,
0.0,
0.0,
0.0,
0.0,
0.0,
0.0,
0.0,
0.0,
0.0,
0.0,
0.0,
0.0,
0.0,
0.0,
0.0,
0.0,
0.0,
0.0,
0.0,
0.0,
0.0,
0.0,
0.0,
0.0,
0.0,
0.0,
0.0,
0.0,
0.0,
0.0,
0.0,
0.0,
0.0,
0.0,
0.0,
0.0,
0.0,
0.0,
0.0,
0.0,
0.0,
0.0,
0.0,
0.0,
0.0,
0.0,
0.0,
0.0,
0.0,
0.0,
0.0,
0.0,
0.0,
0.0,
0.0,
0.0,
0.0,
0.0,
0.0,
0.0,
0.0,
0.0,
0.0,
0.0,
0.0,
0.0,
0.0,
0.0,
0.0,
0.0,
0.0,
0.0,
0.0,
0.0,
0.0,
0.0,
0.0,
0.0,
0.0,
0.0,
0.0,
0.0,
0.0,
0.0,
0.0,
0.0,
0.0,
0.0,
0.0,
0.0,
0.0,
0.0,
0.0,
0.0,
0.0,
0.0,
0.0,
0.0,
0.0,
0.0,
0.0,
0.0,
0.0,
0.0,
0.0,
0.0,
0.0,
0.0,
0.0,
0.0,
0.0,
0.0,
0.0,
0.0,
0.0,
0.0,
0.0,
0.0,
0.0,
0.0,
0.0,
0.0,
0.0,
0.0,
0.0,
0.0,
0.0,
0.0,
0.0,
0.0,
0.0,
0.0,
0.0,
0.0,
0.0,
0.0,
0.0,
0.0,
0.0,
0.0,
0.0,
0.0,
0.0,
0.0,
0.0,
0.0,
0.0,
0.0,
0.0,
0.0,
0.0,
0.0,
0.0,
0.0,
0.0,
0.0,
0.0,
0.0,
0.0,
0.0,
0.0,
0.0,
0.0,
0.0,
0.0,
0.0,
0.0,
0.0,
0.0,
0.0,
0.0,
0.0,
0.0,
0.0,
0.0,
0.0,
0.0,
0.0,
0.0,
0.0,
0.0,
0.0,
0.0,
0.0,
0.0,
0.0,
0.0,
0.0,
0.0,
0.0,
0.0,
0.0,
0.0,
0.0,
0.0,
0.0,
0.0,
0.0,
0.0,
0.0,
0.0,
0.0,
0.0,
0.0,
0.0,
0.0,
0.0,
0.0,
0.0,
0.0,
0.0,
0.0,
0.0,
0.0,
0.0,
0.0,
0.0,
0.0,
0.0,
0.0,
0.0,
0.0,
0.0,
0.0,
0.0,
0.0,
0.0,
0.0,
0.0,
0.0,
0.0,
0.0,
0.0,
0.0,
0.0,
0.0,
0.0,
0.0,
0.0,
0.0,
0.0,
0.0,
0.0,
0.0,
0.0,
0.0,
0.0,
0.0,
0.0,
0.0,
0.0,
0.0,
0.0,
0.0,
0.0,
0.0,
0.0,
0.0,
0.0,
0.0,
0.0,
0.0,
0.0,
0.0,
0.0,
0.0,
0.0,
0.0,
0.0,
0.0,
0.0,
0.0,
0.0,
0.0,
0.0,
0.0,
0.0,
0.0,
0.0,
0.0,
0.0,
0.0,
0.0,
0.0,
0.0,
0.0,
0.0,
0.0,
0.0,
0.0,
0.0,
0.0,
0.0,
0.0,
0.0,
0.0,
0.0,
0.0,
0.0,
0.0,
0.0,
0.0,
0.0,
0.0,
0.0,
0.0,
0.0,
0.0,
0.0,
0.0,
0.0,
0.0,
0.0,
0.0,
0.0,
0.0,
0.0,
0.0,
0.0,
0.0,
0.0,
0.0,
