1.0499999523162842,
1.0748194456100464,
1.0760630369186401,
1.0766595602035522,
1.077167272567749,
1.0774544477462769,
1.0777219533920288,
1.0779625177383423,
1.0781716108322144,
1.0783199071884155,
1.0784282684326172,
1.0784422159194946,
1.078491449356079,
1.077322244644165,
1.0785298347473145,
1.0785833597183228,
1.078631043434143,
1.078607201576233,
1.0786502361297607,
1.0786550045013428,
1.0786675214767456,
1.0786945819854736,
1.0786744356155396,
1.0786538124084473,
1.078688621520996,
1.0786824226379395,
1.0786811113357544,
1.0786975622177124,
1.078725814819336,
1.078700304031372,
1.0774905681610107,
1.0787091255187988,
1.0786983966827393,
1.0787129402160645,
1.0787030458450317,
1.0787079334259033,
1.0787162780761719,
1.078712821006775,
1.07869553565979,
1.0787122249603271,
1.0786237716674805,
1.0786607265472412,
1.0786548852920532,
1.0786166191101074,
1.0786062479019165,
1.0786067247390747,
1.0786138772964478,
1.0773886442184448,
1.0785833597183228,
1.0787734985351562,
1.0789655447006226,
1.0791242122650146,
1.0792633295059204,
1.079291820526123,
1.0788085460662842,
1.078478455543518,
1.078389048576355,
1.0783616304397583,
1.0783272981643677,
1.0783263444900513,
1.0782512426376343,
1.0781985521316528,
1.0781595706939697,
1.078129768371582,
1.0768802165985107,
1.0780565738677979,
1.0780435800552368,
1.0779868364334106,
1.0779625177383423,
1.0779452323913574,
1.0779157876968384,
1.0778846740722656,
1.0778586864471436,
1.077833890914917,
1.077799916267395,
1.0777121782302856,
1.077734351158142,
1.0776853561401367,
1.077659249305725,
1.0776046514511108,
1.0775789022445679,
1.0775095224380493,
1.0775068998336792,
1.0774447917938232,
1.0774204730987549,
1.0773112773895264,
1.077305793762207,
1.0772825479507446,
1.0772603750228882,
1.0772250890731812,
1.0771840810775757,
1.0771409273147583,
1.0771136283874512,
1.077073335647583,
1.0770419836044312,
1.07695472240448,
1.076922059059143,
1.0768815279006958,
1.0768373012542725,
1.0768065452575684,
1.0767662525177002,
1.0767135620117188,
1.0766395330429077,
1.0766342878341675,
1.0753748416900635,
1.0764858722686768,
1.076400876045227,
1.0764471292495728,
1.076396107673645,
1.0763607025146484,
1.076345443725586,
1.0763189792633057,
1.076265573501587,
1.0761932134628296,
1.0761233568191528,
1.0760611295700073,
1.0760233402252197,
1.0760090351104736,
1.0759854316711426,
1.0759176015853882,
1.0759105682373047,
1.0746417045593262,
1.0757654905319214,
1.0756927728652954,
1.075597882270813,
1.0755387544631958,
1.0754939317703247,
1.0754693746566772,
1.0753843784332275,
1.075337529182434,
1.0752664804458618,
1.0752004384994507,
1.0750991106033325,
1.0751018524169922,
1.0749551057815552,
1.074959397315979,
1.0748974084854126,
1.0748652219772339,
1.0735926628112793,
1.0747971534729004,
1.0745768547058105,
1.074599266052246,
1.0745545625686646,
1.0745402574539185,
1.0744614601135254,
1.0744104385375977,
1.0743005275726318,
1.0742813348770142,
1.0742340087890625,
1.0741931200027466,
1.0742111206054688,
1.0741087198257446,
1.074060082435608,
1.0739983320236206,
1.0739244222640991,
1.0726635456085205,
1.073804497718811,
1.0737115144729614,
1.0736684799194336,
1.0736030340194702,
1.0735849142074585,
1.0735949277877808,
1.0737147331237793,
1.073693037033081,
1.0736156702041626,
1.073452115058899,
1.0732476711273193,
1.0732067823410034,
1.0730680227279663,
1.0731680393218994,
1.0732576847076416,
1.0733041763305664,
1.072096347808838,
1.0732420682907104,
1.0731499195098877,
1.0730129480361938,
1.072811245918274,
1.0725929737091064,
1.0724961757659912,
1.0723897218704224,
1.0723010301589966,
1.072230339050293,
1.072145938873291,
1.07207190990448,
1.0720845460891724,
1.0719106197357178,
1.0718920230865479,
1.071844458580017,
1.0718480348587036,
1.0707088708877563,
1.0720207691192627,
1.071999192237854,
1.071839451789856,
1.0716028213500977,
1.0714468955993652,
1.0713260173797607,
1.071459174156189,
1.0716451406478882,
1.0717545747756958,
1.0717800855636597,
1.0717633962631226,
1.0717159509658813,
1.071596384048462,
1.071500539779663,
1.0710948705673218,
1.0708167552947998,
1.0695430040359497,
1.0706291198730469,
1.0705549716949463,
1.0704587697982788,
1.0703716278076172,
1.070314884185791,
1.0702239274978638,
1.0701407194137573,
1.0701484680175781,
1.0701160430908203,
1.070122480392456,
1.0702184438705444,
1.070302963256836,
1.0700865983963013,
1.0698332786560059,
1.0696121454238892,
1.0694783926010132,
1.06820809841156,
1.069514274597168,
1.0695884227752686,
1.0696163177490234,
1.0695866346359253,
1.0695050954818726,
1.0694553852081299,
1.0693084001541138,
1.069075107574463,
1.0688245296478271,
1.0687490701675415,
1.0686713457107544,
1.0685803890228271,
1.0684853792190552,
1.0683798789978027,
1.0683292150497437,
1.0682313442230225,
1.0678236484527588,
1.068114995956421,
1.068097710609436,
1.0680590867996216,
1.068107008934021,
1.0681949853897095,
1.0681207180023193,
1.0679113864898682,
1.067657709121704,
1.0675599575042725,
1.0673954486846924,
1.067427396774292,
1.0675138235092163,
1.0675476789474487,
1.0675381422042847,
1.0674949884414673,
1.0674312114715576,
1.0672919750213623,
1.067208170890808,
1.066853642463684,
1.0666708946228027,
1.0665639638900757,
1.0664992332458496,
1.0664042234420776,
1.0662921667099,
1.0661851167678833,
1.066084861755371,
1.0660117864608765,
1.065906047821045,
1.0658299922943115,
1.0657051801681519,
1.0657031536102295,
1.0657613277435303,
1.065718650817871,
1.0655474662780762,
1.0653716325759888,
1.0652834177017212,
1.0651901960372925,
1.065077781677246,
1.0651319026947021,
1.0639395713806152,
1.065232515335083,
1.0652624368667603,
1.0651971101760864,
1.065142035484314,
1.0651211738586426,
1.0648810863494873,
1.064495325088501,
1.0642703771591187,
1.0641366243362427,
1.0640302896499634,
1.0639283657073975,
1.0638034343719482,
1.063701868057251,
1.0636062622070312,
1.0635051727294922,
1.0634154081344604,
1.0620911121368408,
1.0631953477859497,
1.0631572008132935,
1.0630823373794556,
1.0629971027374268,
1.0628992319107056,
1.062821626663208,
1.06270170211792,
1.062544822692871,
1.062477469444275,
1.0624628067016602,
1.062428593635559,
1.0624876022338867,
1.0623602867126465,
1.0622614622116089,
1.0622074604034424,
1.0621143579483032,
1.0605852603912354,
1.0616753101348877,
1.0615819692611694,
1.0614874362945557,
1.0613707304000854,
1.061231255531311,
1.0611515045166016,
1.0610483884811401,
1.060926079750061,
1.0608158111572266,
1.0606845617294312,
1.06062912940979,
1.0610976219177246,
1.0613876581192017,
1.0614171028137207,
1.0613470077514648,
1.061174988746643,
1.059842824935913,
1.060875654220581,
1.0609359741210938,
1.0611755847930908,
1.0612848997116089,
1.0612083673477173,
1.0613648891448975,
1.0612374544143677,
1.0610474348068237,
1.0609475374221802,
1.060876488685608,
1.0604809522628784,
1.0601776838302612,
1.059857726097107,
1.0596435070037842,
1.0594545602798462,
1.0593249797821045,
1.057999849319458,
1.059095025062561,
1.0589708089828491,
1.0588059425354004,
1.0587161779403687,
1.0584818124771118,
1.0585609674453735,
1.058550238609314,
1.0583717823028564,
1.0579655170440674,
1.0579826831817627,
1.0578302145004272,
1.0577665567398071,
1.057815670967102,
1.0576633214950562,
1.0578844547271729,
1.0577279329299927,
1.0575209856033325,
1.0577391386032104,
1.0576434135437012,
1.0576021671295166,
1.0571529865264893,
1.0568552017211914,
1.0563901662826538,
1.0560567378997803,
1.0561292171478271,
1.0556365251541138,
1.055793046951294,
1.055670976638794,
1.0555452108383179,
1.0553696155548096,
1.0550428628921509,
1.0549169778823853,
1.0550743341445923,
1.0547312498092651,
1.0548884868621826,
1.0546995401382446,
1.054498314857483,
1.0541483163833618,
1.0540776252746582,
1.0525437593460083,
1.0536962747573853,
1.0537902116775513,
1.0540746450424194,
1.0539441108703613,
1.0539146661758423,
1.0535963773727417,
1.0537381172180176,
1.053051233291626,
1.052601933479309,
1.052459716796875,
1.052335262298584,
1.0521724224090576,
1.051905870437622,
1.0514310598373413,
1.05121648311615,
1.0513150691986084,
1.0513019561767578,
1.0509564876556396,
1.0508610010147095,
1.0507323741912842,
1.0508382320404053,
1.0504813194274902,
1.0490281581878662,
1.0503227710723877,
1.049684762954712,
1.0497620105743408,
1.0495195388793945,
1.049272060394287,
1.049306869506836,
1.0492773056030273,
1.0489407777786255,
1.0489475727081299,
1.0491129159927368,
1.048453688621521,
1.0482975244522095,
1.0478885173797607,
1.0475314855575562,
1.0474941730499268,
1.0473018884658813,
1.046642541885376,
1.046822428703308,
1.04640531539917,
1.0461026430130005,
1.0456264019012451,
1.0456820726394653,
1.044325351715088,
1.0451853275299072,
1.0449079275131226,
1.0450270175933838,
1.044495701789856,
1.0446120500564575,
1.0422098636627197,
1.0441418886184692,
1.043546199798584,
1.0433168411254883,
1.043099284172058,
1.0429363250732422,
1.0430256128311157,
1.0427316427230835,
1.0425857305526733,
1.0423569679260254,
1.0421193838119507,
1.0416651964187622,
1.0412954092025757,
1.0413000583648682,
1.0408848524093628,
1.0404475927352905,
1.039657473564148,
1.0398550033569336,
1.0396642684936523,
1.0394805669784546,
1.0385761260986328,
1.038332462310791,
1.0383399724960327,
1.0365078449249268,
1.0373914241790771,
1.0373085737228394,
1.037015438079834,
1.0365697145462036,
1.036340355873108,
1.0347081422805786,
1.0359524488449097,
1.0354375839233398,
1.0353960990905762,
1.0348929166793823,
1.034844160079956,
1.034695029258728,
1.0343869924545288,
1.0340303182601929,
1.0340293645858765,
1.0334123373031616,
1.0330109596252441,
1.032505750656128,
1.0319150686264038,
1.0314080715179443,
1.0307414531707764,
1.0306249856948853,
1.0299814939498901,
1.029402732849121,
1.0284795761108398,
1.0270153284072876,
1.0253955125808716,
1.0265793800354004,
1.0262649059295654,
1.0259120464324951,
1.0254309177398682,
1.0249589681625366,
1.0246598720550537,
1.0241695642471313,
1.0237714052200317,
1.023256540298462,
1.023071050643921,
1.022646188735962,
1.0222487449645996,
1.0217708349227905,
1.0209852457046509,
1.020699381828308,
1.0200531482696533,
1.0196598768234253,
1.0189543962478638,
1.018541932106018,
1.0177959203720093,
1.0170725584030151,
1.016220211982727,
1.015655279159546,
1.0153799057006836,
1.0145419836044312,
1.0133488178253174,
1.0132405757904053,
1.0126453638076782,
1.012061595916748,
1.01133131980896,
1.0105949640274048,
1.008711338043213,
1.0097684860229492,
1.0089051723480225,
1.008196473121643,
1.0076797008514404,
1.006742000579834,
1.0047497749328613,
1.0053523778915405,
1.0045186281204224,
1.003943920135498,
1.003433346748352,
1.0027803182601929,
1.0007938146591187,
1.0009790658950806,
1.0004898309707642,
0.9994774460792542,
0.9984633326530457,
0.9974440932273865,
0.995553731918335,
0.99571293592453,
0.9949211478233337,
0.9940621852874756,
0.993152379989624,
0.9922847151756287,
0.990683376789093,
0.9904051423072815,
0.9895920753479004,
0.9888058304786682,
0.9878333806991577,
0.987044095993042,
0.9857993721961975,
0.9852908849716187,
0.9841150045394897,
0.983360767364502,
0.9826204180717468,
0.9812561869621277,
0.9802879095077515,
0.9796057343482971,
0.9789261221885681,
0.9778664708137512,
0.9773262143135071,
0.9762866497039795,
0.9752529859542847,
0.9743568897247314,
0.9731721878051758,
0.9721617698669434,
0.9709495902061462,
0.9695911407470703,
0.9691998362541199,
0.9680640697479248,
0.9667897820472717,
0.9659257531166077,
0.9647951722145081,
0.9638626575469971,
0.9627256393432617,
0.9618341326713562,
0.9605008363723755,
0.959628164768219,
0.9586150050163269,
0.9574987292289734,
0.956510066986084,
0.9556578397750854,
0.9543905258178711,
0.9534193873405457,
0.9521772861480713,
0.9510830044746399,
0.9500580430030823,
0.94906085729599,
0.9482793211936951,
0.9470931887626648,
0.9462952017784119,
0.945232093334198,
0.9440767168998718,
0.9418305158615112,
0.9417324066162109,
0.9406274557113647,
0.9395615458488464,
0.9384922981262207,
0.9374380707740784,
0.9350401759147644,
0.9354560971260071,
0.9343419671058655,
0.9331127405166626,
0.9321805238723755,
0.930884838104248,
0.9297313690185547,
0.9288536906242371,
0.9275868535041809,
0.9264245629310608,
0.9253756999969482,
0.9243320822715759,
0.9232128262519836,
0.9221280813217163,
0.9211002588272095,
0.919975757598877,
0.918616533279419,
0.9175150394439697,
0.9164153337478638,
0.915278971195221,
0.9140521287918091,
0.9129821062088013,
0.911785900592804,
0.9106813669204712,
0.909509003162384,
0.9081732034683228,
0.9068370461463928,
0.90585857629776,
0.9046600461006165,
0.903458297252655,
0.9023194909095764,
0.9010457992553711,
0.8998332619667053,
0.8985411524772644,
0.8974175453186035,
0.8961491584777832,
0.8949228525161743,
0.8922989964485168,
0.8922774791717529,
0.8910331726074219,
0.8895177245140076,
0.8884363174438477,
0.8871012926101685,
0.8859425783157349,
0.8845940828323364,
0.8833631873130798,
0.8833631873130798,
0.8833631873130798,
0.0,
0.0,
0.0,
0.0,
0.0,
0.0,
0.0,
0.0,
0.0,
0.0,
0.0,
0.0,
0.0,
0.0,
0.0,
0.0,
0.0,
0.0,
0.0,
0.0,
0.0,
0.0,
0.0,
0.0,
0.0,
0.0,
0.0,
0.0,
0.0,
0.0,
0.0,
0.0,
0.0,
0.0,
0.0,
0.0,
0.0,
0.0,
0.0,
0.0,
0.0,
0.0,
0.0,
0.0,
0.0,
0.0,
0.0,
0.0,
0.0,
0.0,
0.0,
0.0,
0.0,
0.0,
0.0,
0.0,
0.0,
0.0,
0.0,
0.0,
0.0,
0.0,
0.0,
0.0,
0.0,
0.0,
0.0,
0.0,
0.0,
0.0,
0.0,
0.0,
0.0,
0.0,
0.0,
0.0,
0.0,
0.0,
0.0,
0.0,
0.0,
0.0,
0.0,
0.0,
0.0,
0.0,
0.0,
0.0,
0.0,
0.0,
0.0,
0.0,
0.0,
0.0,
0.0,
0.0,
0.0,
0.0,
0.0,
0.0,
0.0,
0.0,
0.0,
0.0,
0.0,
0.0,
0.0,
0.0,
0.0,
0.0,
0.0,
0.0,
0.0,
0.0,
0.0,
0.0,
0.0,
0.0,
0.0,
0.0,
0.0,
0.0,
0.0,
0.0,
0.0,
0.0,
0.0,
0.0,
0.0,
0.0,
0.0,
0.0,
0.0,
0.0,
0.0,
0.0,
0.0,
0.0,
0.0,
0.0,
0.0,
0.0,
0.0,
0.0,
0.0,
0.0,
0.0,
0.0,
0.0,
0.0,
0.0,
0.0,
0.0,
0.0,
0.0,
0.0,
0.0,
0.0,
0.0,
0.0,
0.0,
0.0,
0.0,
0.0,
0.0,
0.0,
0.0,
0.0,
0.0,
0.0,
0.0,
0.0,
0.0,
0.0,
0.0,
0.0,
0.0,
0.0,
0.0,
0.0,
0.0,
0.0,
0.0,
0.0,
0.0,
0.0,
0.0,
0.0,
0.0,
0.0,
0.0,
0.0,
0.0,
0.0,
0.0,
0.0,
0.0,
0.0,
0.0,
0.0,
0.0,
0.0,
0.0,
0.0,
0.0,
0.0,
0.0,
0.0,
0.0,
0.0,
0.0,
0.0,
0.0,
0.0,
0.0,
0.0,
0.0,
0.0,
0.0,
0.0,
0.0,
0.0,
0.0,
0.0,
0.0,
0.0,
0.0,
0.0,
0.0,
0.0,
0.0,
0.0,
0.0,
0.0,
0.0,
0.0,
0.0,
0.0,
0.0,
0.0,
0.0,
0.0,
0.0,
0.0,
0.0,
0.0,
0.0,
0.0,
0.0,
0.0,
0.0,
0.0,
0.0,
0.0,
0.0,
0.0,
0.0,
0.0,
0.0,
0.0,
0.0,
0.0,
0.0,
0.0,
0.0,
0.0,
0.0,
0.0,
0.0,
0.0,
0.0,
0.0,
0.0,
0.0,
0.0,
0.0,
0.0,
0.0,
0.0,
0.0,
0.0,
0.0,
0.0,
0.0,
0.0,
0.0,
0.0,
0.0,
0.0,
0.0,
0.0,
0.0,
0.0,
0.0,
0.0,
0.0,
0.0,
0.0,
0.0,
0.0,
0.0,
0.0,
0.0,
0.0,
0.0,
0.0,
0.0,
0.0,
0.0,
0.0,
0.0,
0.0,
0.0,
0.0,
0.0,
0.0,
0.0,
0.0,
0.0,
0.0,
0.0,
0.0,
0.0,
0.0,
0.0,
0.0,
0.0,
0.0,
0.0,
0.0,
0.0,
0.0,
0.0,
0.0,
0.0,
0.0,
0.0,
0.0,
0.0,
0.0,
0.0,
0.0,
0.0,
0.0,
0.0,
0.0,
0.0,
0.0,
0.0,
0.0,
0.0,
0.0,
0.0,
0.0,
0.0,
0.0,
0.0,
0.0,
0.0,
0.0,
0.0,
0.0,
0.0,
0.0,
0.0,
0.0,
0.0,
0.0,
0.0,
0.0,
0.0,
0.0,
0.0,
0.0,
0.0,
0.0,
0.0,
0.0,
0.0,
0.0,
0.0,
0.0,
0.0,
0.0,
0.0,
0.0,
0.0,
0.0,
0.0,
0.0,
0.0,
0.0,
0.0,
0.0,
0.0,
0.0,
0.0,
0.0,
0.0,
0.0,
0.0,
0.0,
0.0,
0.0,
0.0,
0.0,
0.0,
0.0,
0.0,
0.0,
0.0,
0.0,
0.0,
0.0,
0.0,
0.0,
0.0,
0.0,
0.0,
0.0,
0.0,
0.0,
0.0,
0.0,
0.0,
0.0,
0.0,
0.0,
0.0,
0.0,
0.0,
0.0,
0.0,
0.0,
0.0,
0.0,
0.0,
0.0,
0.0,
0.0,
0.0,
0.0,
0.0,
0.0,
0.0,
0.0,
0.0,
0.0,
0.0,
0.0,
0.0,
0.0,
0.0,
0.0,
0.0,
0.0,
0.0,
0.0,
0.0,
0.0,
0.0,
0.0,
0.0,
0.0,
0.0,
0.0,
0.0,
0.0,
0.0,
0.0,
0.0,
0.0,
0.0,
0.0,
0.0,
0.0,
0.0,
0.0,
0.0,
0.0,
0.0,
0.0,
0.0,
0.0,
0.0,
0.0,
0.0,
0.0,
0.0,
0.0,
0.0,
0.0,
0.0,
0.0,
0.0,
0.0,
0.0,
0.0,
0.0,
0.0,
0.0,
0.0,
0.0,
0.0,
0.0,
0.0,
0.0,
0.0,
0.0,
0.0,
0.0,
0.0,
0.0,
0.0,
0.0,
0.0,
0.0,
0.0,
0.0,
0.0,
0.0,
0.0,
0.0,
0.0,
0.0,
0.0,
0.0,
0.0,
0.0,
0.0,
0.0,
0.0,
0.0,
0.0,
0.0,
0.0,
0.0,
0.0,
0.0,
0.0,
0.0,
0.0,
0.0,
0.0,
0.0,
0.0,
0.0,
0.0,
0.0,
0.0,
0.0,
0.0,
0.0,
0.0,
0.0,
0.0,
0.0,
0.0,
0.0,
0.0,
0.0,
0.0,
0.0,
0.0,
0.0,
0.0,
0.0,
0.0,
0.0,
0.0,
0.0,
0.0,
0.0,
0.0,
0.0,
0.0,
0.0,
0.0,
0.0,
0.0,
0.0,
0.0,
0.0,
0.0,
0.0,
0.0,
0.0,
0.0,
0.0,
0.0,
0.0,
0.0,
0.0,
0.0,
0.0,
0.0,
0.0,
0.0,
0.0,
0.0,
0.0,
0.0,
0.0,
0.0,
0.0,
0.0,
0.0,
0.0,
0.0,
0.0,
0.0,
0.0,
0.0,
0.0,
0.0,
0.0,
0.0,
0.0,
0.0,
0.0,
0.0,
0.0,
0.0,
0.0,
0.0,
0.0,
0.0,
0.0,
0.0,
0.0,
0.0,
0.0,
0.0,
0.0,
0.0,
0.0,
0.0,
0.0,
0.0,
0.0,
0.0,
0.0,
0.0,
0.0,
0.0,
0.0,
0.0,
0.0,
0.0,
0.0,
0.0,
0.0,
0.0,
0.0,
0.0,
0.0,
0.0,
0.0,
0.0,
0.0,
0.0,
0.0,
0.0,
0.0,
0.0,
0.0,
0.0,
0.0,
0.0,
0.0,
0.0,
0.0,
0.0,
0.0,
0.0,
0.0,
0.0,
0.0,
0.0,
0.0,
0.0,
0.0,
0.0,
0.0,
0.0,
0.0,
0.0,
0.0,
0.0,
0.0,
0.0,
0.0,
0.0,
0.0,
0.0,
0.0,
0.0,
0.0,
0.0,
0.0,
0.0,
0.0,
0.0,
0.0,
0.0,
0.0,
0.0,
0.0,
0.0,
0.0,
0.0,
0.0,
0.0,
0.0,
0.0,
0.0,
0.0,
0.0,
0.0,
0.0,
0.0,
0.0,
0.0,
0.0,
0.0,
0.0,
0.0,
0.0,
0.0,
0.0,
0.0,
0.0,
0.0,
0.0,
0.0,
0.0,
0.0,
0.0,
0.0,
0.0,
0.0,
0.0,
0.0,
0.0,
0.0,
0.0,
0.0,
0.0,
0.0,
0.0,
0.0,
0.0,
0.0,
0.0,
0.0,
0.0,
0.0,
0.0,
0.0,
0.0,
0.0,
0.0,
0.0,
0.0,
0.0,
0.0,
0.0,
0.0,
0.0,
0.0,
0.0,
0.0,
0.0,
0.0,
0.0,
0.0,
0.0,
0.0,
0.0,
0.0,
0.0,
0.0,
0.0,
0.0,
0.0,
0.0,
0.0,
0.0,
0.0,
0.0,
0.0,
0.0,
0.0,
0.0,
0.0,
0.0,
0.0,
0.0,
0.0,
0.0,
0.0,
0.0,
0.0,
0.0,
0.0,
0.0,
0.0,
0.0,
0.0,
0.0,
0.0,
0.0,
0.0,
0.0,
0.0,
0.0,
0.0,
0.0,
0.0,
0.0,
0.0,
0.0,
0.0,
0.0,
0.0,
0.0,
0.0,
0.0,
0.0,
0.0,
0.0,
0.0,
0.0,
0.0,
0.0,
0.0,
0.0,
0.0,
0.0,
0.0,
0.0,
0.0,
0.0,
0.0,
0.0,
0.0,
0.0,
0.0,
0.0,
0.0,
0.0,
0.0,
0.0,
0.0,
0.0,
0.0,
0.0,
0.0,
0.0,
0.0,
0.0,
0.0,
0.0,
0.0,
0.0,
0.0,
0.0,
0.0,
0.0,
0.0,
0.0,
0.0,
0.0,
0.0,
0.0,
0.0,
0.0,
0.0,
0.0,
0.0,
0.0,
0.0,
0.0,
0.0,
0.0,
0.0,
0.0,
0.0,
0.0,
0.0,
0.0,
0.0,
0.0,
0.0,
0.0,
0.0,
0.0,
0.0,
0.0,
0.0,
0.0,
0.0,
0.0,
0.0,
0.0,
0.0,
0.0,
0.0,
0.0,
0.0,
0.0,
0.0,
0.0,
0.0,
0.0,
0.0,
0.0,
0.0,
0.0,
0.0,
0.0,
0.0,
0.0,
0.0,
0.0,
0.0,
0.0,
0.0,
0.0,
0.0,
0.0,
0.0,
0.0,
0.0,
0.0,
0.0,
0.0,
0.0,
0.0,
0.0,
0.0,
0.0,
0.0,
0.0,
0.0,
0.0,
0.0,
0.0,
0.0,
0.0,
0.0,
0.0,
0.0,
0.0,
0.0,
0.0,
0.0,
0.0,
0.0,
0.0,
0.0,
0.0,
0.0,
0.0,
0.0,
0.0,
0.0,
0.0,
0.0,
0.0,
0.0,
0.0,
0.0,
0.0,
0.0,
0.0,
0.0,
0.0,
0.0,
0.0,
0.0,
0.0,
0.0,
0.0,
0.0,
0.0,
0.0,
0.0,
0.0,
0.0,
0.0,
0.0,
0.0,
0.0,
0.0,
0.0,
0.0,
0.0,
0.0,
0.0,
0.0,
0.0,
0.0,
0.0,
0.0,
0.0,
0.0,
0.0,
0.0,
0.0,
0.0,
0.0,
0.0,
0.0,
0.0,
0.0,
0.0,
0.0,
0.0,
0.0,
0.0,
0.0,
0.0,
0.0,
0.0,
0.0,
0.0,
0.0,
0.0,
0.0,
0.0,
0.0,
0.0,
0.0,
0.0,
0.0,
0.0,
0.0,
0.0,
0.0,
0.0,
0.0,
0.0,
0.0,
0.0,
0.0,
0.0,
0.0,
0.0,
0.0,
0.0,
0.0,
0.0,
0.0,
0.0,
0.0,
0.0,
0.0,
0.0,
0.0,
0.0,
0.0,
0.0,
0.0,
0.0,
0.0,
0.0,
0.0,
0.0,
0.0,
0.0,
0.0,
0.0,
0.0,
0.0,
0.0,
0.0,
0.0,
0.0,
0.0,
0.0,
0.0,
0.0,
0.0,
0.0,
0.0,
0.0,
0.0,
0.0,
0.0,
0.0,
0.0,
0.0,
0.0,
0.0,
0.0,
0.0,
0.0,
0.0,
0.0,
0.0,
0.0,
0.0,
0.0,
0.0,
0.0,
0.0,
0.0,
0.0,
0.0,
0.0,
0.0,
0.0,
0.0,
0.0,
0.0,
0.0,
0.0,
0.0,
0.0,
0.0,
0.0,
0.0,
0.0,
0.0,
0.0,
0.0,
0.0,
0.0,
0.0,
0.0,
0.0,
0.0,
0.0,
0.0,
0.0,
0.0,
0.0,
0.0,
0.0,
0.0,
0.0,
0.0,
0.0,
0.0,
0.0,
0.0,
0.0,
0.0,
0.0,
0.0,
0.0,
0.0,
0.0,
0.0,
0.0,
0.0,
0.0,
0.0,
0.0,
0.0,
0.0,
0.0,
0.0,
0.0,
0.0,
0.0,
0.0,
0.0,
0.0,
0.0,
0.0,
0.0,
0.0,
0.0,
0.0,
0.0,
0.0,
0.0,
0.0,
0.0,
0.0,
0.0,
0.0,
0.0,
0.0,
0.0,
0.0,
0.0,
0.0,
0.0,
0.0,
0.0,
0.0,
0.0,
0.0,
0.0,
0.0,
0.0,
0.0,
0.0,
0.0,
0.0,
0.0,
0.0,
0.0,
0.0,
0.0,
0.0,
0.0,
0.0,
0.0,
0.0,
0.0,
0.0,
0.0,
0.0,
0.0,
0.0,
0.0,
0.0,
0.0,
0.0,
0.0,
0.0,
0.0,
0.0,
0.0,
0.0,
0.0,
0.0,
0.0,
0.0,
0.0,
0.0,
0.0,
0.0,
0.0,
0.0,
0.0,
0.0,
0.0,
0.0,
0.0,
0.0,
0.0,
0.0,
0.0,
0.0,
0.0,
0.0,
0.0,
0.0,
0.0,
0.0,
0.0,
0.0,
0.0,
0.0,
0.0,
0.0,
0.0,
0.0,
0.0,
0.0,
0.0,
0.0,
0.0,
0.0,
0.0,
0.0,
0.0,
0.0,
0.0,
0.0,
0.0,
0.0,
0.0,
0.0,
0.0,
0.0,
0.0,
0.0,
0.0,
0.0,
0.0,
0.0,
0.0,
0.0,
0.0,
0.0,
0.0,
0.0,
0.0,
0.0,
0.0,
0.0,
0.0,
0.0,
0.0,
0.0,
0.0,
0.0,
0.0,
0.0,
0.0,
0.0,
0.0,
0.0,
0.0,
0.0,
0.0,
0.0,
0.0,
0.0,
0.0,
0.0,
0.0,
0.0,
0.0,
0.0,
0.0,
0.0,
0.0,
0.0,
0.0,
0.0,
0.0,
0.0,
0.0,
0.0,
0.0,
0.0,
0.0,
0.0,
0.0,
0.0,
0.0,
0.0,
0.0,
0.0,
0.0,
0.0,
0.0,
0.0,
0.0,
0.0,
0.0,
0.0,
0.0,
0.0,
0.0,
0.0,
0.0,
0.0,
0.0,
0.0,
0.0,
0.0,
0.0,
0.0,
0.0,
0.0,
0.0,
0.0,
0.0,
0.0,
0.0,
0.0,
0.0,
0.0,
0.0,
0.0,
0.0,
0.0,
0.0,
0.0,
0.0,
0.0,
0.0,
0.0,
0.0,
0.0,
0.0,
0.0,
0.0,
0.0,
0.0,
0.0,
0.0,
0.0,
0.0,
0.0,
0.0,
0.0,
0.0,
0.0,
0.0,
0.0,
0.0,
0.0,
0.0,
0.0,
0.0,
0.0,
0.0,
0.0,
0.0,
0.0,
0.0,
0.0,
0.0,
0.0,
0.0,
0.0,
0.0,
0.0,
0.0,
0.0,
0.0,
0.0,
0.0,
0.0,
0.0,
0.0,
0.0,
0.0,
0.0,
0.0,
0.0,
0.0,
0.0,
0.0,
0.0,
0.0,
0.0,
0.0,
0.0,
0.0,
0.0,
0.0,
0.0,
0.0,
0.0,
0.0,
0.0,
0.0,
0.0,
0.0,
0.0,
0.0,
0.0,
0.0,
0.0,
0.0,
0.0,
0.0,
0.0,
0.0,
0.0,
0.0,
0.0,
0.0,
0.0,
0.0,
0.0,
0.0,
0.0,
0.0,
0.0,
0.0,
0.0,
0.0,
0.0,
0.0,
0.0,
0.0,
0.0,
0.0,
0.0,
0.0,
0.0,
0.0,
0.0,
0.0,
0.0,
0.0,
0.0,
0.0,
0.0,
0.0,
0.0,
0.0,
0.0,
0.0,
0.0,
0.0,
0.0,
0.0,
0.0,
0.0,
0.0,
0.0,
0.0,
0.0,
0.0,
0.0,
0.0,
0.0,
0.0,
0.0,
0.0,
0.0,
0.0,
0.0,
0.0,
0.0,
0.0,
0.0,
0.0,
0.0,
0.0,
0.0,
0.0,
0.0,
0.0,
0.0,
0.0,
0.0,
0.0,
0.0,
0.0,
0.0,
0.0,
0.0,
0.0,
0.0,
0.0,
0.0,
0.0,
0.0,
0.0,
0.0,
0.0,
0.0,
0.0,
0.0,
0.0,
0.0,
0.0,
0.0,
0.0,
0.0,
0.0,
0.0,
0.0,
0.0,
0.0,
0.0,
0.0,
0.0,
0.0,
0.0,
0.0,
0.0,
0.0,
0.0,
0.0,
0.0,
0.0,
0.0,
0.0,
0.0,
0.0,
0.0,
0.0,
0.0,
0.0,
0.0,
0.0,
0.0,
0.0,
0.0,
0.0,
0.0,
0.0,
0.0,
0.0,
0.0,
0.0,
0.0,
0.0,
0.0,
0.0,
0.0,
0.0,
0.0,
0.0,
0.0,
0.0,
0.0,
0.0,
0.0,
0.0,
0.0,
0.0,
0.0,
0.0,
0.0,
0.0,
0.0,
0.0,
0.0,
0.0,
0.0,
0.0,
0.0,
0.0,
0.0,
0.0,
0.0,
0.0,
0.0,
0.0,
0.0,
0.0,
0.0,
0.0,
0.0,
0.0,
0.0,
0.0,
0.0,
0.0,
0.0,
0.0,
0.0,
0.0,
0.0,
0.0,
0.0,
0.0,
0.0,
0.0,
0.0,
0.0,
0.0,
0.0,
0.0,
0.0,
0.0,
0.0,
0.0,
0.0,
0.0,
