1.0499999523162842,
1.077831506729126,
1.079116702079773,
1.0799076557159424,
1.0804976224899292,
1.0807844400405884,
1.0809533596038818,
1.0811711549758911,
1.0814216136932373,
1.0815390348434448,
1.081658959388733,
1.0816470384597778,
1.0817413330078125,
1.0804996490478516,
1.0817536115646362,
1.0817475318908691,
1.081804633140564,
1.0817878246307373,
1.0818305015563965,
1.0818299055099487,
1.0818618535995483,
1.0818647146224976,
1.0818649530410767,
1.0818569660186768,
1.0818405151367188,
1.0818326473236084,
1.081855058670044,
1.0819110870361328,
1.0819090604782104,
1.081899642944336,
1.0807373523712158,
1.0818707942962646,
1.081910252571106,
1.0818493366241455,
1.0818942785263062,
1.0818889141082764,
1.0819107294082642,
1.0818767547607422,
1.0818893909454346,
1.0819096565246582,
1.0818380117416382,
1.0818160772323608,
1.0818167924880981,
1.0817230939865112,
1.0817641019821167,
1.0817853212356567,
1.08176851272583,
1.0805460214614868,
1.0817469358444214,
1.0818029642105103,
1.082057237625122,
1.0822545289993286,
1.0823451280593872,
1.0823593139648438,
1.0820075273513794,
1.0816513299942017,
1.0815879106521606,
1.081594467163086,
1.0815987586975098,
1.0815966129302979,
1.0815229415893555,
1.0814826488494873,
1.0814299583435059,
1.0813815593719482,
1.0801324844360352,
1.081291913986206,
1.0812783241271973,
1.0812535285949707,
1.0812277793884277,
1.0812259912490845,
1.0811837911605835,
1.081165075302124,
1.0811296701431274,
1.0811045169830322,
1.0810908079147339,
1.081060767173767,
1.0810626745224,
1.0810242891311646,
1.080971121788025,
1.0809288024902344,
1.0809271335601807,
1.0808563232421875,
1.0808782577514648,
1.0808513164520264,
1.0808234214782715,
1.0807726383209229,
1.0807101726531982,
1.0806913375854492,
1.080620527267456,
1.080626130104065,
1.0805516242980957,
1.0805588960647583,
1.080525279045105,
1.080472469329834,
1.080438494682312,
1.0804145336151123,
1.0803418159484863,
1.0802973508834839,
1.0802134275436401,
1.080241084098816,
1.0801982879638672,
1.0801355838775635,
1.080091953277588,
1.0800625085830688,
1.078804612159729,
1.079930305480957,
1.0799013376235962,
1.0798966884613037,
1.079890251159668,
1.0798598527908325,
1.0798686742782593,
1.0798176527023315,
1.079793930053711,
1.0797152519226074,
1.079655647277832,
1.0796217918395996,
1.0796993970870972,
1.079634428024292,
1.0796021223068237,
1.0795626640319824,
1.0795836448669434,
1.0782612562179565,
1.07939612865448,
1.079380989074707,
1.079229474067688,
1.079250693321228,
1.0791698694229126,
1.0791347026824951,
1.0791085958480835,
1.0790555477142334,
1.0789874792099,
1.0789076089859009,
1.0788195133209229,
1.0788108110427856,
1.0786689519882202,
1.0787087678909302,
1.078647494316101,
1.0786794424057007,
1.0773991346359253,
1.0786067247390747,
1.0785633325576782,
1.0784586668014526,
1.0783814191818237,
1.0783613920211792,
1.078356146812439,
1.0782779455184937,
1.0782796144485474,
1.07813560962677,
1.0780953168869019,
1.0780655145645142,
1.0781089067459106,
1.0779653787612915,
1.0779643058776855,
1.0778753757476807,
1.0778324604034424,
1.0775734186172485,
1.0776808261871338,
1.0775959491729736,
1.0775312185287476,
1.0774954557418823,
1.077448844909668,
1.0762479305267334,
1.0775686502456665,
1.0776426792144775,
1.077612042427063,
1.077449083328247,
1.0773152112960815,
1.077166199684143,
1.0771297216415405,
1.0771820545196533,
1.0773178339004517,
1.0773594379425049,
1.0773956775665283,
1.077396035194397,
1.0772826671600342,
1.0772061347961426,
1.077032446861267,
1.076788067817688,
1.0754904747009277,
1.0766607522964478,
1.076614499092102,
1.0765559673309326,
1.0764764547348022,
1.0764209032058716,
1.0763283967971802,
1.076249599456787,
1.0761961936950684,
1.0761734247207642,
1.0761536359786987,
1.0761386156082153,
1.0762617588043213,
1.076277494430542,
1.0761957168579102,
1.0759705305099487,
1.0758062601089478,
1.0751985311508179,
1.0756868124008179,
1.075842261314392,
1.0759814977645874,
1.0760889053344727,
1.0760622024536133,
1.0760821104049683,
1.0759966373443604,
1.0758638381958008,
1.075640082359314,
1.0752800703048706,
1.075160264968872,
1.0750558376312256,
1.0749388933181763,
1.0748586654663086,
1.0747945308685303,
1.0747231245040894,
1.0746715068817139,
1.074617624282837,
1.0745594501495361,
1.0745750665664673,
1.0745424032211304,
1.0745726823806763,
1.0735282897949219,
1.0746850967407227,
1.0744638442993164,
1.0742132663726807,
1.0741002559661865,
1.073988437652588,
1.0739973783493042,
1.0740528106689453,
1.0741931200027466,
1.074173092842102,
1.0741227865219116,
1.0740926265716553,
1.0740019083023071,
1.0739059448242188,
1.0736349821090698,
1.0734834671020508,
1.073437213897705,
1.0733191967010498,
1.0732523202896118,
1.0732308626174927,
1.0730878114700317,
1.0730034112930298,
1.0729516744613647,
1.0716497898101807,
1.072851300239563,
1.072831630706787,
1.072780966758728,
1.072876214981079,
1.072916030883789,
1.0728644132614136,
1.0726163387298584,
1.0724018812179565,
1.072298526763916,
1.0721895694732666,
1.0722236633300781,
1.0723357200622559,
1.0723685026168823,
1.0723443031311035,
1.0723251104354858,
1.0720690488815308,
1.0715899467468262,
1.0720425844192505,
1.0717628002166748,
1.071601390838623,
1.0715261697769165,
1.0714654922485352,
1.0701370239257812,
1.0712699890136719,
1.0712238550186157,
1.071157455444336,
1.0710750818252563,
1.0709837675094604,
1.0708943605422974,
1.0708165168762207,
1.0707950592041016,
1.0708504915237427,
1.0708558559417725,
1.0707083940505981,
1.0705845355987549,
1.0705515146255493,
1.0704172849655151,
1.0702803134918213,
1.0703046321868896,
1.0691065788269043,
1.0704549551010132,
1.0704376697540283,
1.0704259872436523,
1.0704069137573242,
1.0703750848770142,
1.0702120065689087,
1.0698788166046143,
1.0696039199829102,
1.0695031881332397,
1.069433331489563,
1.0693602561950684,
1.069278359413147,
1.069200873374939,
1.0691087245941162,
1.0690096616744995,
1.0689524412155151,
1.0688819885253906,
1.0688399076461792,
1.0687230825424194,
1.068662166595459,
1.0685672760009766,
1.0685350894927979,
1.067203164100647,
1.0683232545852661,
1.0682487487792969,
1.0682001113891602,
1.068135142326355,
1.0681297779083252,
1.0680984258651733,
1.068081021308899,
1.068007230758667,
1.067911148071289,
1.067903995513916,
1.067657709121704,
1.06744384765625,
1.0673233270645142,
1.0672335624694824,
1.0671792030334473,
1.0670419931411743,
1.0667132139205933,
1.0668805837631226,
1.0667965412139893,
1.0666961669921875,
1.0665977001190186,
1.0665335655212402,
1.0654975175857544,
1.0670751333236694,
1.0673539638519287,
1.0673351287841797,
1.0672656297683716,
1.0671286582946777,
1.0670392513275146,
1.066987156867981,
1.067101240158081,
1.0672863721847534,
1.0673673152923584,
1.0673860311508179,
1.067481517791748,
1.067453145980835,
1.0673810243606567,
1.0673260688781738,
1.0669353008270264,
1.0648417472839355,
1.066198706626892,
1.066029667854309,
1.0658010244369507,
1.0656946897506714,
1.0655773878097534,
1.065463900566101,
1.0653727054595947,
1.0652785301208496,
1.0651969909667969,
1.065031886100769,
1.064980387687683,
1.0648518800735474,
1.0647718906402588,
1.0647811889648438,
1.0646361112594604,
1.064491868019104,
1.0643678903579712,
1.0643543004989624,
1.0644326210021973,
1.06452214717865,
1.0645759105682373,
1.0646061897277832,
1.0632930994033813,
1.0644733905792236,
1.064427137374878,
1.0643342733383179,
1.0639386177062988,
1.0634883642196655,
1.0634191036224365,
1.0632619857788086,
1.06306791305542,
1.0629521608352661,
1.0628045797348022,
1.0627408027648926,
1.0626558065414429,
1.0625742673873901,
1.0624520778656006,
1.0623509883880615,
1.0623116493225098,
1.0620263814926147,
1.0621885061264038,
1.0620460510253906,
1.0618449449539185,
1.061660647392273,
1.0615088939666748,
1.0602344274520874,
1.0615755319595337,
1.0616490840911865,
1.0616761445999146,
1.0616779327392578,
1.061622977256775,
1.0615946054458618,
1.06148362159729,
1.061176061630249,
1.060856819152832,
1.0605549812316895,
1.0603742599487305,
1.0599446296691895,
1.059962511062622,
1.0597566366195679,
1.0596957206726074,
1.0595684051513672,
1.0582554340362549,
1.059180736541748,
1.0592585802078247,
1.0589790344238281,
1.0591747760772705,
1.0590301752090454,
1.0590205192565918,
1.0588206052780151,
1.0582947731018066,
1.058265209197998,
1.057695746421814,
1.0581519603729248,
1.0575329065322876,
1.058210849761963,
1.0582401752471924,
1.0579900741577148,
1.058085560798645,
1.0579503774642944,
1.057837724685669,
1.057189702987671,
1.0571507215499878,
1.0566165447235107,
1.056485891342163,
1.054991602897644,
1.0559865236282349,
1.0560797452926636,
1.0559970140457153,
1.0557464361190796,
1.055342197418213,
1.0556172132492065,
1.055334448814392,
1.0553818941116333,
1.054922103881836,
1.0549819469451904,
1.0549970865249634,
1.054563283920288,
1.0545706748962402,
1.054081678390503,
1.0542025566101074,
1.0542032718658447,
1.0541775226593018,
1.0540112257003784,
1.0537787675857544,
1.0535693168640137,
1.0531572103500366,
1.0533719062805176,
1.0526025295257568,
1.0529168844223022,
1.052359700202942,
1.0525412559509277,
1.0520700216293335,
1.051931619644165,
1.05021071434021,
1.0517123937606812,
1.0512150526046753,
1.051350474357605,
1.0509840250015259,
1.0508376359939575,
1.0504295825958252,
1.0503485202789307,
1.0499569177627563,
1.0499951839447021,
1.0498532056808472,
1.0494213104248047,
1.049226999282837,
1.049290418624878,
1.0490316152572632,
1.0491559505462646,
1.0490511655807495,
1.0490583181381226,
1.0489102602005005,
1.0488847494125366,
1.0488063097000122,
1.0488150119781494,
1.048052191734314,
1.04688560962677,
1.0471076965332031,
1.0471309423446655,
1.0470328330993652,
1.0464694499969482,
1.0465099811553955,
1.0457525253295898,
1.0451345443725586,
1.0434398651123047,
1.0416425466537476,
1.0439167022705078,
1.0424304008483887,
1.0431283712387085,
1.0431106090545654,
1.0429872274398804,
1.0426652431488037,
1.0425891876220703,
1.0419902801513672,
1.0415992736816406,
1.041401743888855,
1.0413062572479248,
1.0411466360092163,
1.041227102279663,
1.0396153926849365,
1.0407649278640747,
1.0405024290084839,
1.0403645038604736,
1.0398836135864258,
1.0389668941497803,
1.0389304161071777,
1.0382978916168213,
1.0381274223327637,
1.0373599529266357,
1.0374644994735718,
1.0371397733688354,
1.0367591381072998,
1.0363399982452393,
1.0358411073684692,
1.0355356931686401,
1.0352787971496582,
1.0348176956176758,
1.0346213579177856,
1.0339792966842651,
1.033746600151062,
1.0331332683563232,
1.0325967073440552,
1.0310207605361938,
1.0317341089248657,
1.0316057205200195,
1.0314708948135376,
1.0312236547470093,
1.0308282375335693,
1.030100703239441,
1.029534935951233,
1.029262661933899,
1.0284701585769653,
1.0278904438018799,
1.0275208950042725,
1.026955485343933,
1.0262762308120728,
1.0259491205215454,
1.0256282091140747,
1.0250358581542969,
1.024369478225708,
1.0241239070892334,
1.0234371423721313,
1.0230586528778076,
1.0226006507873535,
1.0217785835266113,
1.0212851762771606,
1.0209530591964722,
1.0203975439071655,
1.0194369554519653,
1.0189379453659058,
1.0183844566345215,
1.0178964138031006,
1.0173428058624268,
1.01710045337677,
1.0164881944656372,
1.0162240266799927,
1.0157012939453125,
1.0137172937393188,
1.0146305561065674,
1.0140599012374878,
1.0129085779190063,
1.012116551399231,
1.0116031169891357,
1.0097254514694214,
1.0100091695785522,
1.0094035863876343,
1.0086177587509155,
1.0079450607299805,
1.0072603225708008,
1.0057495832443237,
1.0060765743255615,
1.0054032802581787,
1.004893183708191,
1.0041484832763672,
1.0033364295959473,
1.0024610757827759,
1.0018322467803955,
1.0010594129562378,
1.000502347946167,
0.9998301267623901,
0.999099612236023,
0.9984106421470642,
0.9974679946899414,
0.9968357682228088,
0.9962632656097412,
0.9953572750091553,
0.994385838508606,
0.9925901889801025,
0.9928551316261292,
0.9913379549980164,
0.9905101656913757,
0.9897530674934387,
0.989138126373291,
0.9865548610687256,
0.9870549440383911,
0.9861365556716919,
0.9851254224777222,
0.9842991828918457,
0.9834132194519043,
0.9814722537994385,
0.9815863966941833,
0.9803731441497803,
0.9795588254928589,
0.9783914089202881,
0.9773489832878113,
0.9752511382102966,
0.9753308892250061,
0.9746136665344238,
0.9733688831329346,
0.9722387194633484,
0.9716259837150574,
0.9691817760467529,
0.9692502617835999,
0.9685032367706299,
0.9673511981964111,
0.966326892375946,
0.965381383895874,
0.9629535675048828,
0.9633986353874207,
0.9619251489639282,
0.961202085018158,
0.9599899649620056,
0.9590167999267578,
0.9579433798789978,
0.9568642377853394,
0.9556211829185486,
0.9548225998878479,
0.9538388848304749,
0.9528734683990479,
0.9517903327941895,
0.9507668018341064,
0.9496719241142273,
0.9490155577659607,
0.9476090669631958,
0.9465488791465759,
0.9457002878189087,
0.9444360136985779,
0.9438576102256775,
0.942751407623291,
0.941644549369812,
0.9406898617744446,
0.9396215081214905,
0.938692033290863,
0.9378241896629333,
0.9366695880889893,
0.9358474612236023,
0.9348272681236267,
0.9335917830467224,
0.9314603805541992,
0.9317029118537903,
0.9304919838905334,
0.9296073913574219,
0.9284908175468445,
0.9272603988647461,
0.925289511680603,
0.9254170060157776,
0.9241995811462402,
0.9230424761772156,
0.9220285415649414,
0.92100989818573,
0.9199708104133606,
0.9188194274902344,
0.9178851842880249,
0.9168857336044312,
0.9157009720802307,
0.9148140549659729,
0.9136855006217957,
0.9127391576766968,
0.9116389751434326,
0.910578727722168,
0.9094751477241516,
0.9084904789924622,
0.9073575735092163,
0.9063678979873657,
0.9054604172706604,
0.9044348001480103,
0.9034053087234497,
0.902383029460907,
0.9013423919677734,
0.900297999382019,
0.8993223309516907,
0.8982794880867004,
0.8972356915473938,
0.8961730599403381,
0.8952099084854126,
0.893815279006958,
0.8931064605712891,
0.8918598294258118,
0.8910728096961975,
0.8894708156585693,
0.8890020251274109,
0.8864577412605286,
0.8868811726570129,
0.8855804204940796,
0.8846116662025452,
0.8832800984382629,
0.8823180198669434,
0.8823180198669434,
0.8823180198669434,
0.0,
0.0,
0.0,
0.0,
0.0,
0.0,
0.0,
0.0,
0.0,
0.0,
0.0,
0.0,
0.0,
0.0,
0.0,
0.0,
0.0,
0.0,
0.0,
0.0,
0.0,
0.0,
0.0,
0.0,
0.0,
0.0,
0.0,
0.0,
0.0,
0.0,
0.0,
0.0,
0.0,
0.0,
0.0,
0.0,
0.0,
0.0,
0.0,
0.0,
0.0,
0.0,
0.0,
0.0,
0.0,
0.0,
0.0,
0.0,
0.0,
0.0,
0.0,
0.0,
0.0,
0.0,
0.0,
0.0,
0.0,
0.0,
0.0,
0.0,
0.0,
0.0,
0.0,
0.0,
0.0,
0.0,
0.0,
0.0,
0.0,
0.0,
0.0,
0.0,
0.0,
0.0,
0.0,
0.0,
0.0,
0.0,
0.0,
0.0,
0.0,
0.0,
0.0,
0.0,
0.0,
0.0,
0.0,
0.0,
0.0,
0.0,
0.0,
0.0,
0.0,
0.0,
0.0,
0.0,
0.0,
0.0,
0.0,
0.0,
0.0,
0.0,
0.0,
0.0,
0.0,
0.0,
0.0,
0.0,
0.0,
0.0,
0.0,
0.0,
0.0,
0.0,
0.0,
0.0,
0.0,
0.0,
0.0,
0.0,
0.0,
0.0,
0.0,
0.0,
0.0,
0.0,
0.0,
0.0,
0.0,
0.0,
0.0,
0.0,
0.0,
0.0,
0.0,
0.0,
0.0,
0.0,
0.0,
0.0,
0.0,
0.0,
0.0,
0.0,
0.0,
0.0,
0.0,
0.0,
0.0,
0.0,
0.0,
0.0,
0.0,
0.0,
0.0,
0.0,
0.0,
0.0,
0.0,
0.0,
0.0,
0.0,
0.0,
0.0,
0.0,
0.0,
0.0,
0.0,
0.0,
0.0,
0.0,
0.0,
0.0,
0.0,
0.0,
0.0,
0.0,
0.0,
0.0,
0.0,
0.0,
0.0,
0.0,
0.0,
0.0,
0.0,
0.0,
0.0,
0.0,
0.0,
0.0,
0.0,
0.0,
0.0,
0.0,
0.0,
0.0,
0.0,
0.0,
0.0,
0.0,
0.0,
0.0,
0.0,
0.0,
0.0,
0.0,
0.0,
0.0,
0.0,
0.0,
0.0,
0.0,
0.0,
0.0,
0.0,
0.0,
0.0,
0.0,
0.0,
0.0,
0.0,
0.0,
0.0,
0.0,
0.0,
0.0,
0.0,
0.0,
0.0,
0.0,
0.0,
0.0,
0.0,
0.0,
0.0,
0.0,
0.0,
0.0,
0.0,
0.0,
0.0,
0.0,
0.0,
0.0,
0.0,
0.0,
0.0,
0.0,
0.0,
0.0,
0.0,
0.0,
0.0,
0.0,
0.0,
0.0,
0.0,
0.0,
0.0,
0.0,
0.0,
0.0,
0.0,
0.0,
0.0,
0.0,
0.0,
0.0,
0.0,
0.0,
0.0,
0.0,
0.0,
0.0,
0.0,
0.0,
0.0,
0.0,
0.0,
0.0,
0.0,
0.0,
0.0,
0.0,
0.0,
0.0,
0.0,
0.0,
0.0,
0.0,
0.0,
0.0,
0.0,
0.0,
0.0,
0.0,
0.0,
0.0,
0.0,
0.0,
0.0,
0.0,
0.0,
0.0,
0.0,
0.0,
0.0,
0.0,
0.0,
0.0,
0.0,
0.0,
0.0,
0.0,
0.0,
0.0,
0.0,
0.0,
0.0,
0.0,
0.0,
0.0,
0.0,
0.0,
0.0,
0.0,
0.0,
0.0,
0.0,
0.0,
0.0,
0.0,
0.0,
0.0,
0.0,
0.0,
0.0,
0.0,
0.0,
0.0,
0.0,
0.0,
0.0,
0.0,
0.0,
0.0,
0.0,
0.0,
0.0,
0.0,
0.0,
0.0,
0.0,
0.0,
0.0,
0.0,
0.0,
0.0,
0.0,
0.0,
0.0,
0.0,
0.0,
0.0,
0.0,
0.0,
0.0,
0.0,
0.0,
0.0,
0.0,
0.0,
0.0,
0.0,
0.0,
0.0,
0.0,
0.0,
0.0,
0.0,
0.0,
0.0,
0.0,
0.0,
0.0,
0.0,
0.0,
0.0,
0.0,
0.0,
0.0,
0.0,
0.0,
0.0,
0.0,
0.0,
0.0,
0.0,
0.0,
0.0,
0.0,
0.0,
0.0,
0.0,
0.0,
0.0,
0.0,
0.0,
0.0,
0.0,
0.0,
0.0,
0.0,
0.0,
0.0,
0.0,
0.0,
0.0,
0.0,
0.0,
0.0,
0.0,
0.0,
0.0,
0.0,
0.0,
0.0,
0.0,
0.0,
0.0,
0.0,
0.0,
0.0,
0.0,
0.0,
0.0,
0.0,
0.0,
0.0,
0.0,
0.0,
0.0,
0.0,
0.0,
0.0,
0.0,
0.0,
0.0,
0.0,
0.0,
0.0,
0.0,
0.0,
0.0,
0.0,
0.0,
0.0,
0.0,
0.0,
0.0,
0.0,
0.0,
0.0,
0.0,
0.0,
0.0,
0.0,
0.0,
0.0,
0.0,
0.0,
0.0,
0.0,
0.0,
0.0,
0.0,
0.0,
0.0,
0.0,
0.0,
0.0,
0.0,
0.0,
0.0,
0.0,
0.0,
0.0,
0.0,
0.0,
0.0,
0.0,
0.0,
0.0,
0.0,
0.0,
0.0,
0.0,
0.0,
0.0,
0.0,
0.0,
0.0,
0.0,
0.0,
0.0,
0.0,
0.0,
0.0,
0.0,
0.0,
0.0,
0.0,
0.0,
0.0,
0.0,
0.0,
0.0,
0.0,
0.0,
0.0,
0.0,
0.0,
0.0,
0.0,
0.0,
0.0,
0.0,
0.0,
0.0,
0.0,
0.0,
0.0,
0.0,
0.0,
0.0,
0.0,
0.0,
0.0,
0.0,
0.0,
0.0,
0.0,
0.0,
0.0,
0.0,
0.0,
0.0,
0.0,
0.0,
0.0,
0.0,
0.0,
0.0,
0.0,
0.0,
0.0,
0.0,
0.0,
0.0,
0.0,
0.0,
0.0,
0.0,
0.0,
0.0,
0.0,
0.0,
0.0,
0.0,
0.0,
0.0,
0.0,
0.0,
0.0,
0.0,
0.0,
0.0,
0.0,
0.0,
0.0,
0.0,
0.0,
0.0,
0.0,
0.0,
0.0,
0.0,
0.0,
0.0,
0.0,
0.0,
0.0,
0.0,
0.0,
0.0,
0.0,
0.0,
0.0,
0.0,
0.0,
0.0,
0.0,
0.0,
0.0,
0.0,
0.0,
0.0,
0.0,
0.0,
0.0,
0.0,
0.0,
0.0,
0.0,
0.0,
0.0,
0.0,
0.0,
0.0,
0.0,
0.0,
0.0,
0.0,
0.0,
0.0,
0.0,
0.0,
0.0,
0.0,
0.0,
0.0,
0.0,
0.0,
0.0,
0.0,
0.0,
0.0,
0.0,
0.0,
0.0,
0.0,
0.0,
0.0,
0.0,
0.0,
0.0,
0.0,
0.0,
0.0,
0.0,
0.0,
0.0,
0.0,
0.0,
0.0,
0.0,
0.0,
0.0,
0.0,
0.0,
0.0,
0.0,
0.0,
0.0,
0.0,
0.0,
0.0,
0.0,
0.0,
0.0,
0.0,
0.0,
0.0,
0.0,
0.0,
0.0,
0.0,
0.0,
0.0,
0.0,
0.0,
0.0,
0.0,
0.0,
0.0,
0.0,
0.0,
0.0,
0.0,
0.0,
0.0,
0.0,
0.0,
0.0,
0.0,
0.0,
0.0,
0.0,
0.0,
0.0,
0.0,
0.0,
0.0,
0.0,
0.0,
0.0,
0.0,
0.0,
0.0,
0.0,
0.0,
0.0,
0.0,
0.0,
0.0,
0.0,
0.0,
0.0,
0.0,
0.0,
0.0,
0.0,
0.0,
0.0,
0.0,
0.0,
0.0,
0.0,
0.0,
0.0,
0.0,
0.0,
0.0,
0.0,
0.0,
0.0,
0.0,
0.0,
0.0,
0.0,
0.0,
0.0,
0.0,
0.0,
0.0,
0.0,
0.0,
0.0,
0.0,
0.0,
0.0,
0.0,
0.0,
0.0,
0.0,
0.0,
0.0,
0.0,
0.0,
0.0,
0.0,
0.0,
0.0,
0.0,
0.0,
0.0,
0.0,
0.0,
0.0,
0.0,
0.0,
0.0,
0.0,
0.0,
0.0,
0.0,
0.0,
0.0,
0.0,
0.0,
0.0,
0.0,
0.0,
0.0,
0.0,
0.0,
0.0,
0.0,
0.0,
0.0,
0.0,
0.0,
0.0,
0.0,
0.0,
0.0,
0.0,
0.0,
0.0,
0.0,
0.0,
0.0,
0.0,
0.0,
0.0,
0.0,
0.0,
0.0,
0.0,
0.0,
0.0,
0.0,
0.0,
0.0,
0.0,
0.0,
0.0,
0.0,
0.0,
0.0,
0.0,
0.0,
0.0,
0.0,
0.0,
0.0,
0.0,
0.0,
0.0,
0.0,
0.0,
0.0,
0.0,
0.0,
0.0,
0.0,
0.0,
0.0,
0.0,
0.0,
0.0,
0.0,
0.0,
0.0,
0.0,
0.0,
0.0,
0.0,
0.0,
0.0,
0.0,
0.0,
0.0,
0.0,
0.0,
0.0,
0.0,
0.0,
0.0,
0.0,
0.0,
0.0,
0.0,
0.0,
0.0,
0.0,
0.0,
0.0,
0.0,
0.0,
0.0,
0.0,
0.0,
0.0,
0.0,
0.0,
0.0,
0.0,
0.0,
0.0,
0.0,
0.0,
0.0,
0.0,
0.0,
0.0,
0.0,
0.0,
0.0,
0.0,
0.0,
0.0,
0.0,
0.0,
0.0,
0.0,
0.0,
0.0,
0.0,
0.0,
0.0,
0.0,
0.0,
0.0,
0.0,
0.0,
0.0,
0.0,
0.0,
0.0,
0.0,
0.0,
0.0,
0.0,
0.0,
0.0,
0.0,
0.0,
0.0,
0.0,
0.0,
0.0,
0.0,
0.0,
0.0,
0.0,
0.0,
0.0,
0.0,
0.0,
0.0,
0.0,
0.0,
0.0,
0.0,
0.0,
0.0,
0.0,
0.0,
0.0,
0.0,
0.0,
0.0,
0.0,
0.0,
0.0,
0.0,
0.0,
0.0,
0.0,
0.0,
0.0,
0.0,
0.0,
0.0,
0.0,
0.0,
0.0,
0.0,
0.0,
0.0,
0.0,
0.0,
0.0,
0.0,
0.0,
0.0,
0.0,
0.0,
0.0,
0.0,
0.0,
0.0,
0.0,
0.0,
0.0,
0.0,
0.0,
0.0,
0.0,
0.0,
0.0,
0.0,
0.0,
0.0,
0.0,
0.0,
0.0,
0.0,
0.0,
0.0,
0.0,
0.0,
0.0,
0.0,
0.0,
0.0,
0.0,
0.0,
0.0,
0.0,
0.0,
0.0,
0.0,
0.0,
0.0,
0.0,
0.0,
0.0,
0.0,
0.0,
0.0,
0.0,
0.0,
0.0,
0.0,
0.0,
0.0,
0.0,
0.0,
0.0,
0.0,
0.0,
0.0,
0.0,
0.0,
0.0,
0.0,
0.0,
0.0,
0.0,
0.0,
0.0,
0.0,
0.0,
0.0,
0.0,
0.0,
0.0,
0.0,
0.0,
0.0,
0.0,
0.0,
0.0,
0.0,
0.0,
0.0,
0.0,
0.0,
0.0,
0.0,
0.0,
0.0,
0.0,
0.0,
0.0,
0.0,
0.0,
0.0,
0.0,
0.0,
0.0,
0.0,
0.0,
0.0,
0.0,
0.0,
0.0,
0.0,
0.0,
0.0,
0.0,
0.0,
0.0,
0.0,
0.0,
0.0,
0.0,
0.0,
0.0,
0.0,
0.0,
0.0,
0.0,
0.0,
0.0,
0.0,
0.0,
0.0,
0.0,
0.0,
0.0,
0.0,
0.0,
0.0,
0.0,
0.0,
0.0,
0.0,
0.0,
0.0,
0.0,
0.0,
0.0,
0.0,
0.0,
0.0,
0.0,
0.0,
0.0,
0.0,
0.0,
0.0,
0.0,
0.0,
0.0,
0.0,
0.0,
0.0,
0.0,
0.0,
0.0,
0.0,
0.0,
0.0,
0.0,
0.0,
0.0,
0.0,
0.0,
0.0,
0.0,
0.0,
0.0,
0.0,
0.0,
0.0,
0.0,
0.0,
0.0,
0.0,
0.0,
0.0,
0.0,
0.0,
0.0,
0.0,
0.0,
0.0,
0.0,
0.0,
0.0,
0.0,
0.0,
0.0,
0.0,
0.0,
0.0,
0.0,
0.0,
0.0,
0.0,
0.0,
0.0,
0.0,
0.0,
0.0,
0.0,
0.0,
0.0,
0.0,
0.0,
0.0,
0.0,
0.0,
0.0,
0.0,
0.0,
0.0,
0.0,
0.0,
0.0,
0.0,
0.0,
0.0,
0.0,
0.0,
0.0,
0.0,
0.0,
0.0,
0.0,
0.0,
0.0,
0.0,
0.0,
0.0,
0.0,
0.0,
0.0,
0.0,
0.0,
0.0,
0.0,
0.0,
0.0,
0.0,
0.0,
0.0,
0.0,
0.0,
0.0,
0.0,
0.0,
0.0,
0.0,
0.0,
0.0,
0.0,
0.0,
0.0,
0.0,
0.0,
0.0,
0.0,
0.0,
0.0,
0.0,
0.0,
0.0,
0.0,
0.0,
0.0,
0.0,
0.0,
0.0,
0.0,
0.0,
0.0,
0.0,
0.0,
0.0,
0.0,
0.0,
0.0,
0.0,
0.0,
0.0,
0.0,
0.0,
0.0,
0.0,
0.0,
0.0,
0.0,
0.0,
0.0,
0.0,
0.0,
0.0,
0.0,
0.0,
0.0,
0.0,
0.0,
0.0,
0.0,
0.0,
0.0,
0.0,
0.0,
0.0,
0.0,
0.0,
0.0,
0.0,
0.0,
0.0,
0.0,
0.0,
0.0,
0.0,
0.0,
0.0,
0.0,
0.0,
0.0,
0.0,
0.0,
0.0,
0.0,
0.0,
0.0,
0.0,
0.0,
0.0,
0.0,
0.0,
0.0,
0.0,
0.0,
0.0,
0.0,
0.0,
0.0,
0.0,
0.0,
0.0,
0.0,
0.0,
0.0,
0.0,
0.0,
0.0,
0.0,
0.0,
0.0,
0.0,
0.0,
0.0,
0.0,
0.0,
0.0,
0.0,
0.0,
0.0,
0.0,
0.0,
0.0,
0.0,
0.0,
0.0,
0.0,
0.0,
0.0,
0.0,
0.0,
0.0,
0.0,
0.0,
0.0,
0.0,
0.0,
0.0,
0.0,
0.0,
0.0,
0.0,
0.0,
0.0,
0.0,
0.0,
0.0,
0.0,
0.0,
0.0,
0.0,
0.0,
0.0,
0.0,
0.0,
0.0,
0.0,
0.0,
0.0,
0.0,
0.0,
0.0,
0.0,
0.0,
0.0,
0.0,
0.0,
0.0,
0.0,
0.0,
0.0,
0.0,
0.0,
0.0,
0.0,
0.0,
0.0,
0.0,
0.0,
0.0,
0.0,
0.0,
0.0,
0.0,
0.0,
0.0,
0.0,
0.0,
0.0,
0.0,
0.0,
0.0,
0.0,
0.0,
0.0,
0.0,
0.0,
0.0,
0.0,
0.0,
0.0,
0.0,
0.0,
0.0,
0.0,
0.0,
0.0,
0.0,
0.0,
0.0,
0.0,
0.0,
0.0,
0.0,
0.0,
0.0,
0.0,
0.0,
0.0,
0.0,
0.0,
0.0,
0.0,
0.0,
0.0,
0.0,
0.0,
0.0,
0.0,
0.0,
0.0,
0.0,
0.0,
0.0,
0.0,
0.0,
0.0,
0.0,
0.0,
0.0,
0.0,
0.0,
0.0,
0.0,
0.0,
0.0,
0.0,
0.0,
0.0,
0.0,
0.0,
0.0,
0.0,
0.0,
0.0,
0.0,
0.0,
0.0,
0.0,
0.0,
0.0,
0.0,
0.0,
0.0,
0.0,
0.0,
0.0,
0.0,
0.0,
0.0,
0.0,
0.0,
0.0,
0.0,
0.0,
0.0,
0.0,
0.0,
0.0,
0.0,
0.0,
0.0,
0.0,
0.0,
0.0,
0.0,
0.0,
0.0,
0.0,
0.0,
0.0,
0.0,
0.0,
0.0,
0.0,
0.0,
0.0,
0.0,
0.0,
0.0,
0.0,
0.0,
0.0,
0.0,
0.0,
0.0,
0.0,
0.0,
0.0,
0.0,
0.0,
0.0,
0.0,
0.0,
0.0,
0.0,
0.0,
0.0,
0.0,
0.0,
0.0,
0.0,
0.0,
0.0,
0.0,
0.0,
0.0,
0.0,
0.0,
0.0,
0.0,
0.0,
0.0,
0.0,
0.0,
0.0,
0.0,
0.0,
0.0,
0.0,
0.0,
0.0,
0.0,
0.0,
0.0,
0.0,
0.0,
0.0,
0.0,
0.0,
0.0,
0.0,
0.0,
0.0,
0.0,
0.0,
0.0,
0.0,
0.0,
0.0,
0.0,
0.0,
0.0,
0.0,
0.0,
0.0,
0.0,
0.0,
0.0,
0.0,
0.0,
0.0,
0.0,
0.0,
0.0,
0.0,
0.0,
0.0,
0.0,
0.0,
0.0,
0.0,
0.0,
0.0,
0.0,
0.0,
0.0,
0.0,
0.0,
0.0,
0.0,
