1.0499999523162842,
1.0499999523162842,
1.0499999523162842,
1.0854201316833496,
1.0860739946365356,
1.0863301753997803,
1.086441993713379,
1.0867540836334229,
1.0869442224502563,
1.087168574333191,
1.087216854095459,
1.087332010269165,
1.0873116254806519,
1.0872730016708374,
1.0873558521270752,
1.0873736143112183,
1.087392807006836,
1.0873899459838867,
1.0873370170593262,
1.0874489545822144,
1.0874050855636597,
1.0873944759368896,
1.087451457977295,
1.0874407291412354,
1.0875146389007568,
1.0875447988510132,
1.0875931978225708,
1.0876235961914062,
1.0875966548919678,
1.0875824689865112,
1.087585687637329,
1.087544560432434,
1.0875930786132812,
1.0876736640930176,
1.0876747369766235,
1.0876946449279785,
1.0876425504684448,
1.0875873565673828,
1.0875786542892456,
1.0875366926193237,
1.087490439414978,
1.0873678922653198,
1.0873394012451172,
1.0873619318008423,
1.087365984916687,
1.0873664617538452,
1.0873615741729736,
1.0873032808303833,
1.08725905418396,
1.0874336957931519,
1.0876351594924927,
1.0877703428268433,
1.087806224822998,
1.0877342224121094,
1.0872958898544312,
1.0872681140899658,
1.0872541666030884,
1.0872645378112793,
1.0872058868408203,
1.087224006652832,
1.0872218608856201,
1.0871788263320923,
1.0871576070785522,
1.0871391296386719,
1.0870866775512695,
1.0870698690414429,
1.0870593786239624,
1.086957335472107,
1.0869454145431519,
1.0869274139404297,
1.0868351459503174,
1.0868382453918457,
1.0867769718170166,
1.0867499113082886,
1.0867060422897339,
1.0866838693618774,
1.0866197347640991,
1.0865819454193115,
1.086531400680542,
1.08657968044281,
1.0865432024002075,
1.0865076780319214,
1.0864691734313965,
1.0863791704177856,
1.086297631263733,
1.0862680673599243,
1.0862447023391724,
1.0862306356430054,
1.0862139463424683,
1.0861542224884033,
1.0860936641693115,
1.0861045122146606,
1.0860514640808105,
1.0860145092010498,
1.0859166383743286,
1.0858627557754517,
1.0858559608459473,
1.0858395099639893,
1.0857988595962524,
1.0857353210449219,
1.0857539176940918,
1.0856362581253052,
1.0855830907821655,
1.0855792760849,
1.0854777097702026,
1.0853466987609863,
1.0854101181030273,
1.0854499340057373,
1.0854750871658325,
1.085423231124878,
1.0854575634002686,
1.0854344367980957,
1.0853233337402344,
1.0852925777435303,
1.0853652954101562,
1.0852826833724976,
1.0852861404418945,
1.0853314399719238,
1.085342526435852,
1.085304856300354,
1.0851820707321167,
1.0850399732589722,
1.0849426984786987,
1.0848649740219116,
1.0848795175552368,
1.0848290920257568,
1.0847817659378052,
1.0847524404525757,
1.084692120552063,
1.0846478939056396,
1.084549903869629,
1.0844166278839111,
1.0843833684921265,
1.0843347311019897,
1.0843069553375244,
1.0842992067337036,
1.0843241214752197,
1.0843614339828491,
1.084312081336975,
1.0841848850250244,
1.0840833187103271,
1.0840295553207397,
1.0840493440628052,
1.0840024948120117,
1.0839546918869019,
1.0839353799819946,
1.083886981010437,
1.0838992595672607,
1.0839301347732544,
1.083880066871643,
1.0838727951049805,
1.0838333368301392,
1.0837634801864624,
1.0837103128433228,
1.0836502313613892,
1.083567500114441,
1.083551287651062,
1.0835098028182983,
1.0834873914718628,
1.0834625959396362,
1.0835691690444946,
1.083680510520935,
1.08367919921875,
1.0834916830062866,
1.0833282470703125,
1.083240270614624,
1.083070993423462,
1.0831621885299683,
1.0833019018173218,
1.0834015607833862,
1.0834250450134277,
1.0834113359451294,
1.0832868814468384,
1.083204984664917,
1.0830645561218262,
1.0828756093978882,
1.0828386545181274,
1.082800269126892,
1.082796573638916,
1.0827337503433228,
1.0826444625854492,
1.0825977325439453,
1.0825377702713013,
1.0824612379074097,
1.0824198722839355,
1.0824288129806519,
1.082439661026001,
1.0825430154800415,
1.08266282081604,
1.0826499462127686,
1.0824929475784302,
1.0823218822479248,
1.0821462869644165,
1.082038402557373,
1.0822010040283203,
1.082446575164795,
1.0825142860412598,
1.082592487335205,
1.0826520919799805,
1.0825753211975098,
1.082471251487732,
1.0823454856872559,
1.0820083618164062,
1.0818337202072144,
1.0817447900772095,
1.0816493034362793,
1.0815843343734741,
1.0815247297286987,
1.081467628479004,
1.0814565420150757,
1.0813875198364258,
1.0813400745391846,
1.0813651084899902,
1.0813747644424438,
1.0814383029937744,
1.081581473350525,
1.0815825462341309,
1.08139967918396,
1.0811760425567627,
1.0810201168060303,
1.080947995185852,
1.0809175968170166,
1.0810202360153198,
1.0811271667480469,
1.0811960697174072,
1.0811549425125122,
1.0811394453048706,
1.0810375213623047,
1.0809564590454102,
1.0806690454483032,
1.0805684328079224,
1.0805538892745972,
1.0804786682128906,
1.0804187059402466,
1.0803518295288086,
1.0802550315856934,
1.0801713466644287,
1.0801321268081665,
1.0800751447677612,
1.0800886154174805,
1.0800613164901733,
1.0800931453704834,
1.080222249031067,
1.0802714824676514,
1.0801405906677246,
1.0799156427383423,
1.079754114151001,
1.0796641111373901,
1.0796266794204712,
1.0797643661499023,
1.0798455476760864,
1.0799134969711304,
1.079916000366211,
1.0798778533935547,
1.079829216003418,
1.0797888040542603,
1.0795385837554932,
1.0793116092681885,
1.0792381763458252,
1.0791813135147095,
1.0791162252426147,
1.0790923833847046,
1.079038143157959,
1.0789662599563599,
1.0789005756378174,
1.0788458585739136,
1.0787885189056396,
1.0787187814712524,
1.0787122249603271,
1.0788074731826782,
1.0788631439208984,
1.0787626504898071,
1.0785787105560303,
1.0785908699035645,
1.078516960144043,
1.0784132480621338,
1.078437328338623,
1.0785269737243652,
1.0786452293395996,
1.0787017345428467,
1.078725814819336,
1.0786919593811035,
1.0787079334259033,
1.0785051584243774,
1.0781561136245728,
1.0779354572296143,
1.0778714418411255,
1.0777974128723145,
1.077772617340088,
1.077723503112793,
1.077661395072937,
1.0775939226150513,
1.0775470733642578,
1.0775009393692017,
1.0774803161621094,
1.07742440700531,
1.0774435997009277,
1.077391505241394,
1.077392339706421,
1.0774214267730713,
1.0773530006408691,
1.0773065090179443,
1.0771374702453613,
1.0771119594573975,
1.0771613121032715,
1.0771689414978027,
1.0771749019622803,
1.0771574974060059,
1.0771092176437378,
1.0770785808563232,
1.0770148038864136,
1.0767567157745361,
1.0767346620559692,
1.0766935348510742,
1.0766147375106812,
1.0765386819839478,
1.076506495475769,
1.0764652490615845,
1.0764144659042358,
1.0763369798660278,
1.0762999057769775,
1.0762250423431396,
1.0763163566589355,
1.0767686367034912,
1.0771093368530273,
1.0771458148956299,
1.0769990682601929,
1.076977252960205,
1.0769349336624146,
1.0769048929214478,
1.077117919921875,
1.077336072921753,
1.0774587392807007,
1.0775948762893677,
1.0776361227035522,
1.0776749849319458,
1.0776584148406982,
1.077610731124878,
1.0772491693496704,
1.0768890380859375,
1.076627492904663,
1.0764124393463135,
1.0762630701065063,
1.0761327743530273,
1.0760587453842163,
1.076017141342163,
1.0759620666503906,
1.0758956670761108,
1.0758302211761475,
1.0757372379302979,
1.0757335424423218,
1.0758256912231445,
1.0757420063018799,
1.075627088546753,
1.0755062103271484,
1.0754051208496094,
1.0753518342971802,
1.0754669904708862,
1.0756529569625854,
1.0757739543914795,
1.0758551359176636,
1.0759025812149048,
1.0759516954421997,
1.0759212970733643,
1.0759341716766357,
1.0755999088287354,
1.075302243232727,
1.0750524997711182,
1.074852705001831,
1.0746909379959106,
1.0745940208435059,
1.0744848251342773,
1.0744179487228394,
1.074384093284607,
1.0743680000305176,
1.074323296546936,
1.0742803812026978,
1.074249505996704,
1.074385643005371,
1.0743522644042969,
1.0741989612579346,
1.0740374326705933,
1.0738636255264282,
1.0737440586090088,
1.0738389492034912,
1.0739825963974,
1.0741472244262695,
1.074257731437683,
1.0743095874786377,
1.0743211507797241,
1.0742992162704468,
1.0742802619934082,
1.0740066766738892,
1.0736558437347412,
1.073420524597168,
1.0732430219650269,
1.073137879371643,
1.0729948282241821,
1.0729179382324219,
1.0728576183319092,
1.0728193521499634,
1.0727852582931519,
1.0727826356887817,
1.0727282762527466,
1.07275390625,
1.0728522539138794,
1.0728672742843628,
1.072693943977356,
1.0725162029266357,
1.0723769664764404,
1.0722222328186035,
1.072279453277588,
1.0724040269851685,
1.0725501775741577,
1.0726203918457031,
1.0726499557495117,
1.0726407766342163,
1.0726028680801392,
1.0725371837615967,
1.0723129510879517,
1.0719976425170898,
1.0717558860778809,
1.0715765953063965,
1.0714467763900757,
1.071350336074829,
1.0713032484054565,
1.0712445974349976,
1.0711669921875,
1.0711133480072021,
1.0710501670837402,
1.0709936618804932,
1.0709980726242065,
1.0710877180099487,
1.0711067914962769,
1.070911169052124,
1.070756435394287,
1.0706342458724976,
1.0704882144927979,
1.070478081703186,
1.070603847503662,
1.0707024335861206,
1.0707024335861206,
1.0707131624221802,
1.0707087516784668,
1.0706491470336914,
1.070639967918396,
1.0704903602600098,
1.0702154636383057,
1.0699735879898071,
1.0698022842407227,
1.0696709156036377,
1.0695586204528809,
1.069484829902649,
1.0694115161895752,
1.0693399906158447,
1.0692311525344849,
1.069154143333435,
1.0690470933914185,
1.068975806236267,
1.0689294338226318,
1.0688414573669434,
1.068780779838562,
1.068688154220581,
1.0686086416244507,
1.068518042564392,
1.0685614347457886,
1.06875479221344,
1.0687663555145264,
1.0689119100570679,
1.0689703226089478,
1.0692485570907593,
1.0692578554153442,
1.0689388513565063,
1.068843960762024,
1.068650245666504,
1.0682998895645142,
1.0680248737335205,
1.067840814590454,
1.0676090717315674,
1.0675609111785889,
1.066326379776001,
1.0660271644592285,
1.0638694763183594,
1.0639755725860596,
1.0653800964355469,
1.066536784172058,
1.0658613443374634,
1.0657484531402588,
1.0657072067260742,
1.0656380653381348,
1.0655099153518677,
1.065531849861145,
1.0653440952301025,
1.065374493598938,
1.065462350845337,
1.065501093864441,
1.0655330419540405,
1.0655086040496826,
1.0654948949813843,
1.0655016899108887,
1.0653148889541626,
1.0650660991668701,
1.0647876262664795,
1.0645250082015991,
1.0644677877426147,
1.0641435384750366,
1.0642191171646118,
1.064125657081604,
1.0640649795532227,
1.0639673471450806,
1.0638842582702637,
1.0638223886489868,
1.0637297630310059,
1.0636624097824097,
1.0637274980545044,
1.063598871231079,
1.0634180307388306,
1.0633459091186523,
1.0633068084716797,
1.063179850578308,
1.0630849599838257,
1.063132405281067,
1.0631319284439087,
1.0630637407302856,
1.062660574913025,
1.0629327297210693,
1.0626437664031982,
1.0626131296157837,
1.0624115467071533,
1.062178134918213,
1.0621554851531982,
1.0620248317718506,
1.061916470527649,
1.0617947578430176,
1.0616745948791504,
1.0613913536071777,
1.0614218711853027,
1.0613172054290771,
1.061033844947815,
1.061020016670227,
1.0607355833053589,
1.0607101917266846,
1.0607960224151611,
1.06070876121521,
1.0606489181518555,
1.0605013370513916,
1.0604101419448853,
1.0601862668991089,
1.0600229501724243,
1.060414433479309,
1.0598728656768799,
1.0602365732192993,
1.0601741075515747,
1.0603041648864746,
1.060031771659851,
1.0597528219223022,
1.0595065355300903,
1.0592008829116821,
1.059014916419983,
1.0588310956954956,
1.0588129758834839,
1.0585421323776245,
1.058103084564209,
1.0583935976028442,
1.0581361055374146,
1.057991623878479,
1.0578341484069824,
1.0576742887496948,
1.057361125946045,
1.0574350357055664,
1.057044267654419,
1.056815266609192,
1.0570578575134277,
1.056952714920044,
1.0559077262878418,
1.0563697814941406,
1.056479811668396,
1.0564194917678833,
1.0564690828323364,
1.056328296661377,
1.0562307834625244,
1.055846095085144,
1.0554341077804565,
1.055518627166748,
1.0552442073822021,
1.0552808046340942,
1.0548526048660278,
1.0547910928726196,
1.0545759201049805,
1.054593801498413,
1.0544040203094482,
1.0541592836380005,
1.0540497303009033,
1.0537266731262207,
1.0536487102508545,
1.0536656379699707,
1.053368091583252,
1.053354024887085,
1.0531827211380005,
1.0527809858322144,
1.052470326423645,
1.052564263343811,
1.0521422624588013,
1.0523076057434082,
1.0517935752868652,
1.0520997047424316,
1.0518566370010376,
1.0515116453170776,
1.050973653793335,
1.0512633323669434,
1.0510175228118896,
1.0509364604949951,
1.0507243871688843,
1.050581932067871,
1.0503400564193726,
1.0501079559326172,
1.0495238304138184,
1.0496853590011597,
1.0491853952407837,
1.049365520477295,
1.0488910675048828,
1.048864483833313,
1.048898458480835,
1.0483015775680542,
1.048263669013977,
1.0479283332824707,
1.0479085445404053,
1.0480033159255981,
1.0478990077972412,
1.0475835800170898,
1.047165036201477,
1.0472646951675415,
1.046943187713623,
1.0463371276855469,
1.046704888343811,
1.046464204788208,
1.0460901260375977,
1.0458555221557617,
1.0459281206130981,
1.045757532119751,
1.0456186532974243,
1.045531153678894,
1.045262098312378,
1.0448848009109497,
1.0445611476898193,
1.0444368124008179,
1.0442771911621094,
1.0438954830169678,
1.0433977842330933,
1.0434670448303223,
1.0435898303985596,
1.0431100130081177,
1.0430430173873901,
1.0429770946502686,
1.042593240737915,
1.0422859191894531,
1.0421003103256226,
1.0420461893081665,
1.0418336391448975,
1.0412800312042236,
1.041237711906433,
1.0412126779556274,
1.0408647060394287,
1.040622353553772,
1.0402814149856567,
1.0401692390441895,
1.0399640798568726,
1.0396544933319092,
1.0394847393035889,
1.0391533374786377,
1.0389050245285034,
1.038672685623169,
1.0383540391921997,
1.038032054901123,
1.037918210029602,
1.0376076698303223,
1.037276268005371,
1.0370923280715942,
1.036889910697937,
1.0364679098129272,
1.0362372398376465,
1.0361472368240356,
1.035812258720398,
1.0355228185653687,
1.0353724956512451,
1.035141110420227,
1.034616470336914,
1.0343247652053833,
1.0339329242706299,
1.0338891744613647,
1.0338139533996582,
1.033384919166565,
1.0331605672836304,
1.033028244972229,
1.032598853111267,
1.0325250625610352,
1.0318982601165771,
1.0317747592926025,
1.0315685272216797,
1.0312623977661133,
1.0309287309646606,
1.0306495428085327,
1.0305653810501099,
1.0302814245224,
1.0298582315444946,
1.0297383069992065,
1.0294585227966309,
1.0291692018508911,
1.0289716720581055,
1.0287541151046753,
1.0286167860031128,
1.0278875827789307,
1.0278481245040894,
1.0275557041168213,
1.027060866355896,
1.02683424949646,
1.026822805404663,
1.026440143585205,
1.0264527797698975,
1.0262019634246826,
1.0261212587356567,
1.025797963142395,
1.025633454322815,
1.0252785682678223,
1.024871826171875,
1.0243914127349854,
1.0238338708877563,
1.0233469009399414,
1.0226905345916748,
1.022648572921753,
1.0221998691558838,
1.021797776222229,
1.0211567878723145,
1.0212258100509644,
1.0208086967468262,
1.020455241203308,
1.020041584968567,
1.0196563005447388,
1.0195680856704712,
1.019221305847168,
1.0189639329910278,
1.0185092687606812,
1.0182194709777832,
1.0177592039108276,
1.0175929069519043,
1.017418384552002,
1.017128348350525,
1.017006278038025,
1.0167460441589355,
1.0163832902908325,
1.0162979364395142,
1.015860915184021,
1.0155959129333496,
1.0150830745697021,
1.0145773887634277,
1.0140849351882935,
1.0133637189865112,
1.0129486322402954,
1.0127549171447754,
1.0119725465774536,
1.0118536949157715,
1.0114258527755737,
1.011094570159912,
1.0107332468032837,
1.0105477571487427,
1.010167121887207,
1.009584903717041,
1.0092812776565552,
1.0090922117233276,
1.0084353685379028,
1.0081568956375122,
1.0076961517333984,
1.007383942604065,
1.0070348978042603,
1.0066947937011719,
1.0066580772399902,
1.0062761306762695,
1.0061519145965576,
1.0055882930755615,
1.0053602457046509,
1.0049209594726562,
1.0044513940811157,
1.0042483806610107,
1.0034427642822266,
1.003097653388977,
1.0025557279586792,
1.0020902156829834,
1.0016345977783203,
1.001389503479004,
1.000879168510437,
1.000369906425476,
0.9999884963035583,
0.999469518661499,
0.9989719390869141,
0.998625636100769,
0.9981901049613953,
0.9977684020996094,
0.997398853302002,
0.9967071413993835,
0.9963979721069336,
0.9958606958389282,
0.9951155781745911,
0.9948896169662476,
0.9944022297859192,
0.9940537214279175,
0.993827223777771,
0.9933815598487854,
0.9927033185958862,
0.9925302863121033,
0.9922081828117371,
0.9916139841079712,
0.9911172986030579,
0.9906226396560669,
0.9898465871810913,
0.9891298413276672,
0.9884620904922485,
0.9877697825431824,
0.9874072074890137,
0.986641526222229,
0.9861994981765747,
0.9857282638549805,
0.985192596912384,
0.9846755266189575,
0.9838550090789795,
0.9835096597671509,
0.9828953742980957,
0.9824414849281311,
0.9816867113113403,
0.9810628890991211,
0.9804697632789612,
0.9798963069915771,
0.9792001247406006,
0.9787852168083191,
0.9780349135398865,
0.9777480363845825,
0.9773527979850769,
0.9768816232681274,
0.9761196970939636,
0.9757034182548523,
0.9750823974609375,
0.9745355844497681,
0.9739392399787903,
0.9731742143630981,
0.9724830389022827,
0.9719268083572388,
0.9709986448287964,
0.9704826474189758,
0.9699368476867676,
0.969318687915802,
0.9685755968093872,
0.967846155166626,
0.9673888683319092,
0.9666972160339355,
0.9660682082176208,
0.9652425050735474,
0.9647268652915955,
0.9642572402954102,
0.963542103767395,
0.9630477428436279,
0.9622251987457275,
0.9614632725715637,
0.9609529376029968,
0.9601882100105286,
0.9596841335296631,
0.9590490460395813,
0.9586361050605774,
0.9582899212837219,
0.9574132561683655,
0.9570494294166565,
0.9563332796096802,
0.9556542038917542,
0.9551541209220886,
0.9534884095191956,
0.9518036842346191,
0.9516304135322571,
0.9510136246681213,
0.9505749940872192,
0.9499548673629761,
0.9492849111557007,
0.9485024213790894,
0.947956919670105,
0.9473415017127991,
0.9467613101005554,
0.9461998343467712,
0.9456117749214172,
0.9449893236160278,
0.9443507194519043,
0.9436607360839844,
0.9430865049362183,
0.9421416521072388,
0.9416974782943726,
0.9411106705665588,
0.9405605792999268,
0.9400153756141663,
0.9393402338027954,
0.938664436340332,
0.9383717179298401,
0.9375627636909485,
0.9369320273399353,
0.9362936019897461,
0.9353465437889099,
0.9345479607582092,
0.9336331486701965,
0.9330342411994934,
0.9323511123657227,
0.9315692186355591,
0.9309250712394714,
0.9303075671195984,
0.9294078350067139,
0.9286419749259949,
0.9277912974357605,
0.9271989464759827,
0.9265453219413757,
0.9257131218910217,
0.9249973297119141,
0.924210786819458,
0.9234914779663086,
0.9227598905563354,
0.9220259189605713,
0.9211938381195068,
0.9203746318817139,
0.9197406768798828,
0.9188722372055054,
0.918400764465332,
0.9175294041633606,
0.9168687462806702,
0.9163380265235901,
0.9156355857849121,
0.9148011803627014,
0.9141594171524048,
0.913437008857727,
0.9127294421195984,
0.9115686416625977,
0.9108614921569824,
0.9097141027450562,
0.9089702367782593,
0.9079105854034424,
0.9072293043136597,
0.9062234163284302,
0.9053140878677368,
0.9045019745826721,
0.9037125110626221,
0.902590811252594,
0.9019137620925903,
0.9010187387466431,
0.899885892868042,
0.8983896970748901,
0.8967967629432678,
0.896186351776123,
0.8956376314163208,
0.8941285610198975,
0.8934211730957031,
0.8929697871208191,
0.8918595314025879,
0.8899497985839844,
0.8896206021308899,
0.8895969986915588,
0.887573778629303,
0.8865321278572083,
0.8860012888908386,
0.8848322033882141,
0.8834850192070007,
0.8824150562286377,
0.8821568489074707,
0.8806095123291016,
0.0,
0.0,
0.0,
0.0,
0.0,
0.0,
0.0,
0.0,
0.0,
0.0,
0.0,
0.0,
0.0,
0.0,
0.0,
0.0,
0.0,
0.0,
0.0,
0.0,
0.0,
0.0,
0.0,
0.0,
0.0,
0.0,
0.0,
0.0,
0.0,
0.0,
0.0,
0.0,
0.0,
0.0,
0.0,
0.0,
0.0,
0.0,
0.0,
0.0,
0.0,
0.0,
0.0,
0.0,
0.0,
0.0,
0.0,
0.0,
0.0,
0.0,
0.0,
0.0,
0.0,
0.0,
0.0,
0.0,
0.0,
0.0,
0.0,
0.0,
0.0,
0.0,
0.0,
0.0,
0.0,
0.0,
0.0,
0.0,
0.0,
0.0,
0.0,
0.0,
0.0,
0.0,
0.0,
0.0,
0.0,
0.0,
0.0,
0.0,
0.0,
0.0,
0.0,
0.0,
0.0,
0.0,
0.0,
0.0,
0.0,
0.0,
0.0,
0.0,
0.0,
0.0,
0.0,
0.0,
0.0,
0.0,
0.0,
0.0,
0.0,
0.0,
0.0,
0.0,
0.0,
0.0,
0.0,
0.0,
0.0,
0.0,
0.0,
0.0,
0.0,
0.0,
0.0,
0.0,
0.0,
0.0,
0.0,
0.0,
0.0,
0.0,
0.0,
0.0,
0.0,
0.0,
0.0,
0.0,
0.0,
0.0,
0.0,
0.0,
0.0,
0.0,
0.0,
0.0,
0.0,
0.0,
0.0,
0.0,
0.0,
0.0,
0.0,
0.0,
0.0,
0.0,
0.0,
0.0,
0.0,
0.0,
0.0,
0.0,
0.0,
0.0,
0.0,
0.0,
0.0,
0.0,
0.0,
0.0,
0.0,
0.0,
0.0,
0.0,
0.0,
0.0,
0.0,
0.0,
0.0,
0.0,
0.0,
0.0,
0.0,
0.0,
0.0,
0.0,
0.0,
0.0,
0.0,
0.0,
0.0,
0.0,
0.0,
0.0,
0.0,
0.0,
0.0,
0.0,
0.0,
0.0,
0.0,
0.0,
0.0,
0.0,
0.0,
0.0,
0.0,
0.0,
0.0,
0.0,
0.0,
0.0,
0.0,
0.0,
0.0,
0.0,
0.0,
0.0,
0.0,
0.0,
0.0,
0.0,
0.0,
0.0,
0.0,
0.0,
0.0,
0.0,
0.0,
0.0,
0.0,
0.0,
0.0,
0.0,
0.0,
0.0,
0.0,
0.0,
0.0,
0.0,
0.0,
0.0,
0.0,
0.0,
0.0,
0.0,
0.0,
0.0,
0.0,
0.0,
0.0,
0.0,
0.0,
0.0,
0.0,
0.0,
0.0,
0.0,
0.0,
0.0,
0.0,
0.0,
0.0,
0.0,
0.0,
0.0,
0.0,
0.0,
0.0,
0.0,
0.0,
0.0,
0.0,
0.0,
0.0,
0.0,
0.0,
0.0,
0.0,
0.0,
0.0,
0.0,
0.0,
0.0,
0.0,
0.0,
0.0,
0.0,
0.0,
0.0,
0.0,
0.0,
0.0,
0.0,
0.0,
0.0,
0.0,
0.0,
0.0,
0.0,
0.0,
0.0,
0.0,
0.0,
0.0,
0.0,
0.0,
0.0,
0.0,
0.0,
0.0,
0.0,
0.0,
0.0,
0.0,
0.0,
0.0,
0.0,
0.0,
0.0,
0.0,
0.0,
0.0,
0.0,
0.0,
0.0,
0.0,
0.0,
0.0,
0.0,
0.0,
0.0,
0.0,
0.0,
0.0,
0.0,
0.0,
0.0,
0.0,
0.0,
0.0,
0.0,
0.0,
0.0,
0.0,
0.0,
0.0,
0.0,
0.0,
0.0,
0.0,
0.0,
0.0,
0.0,
0.0,
0.0,
0.0,
0.0,
0.0,
0.0,
0.0,
0.0,
0.0,
0.0,
0.0,
0.0,
0.0,
0.0,
0.0,
0.0,
0.0,
0.0,
0.0,
0.0,
0.0,
0.0,
0.0,
0.0,
0.0,
0.0,
0.0,
0.0,
0.0,
0.0,
0.0,
0.0,
0.0,
0.0,
0.0,
0.0,
0.0,
0.0,
0.0,
0.0,
0.0,
0.0,
0.0,
0.0,
0.0,
0.0,
0.0,
0.0,
0.0,
0.0,
0.0,
0.0,
0.0,
0.0,
0.0,
0.0,
0.0,
0.0,
0.0,
0.0,
0.0,
0.0,
0.0,
0.0,
0.0,
0.0,
0.0,
0.0,
0.0,
0.0,
0.0,
0.0,
0.0,
0.0,
0.0,
0.0,
0.0,
0.0,
0.0,
0.0,
0.0,
0.0,
0.0,
0.0,
0.0,
0.0,
0.0,
0.0,
0.0,
0.0,
0.0,
0.0,
0.0,
0.0,
0.0,
0.0,
0.0,
0.0,
0.0,
0.0,
0.0,
0.0,
0.0,
0.0,
0.0,
0.0,
0.0,
0.0,
0.0,
0.0,
0.0,
0.0,
0.0,
0.0,
0.0,
0.0,
0.0,
0.0,
0.0,
0.0,
0.0,
0.0,
0.0,
0.0,
0.0,
0.0,
0.0,
0.0,
0.0,
0.0,
0.0,
0.0,
0.0,
0.0,
0.0,
0.0,
0.0,
0.0,
0.0,
0.0,
0.0,
0.0,
0.0,
0.0,
0.0,
0.0,
0.0,
0.0,
0.0,
0.0,
0.0,
0.0,
0.0,
0.0,
0.0,
0.0,
0.0,
0.0,
0.0,
0.0,
0.0,
0.0,
0.0,
0.0,
0.0,
0.0,
0.0,
0.0,
0.0,
0.0,
0.0,
0.0,
0.0,
0.0,
0.0,
0.0,
0.0,
0.0,
0.0,
0.0,
0.0,
0.0,
0.0,
0.0,
0.0,
0.0,
0.0,
0.0,
0.0,
0.0,
0.0,
0.0,
0.0,
0.0,
0.0,
0.0,
0.0,
0.0,
0.0,
0.0,
0.0,
0.0,
0.0,
0.0,
0.0,
0.0,
0.0,
0.0,
0.0,
0.0,
0.0,
0.0,
0.0,
0.0,
0.0,
0.0,
0.0,
0.0,
0.0,
0.0,
0.0,
0.0,
0.0,
0.0,
0.0,
0.0,
0.0,
0.0,
0.0,
0.0,
0.0,
0.0,
0.0,
0.0,
0.0,
0.0,
0.0,
0.0,
0.0,
0.0,
0.0,
0.0,
0.0,
0.0,
0.0,
0.0,
0.0,
0.0,
0.0,
0.0,
0.0,
0.0,
0.0,
0.0,
0.0,
0.0,
0.0,
0.0,
0.0,
0.0,
0.0,
0.0,
0.0,
0.0,
0.0,
0.0,
0.0,
0.0,
0.0,
0.0,
0.0,
0.0,
0.0,
0.0,
0.0,
0.0,
0.0,
0.0,
0.0,
0.0,
0.0,
0.0,
0.0,
0.0,
0.0,
0.0,
0.0,
0.0,
0.0,
0.0,
0.0,
0.0,
0.0,
0.0,
0.0,
0.0,
0.0,
0.0,
0.0,
0.0,
0.0,
0.0,
0.0,
0.0,
0.0,
0.0,
0.0,
0.0,
0.0,
0.0,
0.0,
0.0,
0.0,
0.0,
0.0,
0.0,
0.0,
0.0,
0.0,
0.0,
0.0,
0.0,
0.0,
0.0,
0.0,
0.0,
0.0,
0.0,
0.0,
0.0,
0.0,
0.0,
0.0,
0.0,
0.0,
0.0,
0.0,
0.0,
0.0,
0.0,
0.0,
0.0,
0.0,
0.0,
0.0,
0.0,
0.0,
0.0,
0.0,
0.0,
0.0,
0.0,
0.0,
0.0,
0.0,
0.0,
0.0,
0.0,
0.0,
0.0,
0.0,
0.0,
0.0,
0.0,
0.0,
0.0,
0.0,
0.0,
0.0,
0.0,
0.0,
0.0,
0.0,
0.0,
0.0,
0.0,
0.0,
0.0,
0.0,
0.0,
0.0,
0.0,
0.0,
0.0,
0.0,
0.0,
0.0,
0.0,
0.0,
0.0,
0.0,
0.0,
0.0,
0.0,
0.0,
0.0,
0.0,
0.0,
0.0,
0.0,
0.0,
0.0,
0.0,
0.0,
0.0,
0.0,
0.0,
0.0,
0.0,
0.0,
0.0,
0.0,
0.0,
0.0,
0.0,
0.0,
0.0,
0.0,
0.0,
0.0,
0.0,
0.0,
0.0,
0.0,
0.0,
0.0,
0.0,
0.0,
0.0,
0.0,
0.0,
0.0,
0.0,
0.0,
0.0,
0.0,
0.0,
0.0,
0.0,
0.0,
0.0,
0.0,
0.0,
0.0,
0.0,
0.0,
0.0,
0.0,
0.0,
0.0,
0.0,
0.0,
0.0,
0.0,
0.0,
0.0,
0.0,
0.0,
0.0,
0.0,
0.0,
0.0,
0.0,
0.0,
0.0,
0.0,
0.0,
0.0,
0.0,
0.0,
0.0,
0.0,
0.0,
0.0,
0.0,
0.0,
0.0,
0.0,
0.0,
0.0,
0.0,
0.0,
0.0,
0.0,
0.0,
0.0,
0.0,
0.0,
0.0,
0.0,
0.0,
0.0,
0.0,
0.0,
0.0,
0.0,
0.0,
0.0,
0.0,
0.0,
0.0,
0.0,
0.0,
0.0,
0.0,
0.0,
0.0,
0.0,
0.0,
0.0,
0.0,
0.0,
0.0,
0.0,
0.0,
0.0,
0.0,
0.0,
0.0,
0.0,
0.0,
0.0,
0.0,
0.0,
0.0,
0.0,
0.0,
0.0,
0.0,
0.0,
0.0,
0.0,
0.0,
0.0,
0.0,
0.0,
0.0,
0.0,
0.0,
0.0,
0.0,
0.0,
0.0,
0.0,
0.0,
0.0,
0.0,
0.0,
0.0,
0.0,
0.0,
0.0,
0.0,
0.0,
0.0,
0.0,
0.0,
0.0,
0.0,
0.0,
0.0,
0.0,
0.0,
0.0,
0.0,
0.0,
0.0,
0.0,
0.0,
0.0,
0.0,
0.0,
0.0,
0.0,
0.0,
0.0,
0.0,
0.0,
0.0,
0.0,
0.0,
0.0,
0.0,
0.0,
0.0,
0.0,
0.0,
0.0,
0.0,
0.0,
0.0,
0.0,
0.0,
0.0,
0.0,
0.0,
0.0,
0.0,
0.0,
0.0,
0.0,
0.0,
0.0,
0.0,
0.0,
0.0,
0.0,
0.0,
0.0,
0.0,
0.0,
0.0,
0.0,
0.0,
0.0,
0.0,
0.0,
0.0,
0.0,
0.0,
0.0,
0.0,
0.0,
0.0,
0.0,
0.0,
0.0,
0.0,
0.0,
0.0,
0.0,
0.0,
0.0,
0.0,
0.0,
0.0,
0.0,
0.0,
0.0,
0.0,
0.0,
0.0,
0.0,
0.0,
0.0,
0.0,
0.0,
0.0,
0.0,
0.0,
0.0,
0.0,
0.0,
0.0,
0.0,
0.0,
0.0,
0.0,
0.0,
0.0,
0.0,
0.0,
0.0,
0.0,
0.0,
0.0,
0.0,
0.0,
0.0,
0.0,
0.0,
0.0,
0.0,
0.0,
0.0,
0.0,
0.0,
0.0,
0.0,
0.0,
0.0,
0.0,
0.0,
0.0,
0.0,
0.0,
0.0,
0.0,
0.0,
0.0,
0.0,
0.0,
0.0,
0.0,
0.0,
0.0,
0.0,
0.0,
0.0,
0.0,
0.0,
0.0,
0.0,
0.0,
0.0,
0.0,
0.0,
0.0,
0.0,
0.0,
0.0,
0.0,
0.0,
0.0,
0.0,
0.0,
0.0,
0.0,
0.0,
0.0,
0.0,
0.0,
0.0,
0.0,
0.0,
0.0,
0.0,
0.0,
0.0,
0.0,
0.0,
0.0,
0.0,
0.0,
0.0,
0.0,
0.0,
0.0,
0.0,
0.0,
0.0,
0.0,
0.0,
0.0,
0.0,
0.0,
0.0,
0.0,
0.0,
0.0,
0.0,
0.0,
0.0,
0.0,
0.0,
0.0,
0.0,
0.0,
0.0,
0.0,
0.0,
0.0,
0.0,
0.0,
0.0,
0.0,
0.0,
0.0,
0.0,
0.0,
0.0,
0.0,
0.0,
0.0,
0.0,
0.0,
0.0,
0.0,
0.0,
0.0,
0.0,
0.0,
0.0,
0.0,
0.0,
0.0,
0.0,
0.0,
0.0,
0.0,
0.0,
0.0,
0.0,
0.0,
0.0,
0.0,
0.0,
0.0,
0.0,
0.0,
0.0,
0.0,
0.0,
0.0,
0.0,
0.0,
0.0,
0.0,
0.0,
0.0,
0.0,
0.0,
0.0,
0.0,
0.0,
0.0,
0.0,
0.0,
0.0,
0.0,
0.0,
0.0,
0.0,
0.0,
0.0,
0.0,
0.0,
0.0,
0.0,
0.0,
0.0,
0.0,
0.0,
0.0,
0.0,
0.0,
0.0,
0.0,
0.0,
0.0,
0.0,
0.0,
0.0,
0.0,
0.0,
0.0,
0.0,
0.0,
0.0,
0.0,
0.0,
0.0,
0.0,
0.0,
0.0,
0.0,
0.0,
0.0,
0.0,
0.0,
0.0,
0.0,
0.0,
0.0,
0.0,
0.0,
0.0,
0.0,
0.0,
0.0,
0.0,
0.0,
0.0,
0.0,
0.0,
0.0,
0.0,
0.0,
0.0,
0.0,
0.0,
0.0,
0.0,
0.0,
0.0,
0.0,
0.0,
0.0,
0.0,
0.0,
0.0,
0.0,
0.0,
0.0,
0.0,
0.0,
0.0,
0.0,
0.0,
0.0,
0.0,
0.0,
0.0,
0.0,
0.0,
0.0,
0.0,
0.0,
0.0,
0.0,
0.0,
0.0,
0.0,
0.0,
0.0,
0.0,
0.0,
0.0,
0.0,
0.0,
0.0,
0.0,
0.0,
0.0,
0.0,
0.0,
0.0,
0.0,
0.0,
0.0,
0.0,
0.0,
0.0,
0.0,
0.0,
0.0,
0.0,
0.0,
0.0,
0.0,
0.0,
0.0,
0.0,
0.0,
0.0,
0.0,
0.0,
0.0,
0.0,
0.0,
0.0,
0.0,
0.0,
0.0,
0.0,
0.0,
0.0,
0.0,
0.0,
0.0,
0.0,
0.0,
0.0,
0.0,
0.0,
0.0,
0.0,
0.0,
0.0,
0.0,
0.0,
0.0,
0.0,
0.0,
0.0,
0.0,
0.0,
0.0,
0.0,
0.0,
0.0,
0.0,
0.0,
0.0,
0.0,
0.0,
0.0,
0.0,
0.0,
0.0,
0.0,
0.0,
0.0,
0.0,
0.0,
