1.0499999523162842,
1.0789613723754883,
1.0802841186523438,
1.0810505151748657,
1.0817142724990845,
1.082020878791809,
1.082313060760498,
1.0824923515319824,
1.08263099193573,
1.0827475786209106,
1.0829428434371948,
1.0830069780349731,
1.0830122232437134,
1.083006501197815,
1.0830330848693848,
1.0830038785934448,
1.0830698013305664,
1.0830610990524292,
1.0831212997436523,
1.0831599235534668,
1.0831165313720703,
1.0831178426742554,
1.0831565856933594,
1.0830774307250977,
1.0830999612808228,
1.0831488370895386,
1.0831995010375977,
1.0832651853561401,
1.0832728147506714,
1.0832781791687012,
1.0833255052566528,
1.0833044052124023,
1.0833674669265747,
1.0834335088729858,
1.083415150642395,
1.0834813117980957,
1.083509922027588,
1.083433985710144,
1.0834184885025024,
1.083398699760437,
1.0833407640457153,
1.0832558870315552,
1.0832384824752808,
1.0832475423812866,
1.0832443237304688,
1.083222508430481,
1.0832149982452393,
1.0831820964813232,
1.083219051361084,
1.0834146738052368,
1.0836209058761597,
1.0838038921356201,
1.0838688611984253,
1.0837955474853516,
1.0832844972610474,
1.0832698345184326,
1.0832784175872803,
1.083284616470337,
1.0832844972610474,
1.0832871198654175,
1.0832432508468628,
1.0832241773605347,
1.0832186937332153,
1.0831713676452637,
1.0831133127212524,
1.0831106901168823,
1.0830461978912354,
1.082988977432251,
1.0829740762710571,
1.0829449892044067,
1.0829225778579712,
1.0829126834869385,
1.082867980003357,
1.0828509330749512,
1.0828315019607544,
1.082804799079895,
1.0827972888946533,
1.082787275314331,
1.0826948881149292,
1.08271062374115,
1.0826970338821411,
1.0826630592346191,
1.0826367139816284,
1.082649827003479,
1.082566738128662,
1.082539677619934,
1.082526683807373,
1.082486867904663,
1.08242666721344,
1.082401990890503,
1.0824036598205566,
1.0824488401412964,
1.082436442375183,
1.082405686378479,
1.0823215246200562,
1.0822677612304688,
1.082262635231018,
1.0822525024414062,
1.0821998119354248,
1.0821685791015625,
1.0821489095687866,
1.0820761919021606,
1.0820673704147339,
1.0819989442825317,
1.0819679498672485,
1.0818966627120972,
1.0818997621536255,
1.0818943977355957,
1.0818790197372437,
1.0818593502044678,
1.08181631565094,
1.0818371772766113,
1.0817631483078003,
1.0817075967788696,
1.0816773176193237,
1.0816677808761597,
1.0816857814788818,
1.0816460847854614,
1.0816261768341064,
1.0816431045532227,
1.0816291570663452,
1.0815335512161255,
1.0814542770385742,
1.0813654661178589,
1.0813300609588623,
1.0812914371490479,
1.0812323093414307,
1.0812230110168457,
1.0811513662338257,
1.081099033355713,
1.081048607826233,
1.080949068069458,
1.0808709859848022,
1.0808053016662598,
1.0808113813400269,
1.0807651281356812,
1.0807942152023315,
1.08075749874115,
1.0807547569274902,
1.0806944370269775,
1.0805948972702026,
1.0805397033691406,
1.0805307626724243,
1.080480694770813,
1.080426573753357,
1.0803613662719727,
1.080346703529358,
1.0803097486495972,
1.0803192853927612,
1.0802522897720337,
1.0802526473999023,
1.0802072286605835,
1.0801949501037598,
1.0800974369049072,
1.0800367593765259,
1.0799891948699951,
1.0799025297164917,
1.0798462629318237,
1.0798078775405884,
1.0797752141952515,
1.0798060894012451,
1.0799717903137207,
1.0800096988677979,
1.07992684841156,
1.0797611474990845,
1.079604983329773,
1.0795857906341553,
1.0794748067855835,
1.079655408859253,
1.0797581672668457,
1.0798203945159912,
1.079816460609436,
1.0797593593597412,
1.0797135829925537,
1.0795652866363525,
1.0793856382369995,
1.0791914463043213,
1.0791407823562622,
1.0790654420852661,
1.0790292024612427,
1.0789883136749268,
1.0789096355438232,
1.078863263130188,
1.0788121223449707,
1.0787708759307861,
1.0787155628204346,
1.0787259340286255,
1.0787538290023804,
1.07883882522583,
1.0789614915847778,
1.0789403915405273,
1.0788007974624634,
1.078598141670227,
1.078452467918396,
1.0783482789993286,
1.078527808189392,
1.078721046447754,
1.0788525342941284,
1.078898310661316,
1.0789151191711426,
1.0788383483886719,
1.078757405281067,
1.0786352157592773,
1.0782585144042969,
1.078050971031189,
1.0780386924743652,
1.0779346227645874,
1.077876091003418,
1.0777919292449951,
1.0777474641799927,
1.0777040719985962,
1.0775995254516602,
1.077575922012329,
1.0775865316390991,
1.0776076316833496,
1.0776700973510742,
1.0777919292449951,
1.0778324604034424,
1.0776793956756592,
1.0774718523025513,
1.0772937536239624,
1.077223300933838,
1.0771721601486206,
1.0772594213485718,
1.0773862600326538,
1.0774141550064087,
1.0774157047271729,
1.0773708820343018,
1.0773180723190308,
1.0772277116775513,
1.0770055055618286,
1.0767936706542969,
1.0767899751663208,
1.0767489671707153,
1.0766690969467163,
1.0765745639801025,
1.076490044593811,
1.076417088508606,
1.0763548612594604,
1.076300859451294,
1.0763120651245117,
1.0762757062911987,
1.0762603282928467,
1.076349139213562,
1.0764620304107666,
1.0764418840408325,
1.0762653350830078,
1.0760687589645386,
1.075996994972229,
1.0759137868881226,
1.0759243965148926,
1.0760433673858643,
1.0758955478668213,
1.0761281251907349,
1.0761362314224243,
1.076086401939392,
1.0760560035705566,
1.0759787559509277,
1.0756558179855347,
1.075508952140808,
1.0754599571228027,
1.0753791332244873,
1.0753453969955444,
1.0752999782562256,
1.0752265453338623,
1.0750865936279297,
1.0750925540924072,
1.0750224590301514,
1.074904203414917,
1.0748859643936157,
1.074813723564148,
1.0749738216400146,
1.0750256776809692,
1.0749098062515259,
1.0747822523117065,
1.074796438217163,
1.074723243713379,
1.0746172666549683,
1.074642539024353,
1.0747379064559937,
1.0748670101165771,
1.0747952461242676,
1.0749138593673706,
1.0744553804397583,
1.074783205986023,
1.0747467279434204,
1.0744414329528809,
1.0741868019104004,
1.074167251586914,
1.0740875005722046,
1.0740432739257812,
1.0739026069641113,
1.073729395866394,
1.073839783668518,
1.0737767219543457,
1.0737247467041016,
1.0736660957336426,
1.073622226715088,
1.0735832452774048,
1.0735574960708618,
1.0734902620315552,
1.0734736919403076,
1.0733940601348877,
1.0733577013015747,
1.0732579231262207,
1.0732475519180298,
1.073267936706543,
1.073272705078125,
1.073301911354065,
1.0733096599578857,
1.0732543468475342,
1.0731987953186035,
1.0731923580169678,
1.073015809059143,
1.072838306427002,
1.0727715492248535,
1.072719931602478,
1.0726805925369263,
1.0726134777069092,
1.0725477933883667,
1.0725350379943848,
1.0724412202835083,
1.0723426342010498,
1.0722359418869019,
1.072124719619751,
1.07232666015625,
1.07282292842865,
1.0731394290924072,
1.073164701461792,
1.0730561017990112,
1.0729604959487915,
1.0729289054870605,
1.0728840827941895,
1.0730040073394775,
1.0732142925262451,
1.0732744932174683,
1.0732860565185547,
1.0733400583267212,
1.073184847831726,
1.0733921527862549,
1.0730547904968262,
1.073169231414795,
1.0725409984588623,
1.0725682973861694,
1.0722640752792358,
1.0720322132110596,
1.072189211845398,
1.0720711946487427,
1.0719108581542969,
1.0717077255249023,
1.0716723203659058,
1.0717350244522095,
1.0715583562850952,
1.0713424682617188,
1.071415662765503,
1.0717827081680298,
1.0713809728622437,
1.0713231563568115,
1.0713298320770264,
1.0711876153945923,
1.0713919401168823,
1.0711528062820435,
1.0715209245681763,
1.071382999420166,
1.0711575746536255,
1.0715059041976929,
1.0714370012283325,
1.0711305141448975,
1.071502685546875,
1.0712710618972778,
1.07074773311615,
1.0708670616149902,
1.070479393005371,
1.0701696872711182,
1.070365071296692,
1.0703306198120117,
1.0703555345535278,
1.0703461170196533,
1.0698583126068115,
1.070054054260254,
1.070151448249817,
1.0700479745864868,
1.0698912143707275,
1.0701546669006348,
1.069796085357666,
1.0699776411056519,
1.0696077346801758,
1.0696808099746704,
1.0693180561065674,
1.069307565689087,
1.0699971914291382,
1.069657325744629,
1.0699784755706787,
1.0694960355758667,
1.0697237253189087,
1.069743275642395,
1.0697211027145386,
1.0693787336349487,
1.069171667098999,
1.0689247846603394,
1.0689226388931274,
1.0686326026916504,
1.0687047243118286,
1.0682759284973145,
1.0685575008392334,
1.0684435367584229,
1.068253517150879,
1.068464994430542,
1.0683406591415405,
1.0679845809936523,
1.0684854984283447,
1.0686542987823486,
1.068459153175354,
1.0683789253234863,
1.0679028034210205,
1.0677624940872192,
1.067746639251709,
1.06804358959198,
1.0680885314941406,
1.0679118633270264,
1.0680350065231323,
1.0683273077011108,
1.068064570426941,
1.0681997537612915,
1.0679713487625122,
1.0678261518478394,
1.0673383474349976,
1.0672608613967896,
1.0667942762374878,
1.0669269561767578,
1.0669307708740234,
1.0664328336715698,
1.0666507482528687,
1.0667835474014282,
1.0667049884796143,
1.0662615299224854,
1.0660994052886963,
1.0665351152420044,
1.0665102005004883,
1.0664576292037964,
1.0663652420043945,
1.066365361213684,
1.0662230253219604,
1.0658742189407349,
1.0661031007766724,
1.066064476966858,
1.0661146640777588,
1.0659306049346924,
1.066132664680481,
1.0661160945892334,
1.0662412643432617,
1.0660638809204102,
1.0659005641937256,
1.0656850337982178,
1.065550684928894,
1.0656689405441284,
1.065356731414795,
1.065142035484314,
1.0651222467422485,
1.0649456977844238,
1.0650080442428589,
1.065004825592041,
1.0650023221969604,
1.0645174980163574,
1.0646384954452515,
1.064727783203125,
1.0646445751190186,
1.0645219087600708,
1.0645562410354614,
1.0644030570983887,
1.0643119812011719,
1.0642848014831543,
1.0641332864761353,
1.064049482345581,
1.0640180110931396,
1.0644243955612183,
1.0646535158157349,
1.0644502639770508,
1.06415593624115,
1.0646673440933228,
1.0645064115524292,
1.0641794204711914,
1.063969373703003,
1.0636271238327026,
1.0637229681015015,
1.0633840560913086,
1.0632199048995972,
1.0631839036941528,
1.0625652074813843,
1.0623178482055664,
1.0611751079559326,
1.0597461462020874,
1.0619559288024902,
1.0611865520477295,
1.0618103742599487,
1.0617464780807495,
1.0616291761398315,
1.0615274906158447,
1.0614932775497437,
1.0613716840744019,
1.0615181922912598,
1.0612503290176392,
1.0611536502838135,
1.0613822937011719,
1.0615595579147339,
1.0612444877624512,
1.0614855289459229,
1.0612668991088867,
1.0613807439804077,
1.06121027469635,
1.0610921382904053,
1.0610803365707397,
1.0605247020721436,
1.0607377290725708,
1.0604599714279175,
1.060659646987915,
1.060329556465149,
1.0600627660751343,
1.0598835945129395,
1.0601540803909302,
1.0597262382507324,
1.0598546266555786,
1.0598942041397095,
1.0599042177200317,
1.059921383857727,
1.0595017671585083,
1.0599738359451294,
1.0596165657043457,
1.059680461883545,
1.059485673904419,
1.0594546794891357,
1.0595005750656128,
1.0593860149383545,
1.0590379238128662,
1.0594629049301147,
1.0593403577804565,
1.0593351125717163,
1.0589579343795776,
1.0589948892593384,
1.058769702911377,
1.0587440729141235,
1.0587985515594482,
1.0583935976028442,
1.0584841966629028,
1.0581873655319214,
1.0582963228225708,
1.0582921504974365,
1.0579813718795776,
1.0576579570770264,
1.057437539100647,
1.0575627088546753,
1.0578875541687012,
1.0576627254486084,
1.057793378829956,
1.057708740234375,
1.0576292276382446,
1.057632327079773,
1.0575220584869385,
1.0572099685668945,
1.057189702987671,
1.057410478591919,
1.0572621822357178,
1.0570564270019531,
1.0570790767669678,
1.057379961013794,
1.0572835206985474,
1.057128667831421,
1.0567882061004639,
1.056505799293518,
1.0564537048339844,
1.0562565326690674,
1.0562591552734375,
1.0560317039489746,
1.0559967756271362,
1.0560332536697388,
1.0556248426437378,
1.0554988384246826,
1.0557318925857544,
1.0554593801498413,
1.0555850267410278,
1.0554896593093872,
1.0556280612945557,
1.0555217266082764,
1.0551711320877075,
1.0552514791488647,
1.0553503036499023,
1.0551007986068726,
1.0551249980926514,
1.0549206733703613,
1.054998517036438,
1.0549513101577759,
1.0549408197402954,
1.0549852848052979,
1.0548313856124878,
1.054595708847046,
1.0545727014541626,
1.0541844367980957,
1.0542285442352295,
1.0542088747024536,
1.0538183450698853,
1.0537301301956177,
1.053775668144226,
1.053478717803955,
1.0535821914672852,
1.053484559059143,
1.0534275770187378,
1.0532790422439575,
1.053328514099121,
1.0529507398605347,
1.0531984567642212,
1.0530881881713867,
1.0528168678283691,
1.0531022548675537,
1.0528535842895508,
1.0525555610656738,
1.0525413751602173,
1.0524498224258423,
1.0522427558898926,
1.05205500125885,
1.0519884824752808,
1.0522170066833496,
1.0520256757736206,
1.0521481037139893,
1.0519428253173828,
1.051490068435669,
1.0514968633651733,
1.0516357421875,
1.0515778064727783,
1.051321029663086,
1.051199197769165,
1.0512193441390991,
1.0508630275726318,
1.0508286952972412,
1.0509690046310425,
1.0504175424575806,
1.0503801107406616,
1.0503331422805786,
1.0501278638839722,
1.0500832796096802,
1.0500706434249878,
1.049763560295105,
1.0499017238616943,
1.0498931407928467,
1.0494955778121948,
1.0495728254318237,
1.0494146347045898,
1.0493353605270386,
1.049544334411621,
1.0494825839996338,
1.0491218566894531,
1.0489344596862793,
1.0489288568496704,
1.0487616062164307,
1.0486745834350586,
1.0484758615493774,
1.0486301183700562,
1.048485517501831,
1.0483996868133545,
1.0482996702194214,
1.0481065511703491,
1.0477968454360962,
1.0478718280792236,
1.0474315881729126,
1.047440528869629,
1.047044277191162,
1.0473041534423828,
1.046952247619629,
1.0470161437988281,
1.0468292236328125,
1.0468266010284424,
1.046520471572876,
1.0462974309921265,
1.046068787574768,
1.046199917793274,
1.046026587486267,
1.0458496809005737,
1.0459243059158325,
1.0457428693771362,
1.0455571413040161,
1.0453447103500366,
1.0452985763549805,
1.044928789138794,
1.044986367225647,
1.0450602769851685,
1.0449426174163818,
1.0446171760559082,
1.0447121858596802,
1.0444865226745605,
1.0442798137664795,
1.0436573028564453,
1.0440763235092163,
1.0437966585159302,
1.0438156127929688,
1.0434813499450684,
1.0432853698730469,
1.0434633493423462,
1.0432325601577759,
1.043028473854065,
1.0429376363754272,
1.042934775352478,
1.0426799058914185,
1.0420337915420532,
1.0419849157333374,
1.041844129562378,
1.0419999361038208,
1.0417301654815674,
1.041615605354309,
1.0415469408035278,
1.0415081977844238,
1.041215419769287,
1.0410568714141846,
1.0410901308059692,
1.041029453277588,
1.0408008098602295,
1.0406041145324707,
1.0402437448501587,
1.0403238534927368,
1.0399333238601685,
1.0398393869400024,
1.0400346517562866,
1.039772629737854,
1.039894938468933,
1.0396538972854614,
1.0394198894500732,
1.039269208908081,
1.0395236015319824,
1.03921639919281,
1.038979172706604,
1.0386041402816772,
1.0386364459991455,
1.038018822669983,
1.0382437705993652,
1.0380425453186035,
1.0381383895874023,
1.0383678674697876,
1.0383005142211914,
1.0383052825927734,
1.0381226539611816,
1.037965178489685,
1.037925124168396,
1.0375540256500244,
1.0372543334960938,
1.036909580230713,
1.0367493629455566,
1.035869836807251,
1.0361250638961792,
1.0357306003570557,
1.0355464220046997,
1.0352187156677246,
1.0352011919021606,
1.035238265991211,
1.0349180698394775,
1.0345004796981812,
1.0345606803894043,
1.034206748008728,
1.0342999696731567,
1.0339335203170776,
1.0337485074996948,
1.0334712266921997,
1.0334926843643188,
1.033500075340271,
1.0332428216934204,
1.0331708192825317,
1.0328294038772583,
1.0330365896224976,
1.0327996015548706,
1.032862663269043,
1.0327602624893188,
1.0326200723648071,
1.0322871208190918,
1.031925082206726,
1.0316039323806763,
1.031157374382019,
1.0309364795684814,
1.0305136442184448,
1.0303088426589966,
1.0303370952606201,
1.0301151275634766,
1.0298198461532593,
1.0297596454620361,
1.0293368101119995,
1.0291913747787476,
1.0290149450302124,
1.0286799669265747,
1.0285441875457764,
1.0282747745513916,
1.0280450582504272,
1.0278382301330566,
1.0274142026901245,
1.0272104740142822,
1.0274194478988647,
1.027167797088623,
1.0272667407989502,
1.0269237756729126,
1.026957631111145,
1.0265464782714844,
1.026613473892212,
1.026132345199585,
1.0258769989013672,
1.0256249904632568,
1.025246262550354,
1.0247232913970947,
1.0247639417648315,
1.024304986000061,
1.0242360830307007,
1.0238959789276123,
1.0235670804977417,
1.022881031036377,
1.0231760740280151,
1.0227478742599487,
1.022523045539856,
1.0221524238586426,
1.021761417388916,
1.0216591358184814,
1.0211153030395508,
1.020977258682251,
1.0202440023422241,
1.019945740699768,
1.020158052444458,
1.0197954177856445,
1.0195229053497314,
1.0193424224853516,
1.019338607788086,
1.0190062522888184,
1.0187857151031494,
1.0186381340026855,
1.0182216167449951,
1.0178992748260498,
1.0174560546875,
1.0170934200286865,
1.0163747072219849,
1.016213059425354,
1.0156192779541016,
1.015204668045044,
1.0149729251861572,
1.0145353078842163,
1.0141856670379639,
1.013916015625,
1.013421654701233,
1.0132627487182617,
1.0128118991851807,
1.0123952627182007,
1.0119457244873047,
1.0116589069366455,
1.011411428451538,
1.010939359664917,
1.010605812072754,
1.010309100151062,
1.009819507598877,
1.009652853012085,
1.0093704462051392,
1.0091694593429565,
1.0086474418640137,
1.0083417892456055,
1.0080047845840454,
1.0075792074203491,
1.0071144104003906,
1.0064934492111206,
1.0060983896255493,
1.005622386932373,
1.0049306154251099,
1.004442572593689,
1.0039362907409668,
1.003759503364563,
1.003267526626587,
1.0027508735656738,
1.0024062395095825,
1.0018203258514404,
1.0014095306396484,
1.000734567642212,
0.9999586939811707,
0.9999338388442993,
0.9993155598640442,
0.9989234805107117,
0.9983541965484619,
0.9977962374687195,
0.9973886013031006,
0.9968353509902954,
0.9965418577194214,
0.9960092902183533,
0.9955443739891052,
0.9953203797340393,
0.9947736263275146,
0.9942573308944702,
0.993556022644043,
0.9932661652565002,
0.989088773727417,
0.9901622533798218,
0.9900473356246948,
0.989736020565033,
0.9895226955413818,
0.9889427423477173,
0.9882002472877502,
0.9878883957862854,
0.9874033331871033,
0.9867706298828125,
0.9861285090446472,
0.9857659935951233,
0.9853330850601196,
0.9849062561988831,
0.984152615070343,
0.9835626482963562,
0.9828460216522217,
0.9823824167251587,
0.9821272492408752,
0.98183673620224,
0.9812477827072144,
0.9808850288391113,
0.980227530002594,
0.9796800017356873,
0.9790074229240417,
0.9786359071731567,
0.977891206741333,
0.9770674705505371,
0.9765967130661011,
0.9758312702178955,
0.9754042625427246,
0.9747326374053955,
0.9740309715270996,
0.9735892415046692,
0.9731003046035767,
0.9724244475364685,
0.9717549681663513,
0.9712029099464417,
0.9706414937973022,
0.9699352383613586,
0.9695152640342712,
0.9689236879348755,
0.9682877063751221,
0.9677441120147705,
0.9671748280525208,
0.9663887023925781,
0.9658947587013245,
0.9651309847831726,
0.9648408889770508,
0.964536190032959,
0.964168131351471,
0.9635644555091858,
0.9629547595977783,
0.9625495672225952,
0.9619669914245605,
0.9616941809654236,
0.9610928893089294,
0.9604477286338806,
0.9595855474472046,
0.9589152932167053,
0.9582948684692383,
0.9574248194694519,
0.9567012786865234,
0.9561370611190796,
0.955651581287384,
0.9550711512565613,
0.9545247554779053,
0.9537771940231323,
0.9532410502433777,
0.952686607837677,
0.9520947933197021,
0.951047956943512,
0.9493057727813721,
0.9486545920372009,
0.9494258761405945,
0.9479597806930542,
0.9466785788536072,
0.9467026591300964,
0.9461167454719543,
0.944606602191925,
0.9442272782325745,
0.9446454644203186,
0.9437277913093567,
0.9425568580627441,
0.9419461488723755,
0.9421840906143188,
0.9408039450645447,
0.9401069283485413,
0.9394758939743042,
0.9394270181655884,
0.9376072287559509,
0.9368666410446167,
0.9363688230514526,
0.9361233115196228,
0.9347209930419922,
0.9338743686676025,
0.9333412647247314,
0.932708740234375,
0.9316962957382202,
0.9307976961135864,
0.9306057095527649,
0.9295802712440491,
0.9287310242652893,
0.9273838400840759,
0.9271852970123291,
0.9265349507331848,
0.9263315200805664,
0.9260420799255371,
0.9254739284515381,
0.9244480133056641,
0.9239010810852051,
0.9234893321990967,
0.922809898853302,
0.9216675758361816,
0.9211109280586243,
0.9209555387496948,
0.9198034405708313,
0.9187456965446472,
0.9180442690849304,
0.9178560376167297,
0.9167754054069519,
0.9154117107391357,
0.9145862460136414,
0.9151323437690735,
0.9138736128807068,
0.912354052066803,
0.9115615487098694,
0.9122985005378723,
0.9103004932403564,
0.9094212055206299,
0.9090829491615295,
0.9085451364517212,
0.9070146083831787,
0.9063539505004883,
0.9059059619903564,
0.9050089120864868,
0.903857946395874,
0.9031223058700562,
0.9028903841972351,
0.9018205404281616,
0.9006226658821106,
0.9000410437583923,
0.8999490141868591,
0.898674726486206,
0.8975476622581482,
0.8971004486083984,
0.8965147137641907,
0.8953735828399658,
0.8942766785621643,
0.8941037654876709,
0.8936145901679993,
0.8922930359840393,
0.8908414244651794,
0.8902686238288879,
0.8898110389709473,
0.8834311962127686,
0.8870067596435547,
0.8867174386978149,
0.8852970004081726,
0.884657621383667,
0.8841060996055603,
0.8839098215103149,
0.8826150298118591,
0.8810616135597229,
0.8810616135597229,
0.8810616135597229,
0.0,
0.0,
0.0,
0.0,
0.0,
0.0,
0.0,
0.0,
0.0,
0.0,
0.0,
0.0,
0.0,
0.0,
0.0,
0.0,
0.0,
0.0,
0.0,
0.0,
0.0,
0.0,
0.0,
0.0,
0.0,
0.0,
0.0,
0.0,
0.0,
0.0,
0.0,
0.0,
0.0,
0.0,
0.0,
0.0,
0.0,
0.0,
0.0,
0.0,
0.0,
0.0,
0.0,
0.0,
0.0,
0.0,
0.0,
0.0,
0.0,
0.0,
0.0,
0.0,
0.0,
0.0,
0.0,
0.0,
0.0,
0.0,
0.0,
0.0,
0.0,
0.0,
0.0,
0.0,
0.0,
0.0,
0.0,
0.0,
0.0,
0.0,
0.0,
0.0,
0.0,
0.0,
0.0,
0.0,
0.0,
0.0,
0.0,
0.0,
0.0,
0.0,
0.0,
0.0,
0.0,
0.0,
0.0,
0.0,
0.0,
0.0,
0.0,
0.0,
0.0,
0.0,
0.0,
0.0,
0.0,
0.0,
0.0,
0.0,
0.0,
0.0,
0.0,
0.0,
0.0,
0.0,
0.0,
0.0,
0.0,
0.0,
0.0,
0.0,
0.0,
0.0,
0.0,
0.0,
0.0,
0.0,
0.0,
0.0,
0.0,
0.0,
0.0,
0.0,
0.0,
0.0,
0.0,
0.0,
0.0,
0.0,
0.0,
0.0,
0.0,
0.0,
0.0,
0.0,
0.0,
0.0,
0.0,
0.0,
0.0,
0.0,
0.0,
0.0,
0.0,
0.0,
0.0,
0.0,
0.0,
0.0,
0.0,
0.0,
0.0,
0.0,
0.0,
0.0,
0.0,
0.0,
0.0,
0.0,
0.0,
0.0,
0.0,
0.0,
0.0,
0.0,
0.0,
0.0,
0.0,
0.0,
0.0,
0.0,
0.0,
0.0,
0.0,
0.0,
0.0,
0.0,
0.0,
0.0,
0.0,
0.0,
0.0,
0.0,
0.0,
0.0,
0.0,
0.0,
0.0,
0.0,
0.0,
0.0,
0.0,
0.0,
0.0,
0.0,
0.0,
0.0,
0.0,
0.0,
0.0,
0.0,
0.0,
0.0,
0.0,
0.0,
0.0,
0.0,
0.0,
0.0,
0.0,
0.0,
0.0,
0.0,
0.0,
0.0,
0.0,
0.0,
0.0,
0.0,
0.0,
0.0,
0.0,
0.0,
0.0,
0.0,
0.0,
0.0,
0.0,
0.0,
0.0,
0.0,
0.0,
0.0,
0.0,
0.0,
0.0,
0.0,
0.0,
0.0,
0.0,
0.0,
0.0,
0.0,
0.0,
0.0,
0.0,
0.0,
0.0,
0.0,
0.0,
0.0,
0.0,
0.0,
0.0,
0.0,
0.0,
0.0,
0.0,
0.0,
0.0,
0.0,
0.0,
0.0,
0.0,
0.0,
0.0,
0.0,
0.0,
0.0,
0.0,
0.0,
0.0,
0.0,
0.0,
0.0,
0.0,
0.0,
0.0,
0.0,
0.0,
0.0,
0.0,
0.0,
0.0,
0.0,
0.0,
0.0,
0.0,
0.0,
0.0,
0.0,
0.0,
0.0,
0.0,
0.0,
0.0,
0.0,
0.0,
0.0,
0.0,
0.0,
0.0,
0.0,
0.0,
0.0,
0.0,
0.0,
0.0,
0.0,
0.0,
0.0,
0.0,
0.0,
0.0,
0.0,
0.0,
0.0,
0.0,
0.0,
0.0,
0.0,
0.0,
0.0,
0.0,
0.0,
0.0,
0.0,
0.0,
0.0,
0.0,
0.0,
0.0,
0.0,
0.0,
0.0,
0.0,
0.0,
0.0,
0.0,
0.0,
0.0,
0.0,
0.0,
0.0,
0.0,
0.0,
0.0,
0.0,
0.0,
0.0,
0.0,
0.0,
0.0,
0.0,
0.0,
0.0,
0.0,
0.0,
0.0,
0.0,
0.0,
0.0,
0.0,
0.0,
0.0,
0.0,
0.0,
0.0,
0.0,
0.0,
0.0,
0.0,
0.0,
0.0,
0.0,
0.0,
0.0,
0.0,
0.0,
0.0,
0.0,
0.0,
0.0,
0.0,
0.0,
0.0,
0.0,
0.0,
0.0,
0.0,
0.0,
0.0,
0.0,
0.0,
0.0,
0.0,
0.0,
0.0,
0.0,
0.0,
0.0,
0.0,
0.0,
0.0,
0.0,
0.0,
0.0,
0.0,
0.0,
0.0,
0.0,
0.0,
0.0,
0.0,
0.0,
0.0,
0.0,
0.0,
0.0,
0.0,
0.0,
0.0,
0.0,
0.0,
0.0,
0.0,
0.0,
0.0,
0.0,
0.0,
0.0,
0.0,
0.0,
0.0,
0.0,
0.0,
0.0,
0.0,
0.0,
0.0,
0.0,
0.0,
0.0,
0.0,
0.0,
0.0,
0.0,
0.0,
0.0,
0.0,
0.0,
0.0,
0.0,
0.0,
0.0,
0.0,
0.0,
0.0,
0.0,
0.0,
0.0,
0.0,
0.0,
0.0,
0.0,
0.0,
0.0,
0.0,
0.0,
0.0,
0.0,
0.0,
0.0,
0.0,
0.0,
0.0,
0.0,
0.0,
0.0,
0.0,
0.0,
0.0,
0.0,
0.0,
0.0,
0.0,
0.0,
0.0,
0.0,
0.0,
0.0,
0.0,
0.0,
0.0,
0.0,
0.0,
0.0,
0.0,
0.0,
0.0,
0.0,
0.0,
0.0,
0.0,
0.0,
0.0,
0.0,
0.0,
0.0,
0.0,
0.0,
0.0,
0.0,
0.0,
0.0,
0.0,
0.0,
0.0,
0.0,
0.0,
0.0,
0.0,
0.0,
0.0,
0.0,
0.0,
0.0,
0.0,
0.0,
0.0,
0.0,
0.0,
0.0,
0.0,
0.0,
0.0,
0.0,
0.0,
0.0,
0.0,
0.0,
0.0,
0.0,
0.0,
0.0,
0.0,
0.0,
0.0,
0.0,
0.0,
0.0,
0.0,
0.0,
0.0,
0.0,
0.0,
0.0,
0.0,
0.0,
0.0,
0.0,
0.0,
0.0,
0.0,
0.0,
0.0,
0.0,
0.0,
0.0,
0.0,
0.0,
0.0,
0.0,
0.0,
0.0,
0.0,
0.0,
0.0,
0.0,
0.0,
0.0,
0.0,
0.0,
0.0,
0.0,
0.0,
0.0,
0.0,
0.0,
0.0,
0.0,
0.0,
0.0,
0.0,
0.0,
0.0,
0.0,
0.0,
0.0,
0.0,
0.0,
0.0,
0.0,
0.0,
0.0,
0.0,
0.0,
0.0,
0.0,
0.0,
0.0,
0.0,
0.0,
0.0,
0.0,
0.0,
0.0,
0.0,
0.0,
0.0,
0.0,
0.0,
0.0,
0.0,
0.0,
0.0,
0.0,
0.0,
0.0,
0.0,
0.0,
0.0,
0.0,
0.0,
0.0,
0.0,
0.0,
0.0,
0.0,
0.0,
0.0,
0.0,
0.0,
0.0,
0.0,
0.0,
0.0,
0.0,
0.0,
0.0,
0.0,
0.0,
0.0,
0.0,
0.0,
0.0,
0.0,
0.0,
0.0,
0.0,
0.0,
0.0,
0.0,
0.0,
0.0,
0.0,
0.0,
0.0,
0.0,
0.0,
0.0,
0.0,
0.0,
0.0,
0.0,
0.0,
0.0,
0.0,
0.0,
0.0,
0.0,
0.0,
0.0,
0.0,
0.0,
0.0,
0.0,
0.0,
0.0,
0.0,
0.0,
0.0,
0.0,
0.0,
0.0,
0.0,
0.0,
0.0,
0.0,
0.0,
0.0,
0.0,
0.0,
0.0,
0.0,
0.0,
0.0,
0.0,
0.0,
0.0,
0.0,
0.0,
0.0,
0.0,
0.0,
0.0,
0.0,
0.0,
0.0,
0.0,
0.0,
0.0,
0.0,
0.0,
0.0,
0.0,
0.0,
0.0,
0.0,
0.0,
0.0,
0.0,
0.0,
0.0,
0.0,
0.0,
0.0,
0.0,
0.0,
0.0,
0.0,
0.0,
0.0,
0.0,
0.0,
0.0,
0.0,
0.0,
0.0,
0.0,
0.0,
0.0,
0.0,
0.0,
0.0,
0.0,
0.0,
0.0,
0.0,
0.0,
0.0,
0.0,
0.0,
0.0,
0.0,
0.0,
0.0,
0.0,
0.0,
0.0,
0.0,
0.0,
0.0,
0.0,
0.0,
0.0,
0.0,
0.0,
0.0,
0.0,
0.0,
0.0,
0.0,
0.0,
0.0,
0.0,
0.0,
0.0,
0.0,
0.0,
0.0,
0.0,
0.0,
0.0,
0.0,
0.0,
0.0,
0.0,
0.0,
0.0,
0.0,
0.0,
0.0,
0.0,
0.0,
0.0,
0.0,
0.0,
0.0,
0.0,
0.0,
0.0,
0.0,
0.0,
0.0,
0.0,
0.0,
0.0,
0.0,
0.0,
0.0,
0.0,
0.0,
0.0,
0.0,
0.0,
0.0,
0.0,
0.0,
0.0,
0.0,
0.0,
0.0,
0.0,
0.0,
0.0,
0.0,
0.0,
0.0,
0.0,
0.0,
0.0,
0.0,
0.0,
0.0,
0.0,
0.0,
0.0,
0.0,
0.0,
0.0,
0.0,
0.0,
0.0,
0.0,
0.0,
0.0,
0.0,
0.0,
0.0,
0.0,
0.0,
0.0,
0.0,
0.0,
0.0,
0.0,
0.0,
0.0,
0.0,
0.0,
0.0,
0.0,
0.0,
0.0,
0.0,
0.0,
0.0,
0.0,
0.0,
0.0,
0.0,
0.0,
0.0,
0.0,
0.0,
0.0,
0.0,
0.0,
0.0,
0.0,
0.0,
0.0,
0.0,
0.0,
0.0,
0.0,
0.0,
0.0,
0.0,
0.0,
0.0,
0.0,
0.0,
0.0,
0.0,
0.0,
0.0,
0.0,
0.0,
0.0,
0.0,
0.0,
0.0,
0.0,
0.0,
0.0,
0.0,
0.0,
0.0,
0.0,
0.0,
0.0,
0.0,
0.0,
0.0,
0.0,
0.0,
0.0,
0.0,
0.0,
0.0,
0.0,
0.0,
0.0,
0.0,
0.0,
0.0,
0.0,
0.0,
0.0,
0.0,
0.0,
0.0,
0.0,
0.0,
0.0,
0.0,
0.0,
0.0,
0.0,
0.0,
0.0,
0.0,
0.0,
0.0,
0.0,
0.0,
0.0,
0.0,
0.0,
0.0,
0.0,
0.0,
0.0,
0.0,
0.0,
0.0,
0.0,
0.0,
0.0,
0.0,
0.0,
0.0,
0.0,
0.0,
0.0,
0.0,
0.0,
0.0,
0.0,
0.0,
0.0,
0.0,
0.0,
0.0,
0.0,
0.0,
0.0,
0.0,
0.0,
0.0,
0.0,
0.0,
0.0,
0.0,
0.0,
0.0,
0.0,
0.0,
0.0,
0.0,
0.0,
0.0,
0.0,
0.0,
0.0,
0.0,
0.0,
0.0,
0.0,
0.0,
0.0,
0.0,
0.0,
0.0,
0.0,
0.0,
0.0,
0.0,
0.0,
0.0,
0.0,
0.0,
0.0,
0.0,
0.0,
0.0,
0.0,
0.0,
0.0,
0.0,
0.0,
0.0,
0.0,
0.0,
0.0,
0.0,
0.0,
0.0,
0.0,
0.0,
0.0,
0.0,
0.0,
0.0,
0.0,
0.0,
0.0,
0.0,
0.0,
0.0,
0.0,
0.0,
0.0,
0.0,
0.0,
0.0,
0.0,
0.0,
0.0,
0.0,
0.0,
0.0,
0.0,
0.0,
0.0,
0.0,
0.0,
0.0,
0.0,
0.0,
0.0,
0.0,
0.0,
0.0,
0.0,
0.0,
0.0,
0.0,
0.0,
0.0,
0.0,
0.0,
0.0,
0.0,
0.0,
0.0,
0.0,
0.0,
0.0,
0.0,
0.0,
0.0,
0.0,
0.0,
0.0,
0.0,
0.0,
0.0,
0.0,
0.0,
0.0,
0.0,
0.0,
0.0,
0.0,
0.0,
0.0,
0.0,
0.0,
0.0,
0.0,
0.0,
0.0,
0.0,
0.0,
0.0,
0.0,
0.0,
0.0,
0.0,
0.0,
0.0,
0.0,
0.0,
0.0,
0.0,
0.0,
0.0,
0.0,
0.0,
0.0,
0.0,
0.0,
0.0,
0.0,
0.0,
0.0,
0.0,
0.0,
0.0,
0.0,
0.0,
0.0,
0.0,
0.0,
0.0,
0.0,
0.0,
0.0,
0.0,
0.0,
0.0,
0.0,
0.0,
0.0,
0.0,
0.0,
0.0,
0.0,
0.0,
0.0,
0.0,
0.0,
0.0,
0.0,
0.0,
0.0,
0.0,
0.0,
0.0,
0.0,
0.0,
0.0,
0.0,
0.0,
0.0,
0.0,
0.0,
0.0,
0.0,
0.0,
0.0,
0.0,
0.0,
0.0,
0.0,
0.0,
0.0,
0.0,
0.0,
0.0,
0.0,
0.0,
0.0,
0.0,
0.0,
0.0,
0.0,
0.0,
0.0,
0.0,
0.0,
0.0,
0.0,
0.0,
0.0,
0.0,
0.0,
0.0,
0.0,
0.0,
0.0,
0.0,
0.0,
0.0,
0.0,
0.0,
0.0,
0.0,
0.0,
0.0,
0.0,
0.0,
0.0,
0.0,
0.0,
0.0,
0.0,
0.0,
0.0,
0.0,
0.0,
0.0,
0.0,
0.0,
0.0,
0.0,
0.0,
0.0,
0.0,
0.0,
0.0,
0.0,
0.0,
0.0,
0.0,
0.0,
0.0,
0.0,
