1.0499999523162842,
1.0499999523162842,
1.0499999523162842,
1.086794137954712,
1.0872586965560913,
1.0876219272613525,
1.0878311395645142,
1.0879981517791748,
1.088108777999878,
1.0882163047790527,
1.088288426399231,
1.088330626487732,
1.088315486907959,
1.088287115097046,
1.0882784128189087,
1.0882617235183716,
1.0882807970046997,
1.088318109512329,
1.0882283449172974,
1.088239073753357,
1.0882655382156372,
1.0882182121276855,
1.0881574153900146,
1.0881282091140747,
1.088039517402649,
1.0879909992218018,
1.087971806526184,
1.0879831314086914,
1.0879591703414917,
1.0879099369049072,
1.0878114700317383,
1.0877412557601929,
1.0877567529678345,
1.0877119302749634,
1.0876514911651611,
1.0876306295394897,
1.0876823663711548,
1.0876429080963135,
1.087580919265747,
1.0875462293624878,
1.0875320434570312,
1.0874240398406982,
1.087392807006836,
1.0872999429702759,
1.0872772932052612,
1.0872414112091064,
1.0872418880462646,
1.0871578454971313,
1.087141990661621,
1.0871127843856812,
1.0871708393096924,
1.0874091386795044,
1.0875859260559082,
1.0877078771591187,
1.0877076387405396,
1.0875389575958252,
1.086887240409851,
1.0868209600448608,
1.0867290496826172,
1.0866588354110718,
1.086647391319275,
1.0865710973739624,
1.0865447521209717,
1.0865013599395752,
1.0864503383636475,
1.0864272117614746,
1.0863462686538696,
1.0863063335418701,
1.0862247943878174,
1.086196780204773,
1.0861968994140625,
1.08607017993927,
1.0860333442687988,
1.0860060453414917,
1.08588445186615,
1.0858769416809082,
1.0858590602874756,
1.0858269929885864,
1.0858155488967896,
1.0857113599777222,
1.0856550931930542,
1.0856035947799683,
1.0855857133865356,
1.0855185985565186,
1.085485816001892,
1.0854018926620483,
1.0853980779647827,
1.0853371620178223,
1.0852986574172974,
1.0852065086364746,
1.0851643085479736,
1.0851210355758667,
1.0850629806518555,
1.0850000381469727,
1.0849958658218384,
1.0849918127059937,
1.0848779678344727,
1.0848077535629272,
1.0847285985946655,
1.0847102403640747,
1.0847359895706177,
1.084692120552063,
1.0846997499465942,
1.0845963954925537,
1.0845645666122437,
1.0844975709915161,
1.0844684839248657,
1.084404468536377,
1.0842885971069336,
1.0842525959014893,
1.0842951536178589,
1.0842512845993042,
1.0841978788375854,
1.0841783285140991,
1.0841459035873413,
1.0841172933578491,
1.0839831829071045,
1.083945870399475,
1.0838645696640015,
1.083828330039978,
1.0838103294372559,
1.0837886333465576,
1.0836864709854126,
1.0837244987487793,
1.083664059638977,
1.0835976600646973,
1.0835142135620117,
1.0834569931030273,
1.0833998918533325,
1.0833494663238525,
1.0833072662353516,
1.0832273960113525,
1.0832384824752808,
1.0831667184829712,
1.083096981048584,
1.0830382108688354,
1.0829392671585083,
1.0828797817230225,
1.0828641653060913,
1.0828449726104736,
1.0827752351760864,
1.082759141921997,
1.0827312469482422,
1.0826915502548218,
1.0825275182724,
1.0825275182724,
1.0824507474899292,
1.0824722051620483,
1.082412838935852,
1.082317590713501,
1.0822452306747437,
1.0822025537490845,
1.0821954011917114,
1.0821354389190674,
1.0820332765579224,
1.0819975137710571,
1.0818865299224854,
1.081863522529602,
1.0817949771881104,
1.0817272663116455,
1.0816679000854492,
1.0815969705581665,
1.081563949584961,
1.0814883708953857,
1.0814433097839355,
1.0814627408981323,
1.081600546836853,
1.0816876888275146,
1.0816456079483032,
1.0814536809921265,
1.081251859664917,
1.0811032056808472,
1.080989956855774,
1.081074833869934,
1.0811676979064941,
1.08126699924469,
1.0812852382659912,
1.0812193155288696,
1.0811313390731812,
1.0810524225234985,
1.080950379371643,
1.0806406736373901,
1.08050537109375,
1.0804741382598877,
1.0803717374801636,
1.0803037881851196,
1.0802526473999023,
1.0801430940628052,
1.0800933837890625,
1.079994559288025,
1.079938530921936,
1.0798665285110474,
1.0798468589782715,
1.0798344612121582,
1.0799236297607422,
1.080009937286377,
1.07996666431427,
1.0798022747039795,
1.0795783996582031,
1.0793683528900146,
1.079207420349121,
1.0794280767440796,
1.079627513885498,
1.0797480344772339,
1.0797781944274902,
1.0797793865203857,
1.079697847366333,
1.079591155052185,
1.0794447660446167,
1.0790380239486694,
1.0787221193313599,
1.0786325931549072,
1.0785490274429321,
1.0784571170806885,
1.0783276557922363,
1.0782439708709717,
1.0781632661819458,
1.0780565738677979,
1.0780109167099,
1.0780158042907715,
1.077965497970581,
1.0780346393585205,
1.0780665874481201,
1.0781774520874023,
1.0781141519546509,
1.0778518915176392,
1.0775941610336304,
1.0774197578430176,
1.0772976875305176,
1.0773062705993652,
1.077401876449585,
1.0774223804473877,
1.0774867534637451,
1.077485203742981,
1.0773589611053467,
1.0772455930709839,
1.0771493911743164,
1.0767806768417358,
1.0765763521194458,
1.0765334367752075,
1.0764251947402954,
1.0763254165649414,
1.0761998891830444,
1.07608962059021,
1.07600736618042,
1.07588791847229,
1.0758185386657715,
1.0758187770843506,
1.0757678747177124,
1.0757253170013428,
1.0757641792297363,
1.0758264064788818,
1.0757083892822266,
1.0754821300506592,
1.0751986503601074,
1.0750569105148315,
1.074897050857544,
1.0749167203903198,
1.0750164985656738,
1.0750794410705566,
1.0750741958618164,
1.0750207901000977,
1.0749045610427856,
1.0747730731964111,
1.0746920108795166,
1.0743330717086792,
1.0740292072296143,
1.0738991498947144,
1.0737969875335693,
1.0737016201019287,
1.0735902786254883,
1.073470115661621,
1.07334566116333,
1.0731804370880127,
1.073049783706665,
1.0729659795761108,
1.072857141494751,
1.07278311252594,
1.0727676153182983,
1.0727938413619995,
1.0726463794708252,
1.0724303722381592,
1.07228684425354,
1.0721184015274048,
1.0719578266143799,
1.0719354152679443,
1.0719780921936035,
1.0720138549804688,
1.0720070600509644,
1.0720055103302002,
1.0719228982925415,
1.0718433856964111,
1.071768879890442,
1.0713809728622437,
1.070932388305664,
1.0707134008407593,
1.0705996751785278,
1.0704115629196167,
1.070290446281433,
1.0701513290405273,
1.0700061321258545,
1.0698652267456055,
1.0697311162948608,
1.0695946216583252,
1.0694475173950195,
1.0692811012268066,
1.069210410118103,
1.069081425666809,
1.06892728805542,
1.06878662109375,
1.0686124563217163,
1.0684458017349243,
1.0682506561279297,
1.0682321786880493,
1.0681875944137573,
1.0680629014968872,
1.0679981708526611,
1.0679465532302856,
1.0677905082702637,
1.0676281452178955,
1.0675314664840698,
1.0671478509902954,
1.0668776035308838,
1.066658616065979,
1.0665110349655151,
1.0663293600082397,
1.0661472082138062,
1.0659904479980469,
1.0658416748046875,
1.0656213760375977,
1.0654796361923218,
1.0652647018432617,
1.0650389194488525,
1.0654480457305908,
1.0658705234527588,
1.066048502922058,
1.0659072399139404,
1.065685510635376,
1.065380334854126,
1.0652837753295898,
1.0651633739471436,
1.065331220626831,
1.0652357339859009,
1.0653619766235352,
1.0653390884399414,
1.0651289224624634,
1.0649151802062988,
1.0649322271347046,
1.0648162364959717,
1.0645126104354858,
1.0640606880187988,
1.0634971857070923,
1.0631996393203735,
1.0628925561904907,
1.0626076459884644,
1.0622566938400269,
1.0621062517166138,
1.0619728565216064,
1.0616745948791504,
1.0615530014038086,
1.0609084367752075,
1.0610854625701904,
1.0608482360839844,
1.0608123540878296,
1.0604091882705688,
1.060143232345581,
1.0600433349609375,
1.059577226638794,
1.0594964027404785,
1.059524416923523,
1.0592248439788818,
1.059178113937378,
1.0592269897460938,
1.0588916540145874,
1.0589394569396973,
1.0586754083633423,
1.0585955381393433,
1.0576399564743042,
1.0574166774749756,
1.0569859743118286,
1.0568641424179077,
1.056199550628662,
1.055965542793274,
1.0557297468185425,
1.0557087659835815,
1.0554578304290771,
1.055174708366394,
1.0547086000442505,
1.0545213222503662,
1.0544347763061523,
1.0542141199111938,
1.0537148714065552,
1.0537983179092407,
1.0532004833221436,
1.0528661012649536,
1.052493691444397,
1.052343487739563,
1.0517919063568115,
1.0519245862960815,
1.051636815071106,
1.0515779256820679,
1.051230549812317,
1.0510880947113037,
1.0508910417556763,
1.0503160953521729,
1.0501832962036133,
1.0496941804885864,
1.0489994287490845,
1.0487077236175537,
1.0479555130004883,
1.0479358434677124,
1.047253966331482,
1.0469779968261719,
1.046639084815979,
1.0463433265686035,
1.0461732149124146,
1.0456150770187378,
1.0453487634658813,
1.045149326324463,
1.0446666479110718,
1.0442008972167969,
1.044095754623413,
1.043367624282837,
1.0429282188415527,
1.0424847602844238,
1.0419864654541016,
1.041849970817566,
1.041729211807251,
1.0414010286331177,
1.0410830974578857,
1.0407483577728271,
1.0402953624725342,
1.040044903755188,
1.0395724773406982,
1.0386991500854492,
1.0381035804748535,
1.0374172925949097,
1.0368571281433105,
1.0365161895751953,
1.0359066724777222,
1.0356357097625732,
1.0351874828338623,
1.0348453521728516,
1.0341544151306152,
1.0338473320007324,
1.033249855041504,
1.0326884984970093,
1.0322998762130737,
1.0317747592926025,
1.0314648151397705,
1.030696988105774,
1.0302135944366455,
1.029568076133728,
1.0290719270706177,
1.0285162925720215,
1.0282694101333618,
1.0276663303375244,
1.0271989107131958,
1.0267808437347412,
1.026247501373291,
1.02581787109375,
1.025091290473938,
1.024506688117981,
1.0237200260162354,
1.0229439735412598,
1.0220046043395996,
1.021443247795105,
1.0206025838851929,
1.0200027227401733,
1.0193859338760376,
1.0188038349151611,
1.0181150436401367,
1.0173579454421997,
1.016717553138733,
1.0159449577331543,
1.0155004262924194,
1.0147382020950317,
1.0140796899795532,
1.0131782293319702,
1.012482762336731,
1.011709213256836,
1.0108720064163208,
1.0100566148757935,
1.0096338987350464,
1.0091607570648193,
1.0084950923919678,
1.0080814361572266,
1.0074105262756348,
1.0063506364822388,
1.0060443878173828,
1.0051202774047852,
1.0043268203735352,
1.0032039880752563,
1.0023189783096313,
1.0012867450714111,
1.0005886554718018,
0.99958735704422,
0.9989712834358215,
0.9975727796554565,
0.9962559342384338,
0.9939473867416382,
0.9915884137153625,
0.9932419061660767,
0.9915257096290588,
0.9913226366043091,
0.990323543548584,
0.9894910454750061,
0.988804280757904,
0.987678587436676,
0.9867696166038513,
0.9861361980438232,
0.9850062131881714,
0.9840235114097595,
0.9833308458328247,
0.9827120304107666,
0.9816998839378357,
0.9810814261436462,
0.9801586866378784,
0.9793339371681213,
0.9785885810852051,
0.9776901006698608,
0.9766665697097778,
0.9753880500793457,
0.9744746088981628,
0.9733494520187378,
0.9725726842880249,
0.9716815948486328,
0.9706814289093018,
0.9695025682449341,
0.9685589075088501,
0.9676708579063416,
0.9665948748588562,
0.9656643867492676,
0.9648444056510925,
0.9638929963111877,
0.9629350900650024,
0.9619022011756897,
0.9608467221260071,
0.9599494338035583,
0.9588832259178162,
0.9577444195747375,
0.9567584991455078,
0.9558092355728149,
0.954834520816803,
0.9537729620933533,
0.952849805355072,
0.9516994953155518,
0.9508190751075745,
0.9499493837356567,
0.948689877986908,
0.9477216005325317,
0.9463013410568237,
0.9454020857810974,
0.9442746639251709,
0.9431590437889099,
0.9420022964477539,
0.9411155581474304,
0.9400931000709534,
0.9390468001365662,
0.9379504323005676,
0.9369221329689026,
0.9358352422714233,
0.9347857236862183,
0.9335981607437134,
0.9327086210250854,
0.931564450263977,
0.930631697177887,
0.9296258687973022,
0.9285547733306885,
0.9275974631309509,
0.9265915751457214,
0.9254565238952637,
0.9244286417961121,
0.9237347841262817,
0.9224764108657837,
0.9216997027397156,
0.9206259250640869,
0.9196324348449707,
0.9185962677001953,
0.9176909923553467,
0.9166842699050903,
0.9154282212257385,
0.914404571056366,
0.9135958552360535,
0.9123156666755676,
0.9110987186431885,
0.9103649258613586,
0.909251868724823,
0.9081470966339111,
0.9068517684936523,
0.9061458706855774,
0.9048459529876709,
0.9040084481239319,
0.9027010202407837,
0.9019033312797546,
0.900412380695343,
0.8996073603630066,
0.8982998728752136,
0.8981189727783203,
0.8963493704795837,
0.895287036895752,
0.89405757188797,
0.8937075734138489,
0.8921715021133423,
0.8912220597267151,
0.8905023336410522,
0.8890689015388489,
0.8879830241203308,
0.8872716426849365,
0.8857821822166443,
0.8848756551742554,
0.8834087252616882,
0.8828214406967163,
0.8815187811851501,
0.880483090877533,
0.0,
0.0,
0.0,
0.0,
0.0,
0.0,
0.0,
0.0,
0.0,
0.0,
0.0,
0.0,
0.0,
0.0,
0.0,
0.0,
0.0,
0.0,
0.0,
0.0,
0.0,
0.0,
0.0,
0.0,
0.0,
0.0,
0.0,
0.0,
0.0,
0.0,
0.0,
0.0,
0.0,
0.0,
0.0,
0.0,
0.0,
0.0,
0.0,
0.0,
0.0,
0.0,
0.0,
0.0,
0.0,
0.0,
0.0,
0.0,
0.0,
0.0,
0.0,
0.0,
0.0,
0.0,
0.0,
0.0,
0.0,
0.0,
0.0,
0.0,
0.0,
0.0,
0.0,
0.0,
0.0,
0.0,
0.0,
0.0,
0.0,
0.0,
0.0,
0.0,
0.0,
0.0,
0.0,
0.0,
0.0,
0.0,
0.0,
0.0,
0.0,
0.0,
0.0,
0.0,
0.0,
0.0,
0.0,
0.0,
0.0,
0.0,
0.0,
0.0,
0.0,
0.0,
0.0,
0.0,
0.0,
0.0,
0.0,
0.0,
0.0,
0.0,
0.0,
0.0,
0.0,
0.0,
0.0,
0.0,
0.0,
0.0,
0.0,
0.0,
0.0,
0.0,
0.0,
0.0,
0.0,
0.0,
0.0,
0.0,
0.0,
0.0,
0.0,
0.0,
0.0,
0.0,
0.0,
0.0,
0.0,
0.0,
0.0,
0.0,
0.0,
0.0,
0.0,
0.0,
0.0,
0.0,
0.0,
0.0,
0.0,
0.0,
0.0,
0.0,
0.0,
0.0,
0.0,
0.0,
0.0,
0.0,
0.0,
0.0,
0.0,
0.0,
0.0,
0.0,
0.0,
0.0,
0.0,
0.0,
0.0,
0.0,
0.0,
0.0,
0.0,
0.0,
0.0,
0.0,
0.0,
0.0,
0.0,
0.0,
0.0,
0.0,
0.0,
0.0,
0.0,
0.0,
0.0,
0.0,
0.0,
0.0,
0.0,
0.0,
0.0,
0.0,
0.0,
0.0,
0.0,
0.0,
0.0,
0.0,
0.0,
0.0,
0.0,
0.0,
0.0,
0.0,
0.0,
0.0,
0.0,
0.0,
0.0,
0.0,
0.0,
0.0,
0.0,
0.0,
0.0,
0.0,
0.0,
0.0,
0.0,
0.0,
0.0,
0.0,
0.0,
0.0,
0.0,
0.0,
0.0,
0.0,
0.0,
0.0,
0.0,
0.0,
0.0,
0.0,
0.0,
0.0,
0.0,
0.0,
0.0,
0.0,
0.0,
0.0,
0.0,
0.0,
0.0,
0.0,
0.0,
0.0,
0.0,
0.0,
0.0,
0.0,
0.0,
0.0,
0.0,
0.0,
0.0,
0.0,
0.0,
0.0,
0.0,
0.0,
0.0,
0.0,
0.0,
0.0,
0.0,
0.0,
0.0,
0.0,
0.0,
0.0,
0.0,
0.0,
0.0,
0.0,
0.0,
0.0,
0.0,
0.0,
0.0,
0.0,
0.0,
0.0,
0.0,
0.0,
0.0,
0.0,
0.0,
0.0,
0.0,
0.0,
0.0,
0.0,
0.0,
0.0,
0.0,
0.0,
0.0,
0.0,
0.0,
0.0,
0.0,
0.0,
0.0,
0.0,
0.0,
0.0,
0.0,
0.0,
0.0,
0.0,
0.0,
0.0,
0.0,
0.0,
0.0,
0.0,
0.0,
0.0,
0.0,
0.0,
0.0,
0.0,
0.0,
0.0,
0.0,
0.0,
0.0,
0.0,
0.0,
0.0,
0.0,
0.0,
0.0,
0.0,
0.0,
0.0,
0.0,
0.0,
0.0,
0.0,
0.0,
0.0,
0.0,
0.0,
0.0,
0.0,
0.0,
0.0,
0.0,
0.0,
0.0,
0.0,
0.0,
0.0,
0.0,
0.0,
0.0,
0.0,
0.0,
0.0,
0.0,
0.0,
0.0,
0.0,
0.0,
0.0,
0.0,
0.0,
0.0,
0.0,
0.0,
0.0,
0.0,
0.0,
0.0,
0.0,
0.0,
0.0,
0.0,
0.0,
0.0,
0.0,
0.0,
0.0,
0.0,
0.0,
0.0,
0.0,
0.0,
0.0,
0.0,
0.0,
0.0,
0.0,
0.0,
0.0,
0.0,
0.0,
0.0,
0.0,
0.0,
0.0,
0.0,
0.0,
0.0,
0.0,
0.0,
0.0,
0.0,
0.0,
0.0,
0.0,
0.0,
0.0,
0.0,
0.0,
0.0,
0.0,
0.0,
0.0,
0.0,
0.0,
0.0,
0.0,
0.0,
0.0,
0.0,
0.0,
0.0,
0.0,
0.0,
0.0,
0.0,
0.0,
0.0,
0.0,
0.0,
0.0,
0.0,
0.0,
0.0,
0.0,
0.0,
0.0,
0.0,
0.0,
0.0,
0.0,
0.0,
0.0,
0.0,
0.0,
0.0,
0.0,
0.0,
0.0,
0.0,
0.0,
0.0,
0.0,
0.0,
0.0,
0.0,
0.0,
0.0,
0.0,
0.0,
0.0,
0.0,
0.0,
0.0,
0.0,
0.0,
0.0,
0.0,
0.0,
0.0,
0.0,
0.0,
0.0,
0.0,
0.0,
0.0,
0.0,
0.0,
0.0,
0.0,
0.0,
0.0,
0.0,
0.0,
0.0,
0.0,
0.0,
0.0,
0.0,
0.0,
0.0,
0.0,
0.0,
0.0,
0.0,
0.0,
0.0,
0.0,
0.0,
0.0,
0.0,
0.0,
0.0,
0.0,
0.0,
0.0,
0.0,
0.0,
0.0,
0.0,
0.0,
0.0,
0.0,
0.0,
0.0,
0.0,
0.0,
0.0,
0.0,
0.0,
0.0,
0.0,
0.0,
0.0,
0.0,
0.0,
0.0,
0.0,
0.0,
0.0,
0.0,
0.0,
0.0,
0.0,
0.0,
0.0,
0.0,
0.0,
0.0,
0.0,
0.0,
0.0,
0.0,
0.0,
0.0,
0.0,
0.0,
0.0,
0.0,
0.0,
0.0,
0.0,
0.0,
0.0,
0.0,
0.0,
0.0,
0.0,
0.0,
0.0,
0.0,
0.0,
0.0,
0.0,
0.0,
0.0,
0.0,
0.0,
0.0,
0.0,
0.0,
0.0,
0.0,
0.0,
0.0,
0.0,
0.0,
0.0,
0.0,
0.0,
0.0,
0.0,
0.0,
0.0,
0.0,
0.0,
0.0,
0.0,
0.0,
0.0,
0.0,
0.0,
0.0,
0.0,
0.0,
0.0,
0.0,
0.0,
0.0,
0.0,
0.0,
0.0,
0.0,
0.0,
0.0,
0.0,
0.0,
0.0,
0.0,
0.0,
0.0,
0.0,
0.0,
0.0,
0.0,
0.0,
0.0,
0.0,
0.0,
0.0,
0.0,
0.0,
0.0,
0.0,
0.0,
0.0,
0.0,
0.0,
0.0,
0.0,
0.0,
0.0,
0.0,
0.0,
0.0,
0.0,
0.0,
0.0,
0.0,
0.0,
0.0,
0.0,
0.0,
0.0,
0.0,
0.0,
0.0,
0.0,
0.0,
0.0,
0.0,
0.0,
0.0,
0.0,
0.0,
0.0,
0.0,
0.0,
0.0,
0.0,
0.0,
0.0,
0.0,
0.0,
0.0,
0.0,
0.0,
0.0,
0.0,
0.0,
0.0,
0.0,
0.0,
0.0,
0.0,
0.0,
0.0,
0.0,
0.0,
0.0,
0.0,
0.0,
0.0,
0.0,
0.0,
0.0,
0.0,
0.0,
0.0,
0.0,
0.0,
0.0,
0.0,
0.0,
0.0,
0.0,
0.0,
0.0,
0.0,
0.0,
0.0,
0.0,
0.0,
0.0,
0.0,
0.0,
0.0,
0.0,
0.0,
0.0,
0.0,
0.0,
0.0,
0.0,
0.0,
0.0,
0.0,
0.0,
0.0,
0.0,
0.0,
0.0,
0.0,
0.0,
0.0,
0.0,
0.0,
0.0,
0.0,
0.0,
0.0,
0.0,
0.0,
0.0,
0.0,
0.0,
0.0,
0.0,
0.0,
0.0,
0.0,
0.0,
0.0,
0.0,
0.0,
0.0,
0.0,
0.0,
0.0,
0.0,
0.0,
0.0,
0.0,
0.0,
0.0,
0.0,
0.0,
0.0,
0.0,
0.0,
0.0,
0.0,
0.0,
0.0,
0.0,
0.0,
0.0,
0.0,
0.0,
0.0,
0.0,
0.0,
0.0,
0.0,
0.0,
0.0,
0.0,
0.0,
0.0,
0.0,
0.0,
0.0,
0.0,
0.0,
0.0,
0.0,
0.0,
0.0,
0.0,
0.0,
0.0,
0.0,
0.0,
0.0,
0.0,
0.0,
0.0,
0.0,
0.0,
0.0,
0.0,
0.0,
0.0,
0.0,
0.0,
0.0,
0.0,
0.0,
0.0,
0.0,
0.0,
0.0,
0.0,
0.0,
0.0,
0.0,
0.0,
0.0,
0.0,
0.0,
0.0,
0.0,
0.0,
0.0,
0.0,
0.0,
0.0,
0.0,
0.0,
0.0,
0.0,
0.0,
0.0,
0.0,
0.0,
0.0,
0.0,
0.0,
0.0,
0.0,
0.0,
0.0,
0.0,
0.0,
0.0,
0.0,
0.0,
0.0,
0.0,
0.0,
0.0,
0.0,
0.0,
0.0,
0.0,
0.0,
0.0,
0.0,
0.0,
0.0,
0.0,
0.0,
0.0,
0.0,
0.0,
0.0,
0.0,
0.0,
0.0,
0.0,
0.0,
0.0,
0.0,
0.0,
0.0,
0.0,
0.0,
0.0,
0.0,
0.0,
0.0,
0.0,
0.0,
0.0,
0.0,
0.0,
0.0,
0.0,
0.0,
0.0,
0.0,
0.0,
0.0,
0.0,
0.0,
0.0,
0.0,
0.0,
0.0,
0.0,
0.0,
0.0,
0.0,
0.0,
0.0,
0.0,
0.0,
0.0,
0.0,
0.0,
0.0,
0.0,
0.0,
0.0,
0.0,
0.0,
0.0,
0.0,
0.0,
0.0,
0.0,
0.0,
0.0,
0.0,
0.0,
0.0,
0.0,
0.0,
0.0,
0.0,
0.0,
0.0,
0.0,
0.0,
0.0,
0.0,
0.0,
0.0,
0.0,
0.0,
0.0,
0.0,
0.0,
0.0,
0.0,
0.0,
0.0,
0.0,
0.0,
0.0,
0.0,
0.0,
0.0,
0.0,
0.0,
0.0,
0.0,
0.0,
0.0,
0.0,
0.0,
0.0,
0.0,
0.0,
0.0,
0.0,
0.0,
0.0,
0.0,
0.0,
0.0,
0.0,
0.0,
0.0,
0.0,
0.0,
0.0,
0.0,
0.0,
0.0,
0.0,
0.0,
0.0,
0.0,
0.0,
0.0,
0.0,
0.0,
0.0,
0.0,
0.0,
0.0,
0.0,
0.0,
0.0,
0.0,
0.0,
0.0,
0.0,
0.0,
0.0,
0.0,
0.0,
0.0,
0.0,
0.0,
0.0,
0.0,
0.0,
0.0,
0.0,
0.0,
0.0,
0.0,
0.0,
0.0,
0.0,
0.0,
0.0,
0.0,
0.0,
0.0,
0.0,
0.0,
0.0,
0.0,
0.0,
0.0,
0.0,
0.0,
0.0,
0.0,
0.0,
0.0,
0.0,
0.0,
0.0,
0.0,
0.0,
0.0,
0.0,
0.0,
0.0,
0.0,
0.0,
0.0,
0.0,
0.0,
0.0,
0.0,
0.0,
0.0,
0.0,
0.0,
0.0,
0.0,
0.0,
0.0,
0.0,
0.0,
0.0,
0.0,
0.0,
0.0,
0.0,
0.0,
0.0,
0.0,
0.0,
0.0,
0.0,
0.0,
0.0,
0.0,
0.0,
0.0,
0.0,
0.0,
0.0,
0.0,
0.0,
0.0,
0.0,
0.0,
0.0,
0.0,
0.0,
0.0,
0.0,
0.0,
0.0,
0.0,
0.0,
0.0,
0.0,
0.0,
0.0,
0.0,
0.0,
0.0,
0.0,
0.0,
0.0,
0.0,
0.0,
0.0,
0.0,
0.0,
0.0,
0.0,
0.0,
0.0,
0.0,
0.0,
0.0,
0.0,
0.0,
0.0,
0.0,
0.0,
0.0,
0.0,
0.0,
0.0,
0.0,
0.0,
0.0,
0.0,
0.0,
0.0,
0.0,
0.0,
0.0,
0.0,
0.0,
0.0,
0.0,
0.0,
0.0,
0.0,
0.0,
0.0,
0.0,
0.0,
0.0,
0.0,
0.0,
0.0,
0.0,
0.0,
0.0,
0.0,
0.0,
0.0,
0.0,
0.0,
0.0,
0.0,
0.0,
0.0,
0.0,
0.0,
0.0,
0.0,
0.0,
0.0,
0.0,
0.0,
0.0,
0.0,
0.0,
0.0,
0.0,
0.0,
0.0,
0.0,
0.0,
0.0,
0.0,
0.0,
0.0,
0.0,
0.0,
0.0,
0.0,
0.0,
0.0,
0.0,
0.0,
0.0,
0.0,
0.0,
0.0,
0.0,
0.0,
0.0,
0.0,
0.0,
0.0,
0.0,
0.0,
0.0,
0.0,
0.0,
0.0,
0.0,
0.0,
0.0,
0.0,
0.0,
0.0,
0.0,
0.0,
0.0,
0.0,
0.0,
0.0,
0.0,
0.0,
0.0,
0.0,
0.0,
0.0,
0.0,
0.0,
0.0,
0.0,
0.0,
0.0,
0.0,
0.0,
0.0,
0.0,
0.0,
0.0,
0.0,
0.0,
0.0,
0.0,
0.0,
0.0,
0.0,
0.0,
0.0,
0.0,
0.0,
0.0,
0.0,
0.0,
0.0,
0.0,
0.0,
0.0,
0.0,
0.0,
0.0,
0.0,
0.0,
0.0,
0.0,
0.0,
0.0,
0.0,
0.0,
0.0,
0.0,
0.0,
0.0,
0.0,
0.0,
0.0,
0.0,
0.0,
0.0,
0.0,
0.0,
0.0,
0.0,
0.0,
0.0,
0.0,
0.0,
0.0,
0.0,
0.0,
0.0,
0.0,
0.0,
0.0,
0.0,
0.0,
0.0,
0.0,
0.0,
0.0,
0.0,
0.0,
0.0,
0.0,
0.0,
0.0,
0.0,
0.0,
0.0,
0.0,
0.0,
0.0,
0.0,
0.0,
0.0,
0.0,
0.0,
0.0,
0.0,
0.0,
0.0,
0.0,
0.0,
0.0,
0.0,
0.0,
0.0,
0.0,
0.0,
0.0,
0.0,
0.0,
0.0,
0.0,
0.0,
0.0,
0.0,
0.0,
0.0,
0.0,
0.0,
0.0,
0.0,
0.0,
0.0,
0.0,
0.0,
0.0,
0.0,
0.0,
0.0,
0.0,
0.0,
0.0,
0.0,
0.0,
0.0,
0.0,
0.0,
0.0,
0.0,
0.0,
0.0,
0.0,
0.0,
0.0,
0.0,
0.0,
0.0,
0.0,
0.0,
0.0,
0.0,
0.0,
0.0,
0.0,
0.0,
0.0,
0.0,
0.0,
0.0,
0.0,
0.0,
0.0,
0.0,
0.0,
0.0,
0.0,
0.0,
0.0,
0.0,
0.0,
0.0,
0.0,
0.0,
0.0,
0.0,
0.0,
0.0,
0.0,
0.0,
0.0,
0.0,
0.0,
0.0,
0.0,
0.0,
0.0,
0.0,
0.0,
0.0,
0.0,
0.0,
0.0,
0.0,
0.0,
0.0,
0.0,
0.0,
0.0,
0.0,
0.0,
0.0,
0.0,
0.0,
0.0,
0.0,
0.0,
0.0,
0.0,
0.0,
0.0,
0.0,
0.0,
0.0,
0.0,
0.0,
0.0,
0.0,
0.0,
0.0,
0.0,
0.0,
0.0,
0.0,
0.0,
0.0,
0.0,
0.0,
0.0,
0.0,
0.0,
0.0,
0.0,
0.0,
0.0,
0.0,
0.0,
0.0,
0.0,
0.0,
0.0,
0.0,
0.0,
0.0,
0.0,
0.0,
0.0,
0.0,
0.0,
0.0,
0.0,
0.0,
0.0,
0.0,
0.0,
0.0,
0.0,
0.0,
0.0,
0.0,
0.0,
0.0,
0.0,
0.0,
0.0,
0.0,
0.0,
0.0,
0.0,
0.0,
0.0,
0.0,
0.0,
0.0,
0.0,
0.0,
0.0,
0.0,
0.0,
0.0,
0.0,
0.0,
0.0,
0.0,
0.0,
0.0,
0.0,
0.0,
0.0,
0.0,
0.0,
0.0,
0.0,
0.0,
0.0,
0.0,
0.0,
0.0,
0.0,
0.0,
0.0,
0.0,
0.0,
0.0,
0.0,
0.0,
0.0,
0.0,
0.0,
0.0,
0.0,
0.0,
0.0,
0.0,
0.0,
0.0,
0.0,
0.0,
0.0,
0.0,
0.0,
0.0,
0.0,
0.0,
0.0,
0.0,
0.0,
0.0,
0.0,
0.0,
0.0,
0.0,
0.0,
0.0,
0.0,
0.0,
0.0,
0.0,
0.0,
0.0,
0.0,
0.0,
0.0,
0.0,
0.0,
0.0,
0.0,
0.0,
0.0,
0.0,
0.0,
0.0,
0.0,
0.0,
0.0,
0.0,
0.0,
0.0,
0.0,
0.0,
0.0,
0.0,
0.0,
0.0,
0.0,
0.0,
0.0,
0.0,
0.0,
0.0,
0.0,
0.0,
0.0,
0.0,
0.0,
0.0,
0.0,
0.0,
0.0,
0.0,
0.0,
0.0,
0.0,
0.0,
0.0,
0.0,
0.0,
0.0,
0.0,
0.0,
0.0,
0.0,
0.0,
0.0,
0.0,
0.0,
0.0,
0.0,
0.0,
0.0,
0.0,
0.0,
0.0,
0.0,
0.0,
0.0,
0.0,
0.0,
0.0,
0.0,
0.0,
0.0,
0.0,
0.0,
0.0,
0.0,
0.0,
0.0,
0.0,
0.0,
0.0,
0.0,
0.0,
0.0,
0.0,
0.0,
0.0,
0.0,
0.0,
0.0,
0.0,
0.0,
0.0,
0.0,
0.0,
0.0,
0.0,
0.0,
0.0,
0.0,
0.0,
0.0,
0.0,
0.0,
0.0,
0.0,
0.0,
0.0,
0.0,
0.0,
0.0,
0.0,
0.0,
0.0,
0.0,
0.0,
0.0,
0.0,
0.0,
0.0,
0.0,
0.0,
0.0,
0.0,
0.0,
0.0,
0.0,
0.0,
0.0,
0.0,
