1.0499999523162842,
1.079872488975525,
1.0813485383987427,
1.082160234451294,
1.0826759338378906,
1.0829167366027832,
1.0831658840179443,
1.0833956003189087,
1.0835145711898804,
1.0837515592575073,
1.0838147401809692,
1.083848476409912,
1.083905577659607,
1.0839136838912964,
1.0839799642562866,
1.084032654762268,
1.0841407775878906,
1.0840665102005005,
1.0841253995895386,
1.084134817123413,
1.0841161012649536,
1.0840868949890137,
1.084141492843628,
1.0841033458709717,
1.0840853452682495,
1.084107756614685,
1.0841338634490967,
1.0841766595840454,
1.0842159986495972,
1.0842556953430176,
1.0842093229293823,
1.084220051765442,
1.0841890573501587,
1.0842584371566772,
1.0842705965042114,
1.0843305587768555,
1.0843236446380615,
1.084264874458313,
1.084283709526062,
1.0843091011047363,
1.0842716693878174,
1.084227204322815,
1.084154725074768,
1.084145188331604,
1.0841538906097412,
1.0841689109802246,
1.0841470956802368,
1.0842034816741943,
1.0841971635818481,
1.0841715335845947,
1.0844182968139648,
1.0846210718154907,
1.0847724676132202,
1.084831953048706,
1.0847926139831543,
1.0842909812927246,
1.084262490272522,
1.0842158794403076,
1.084231972694397,
1.084260106086731,
1.084223747253418,
1.0841885805130005,
1.084193468093872,
1.0841503143310547,
1.0841761827468872,
1.0841503143310547,
1.0841400623321533,
1.084100604057312,
1.0840977430343628,
1.0840256214141846,
1.0840644836425781,
1.0840680599212646,
1.08402419090271,
1.0840145349502563,
1.0839769840240479,
1.0839660167694092,
1.083924651145935,
1.0838918685913086,
1.0838617086410522,
1.083810567855835,
1.0837846994400024,
1.0837647914886475,
1.083789348602295,
1.083717942237854,
1.0837246179580688,
1.0836434364318848,
1.0835776329040527,
1.0836001634597778,
1.0835422277450562,
1.0835355520248413,
1.0835367441177368,
1.0834953784942627,
1.0834518671035767,
1.0834612846374512,
1.0834643840789795,
1.0833830833435059,
1.0833113193511963,
1.0832618474960327,
1.0832654237747192,
1.0832821130752563,
1.0832029581069946,
1.083133339881897,
1.083104133605957,
1.0830987691879272,
1.0830411911010742,
1.0830047130584717,
1.0829235315322876,
1.082876443862915,
1.082869529724121,
1.0829137563705444,
1.0829057693481445,
1.0828485488891602,
1.0828689336776733,
1.0828077793121338,
1.0827293395996094,
1.0826900005340576,
1.0826042890548706,
1.0826362371444702,
1.0826003551483154,
1.0826224088668823,
1.0826048851013184,
1.082543969154358,
1.0825045108795166,
1.0824278593063354,
1.082353949546814,
1.0823036432266235,
1.0822557210922241,
1.0822447538375854,
1.0821506977081299,
1.082100749015808,
1.0820624828338623,
1.0820391178131104,
1.0819488763809204,
1.0818556547164917,
1.0817688703536987,
1.0816600322723389,
1.0816887617111206,
1.0816950798034668,
1.0816704034805298,
1.0816630125045776,
1.0816459655761719,
1.0815776586532593,
1.0814805030822754,
1.0813928842544556,
1.0813839435577393,
1.081345558166504,
1.0812807083129883,
1.081228494644165,
1.0812031030654907,
1.0811468362808228,
1.0811847448349,
1.0811235904693604,
1.0810704231262207,
1.0810413360595703,
1.08097505569458,
1.0809146165847778,
1.0808697938919067,
1.0808099508285522,
1.0807175636291504,
1.0806492567062378,
1.0806097984313965,
1.080543041229248,
1.0805240869522095,
1.0806430578231812,
1.0807764530181885,
1.0806869268417358,
1.080564260482788,
1.0803292989730835,
1.080249309539795,
1.0801764726638794,
1.080166220664978,
1.0803322792053223,
1.080410361289978,
1.0804190635681152,
1.0803874731063843,
1.0802758932113647,
1.0802019834518433,
1.080085039138794,
1.079841136932373,
1.0797537565231323,
1.0797064304351807,
1.0796527862548828,
1.0795608758926392,
1.0795190334320068,
1.0794247388839722,
1.0793507099151611,
1.0792661905288696,
1.0792160034179688,
1.0791023969650269,
1.0790904760360718,
1.0791212320327759,
1.0792567729949951,
1.0793085098266602,
1.0792803764343262,
1.079078197479248,
1.0788841247558594,
1.0787668228149414,
1.0786664485931396,
1.078852653503418,
1.0790185928344727,
1.0791208744049072,
1.0791341066360474,
1.0791598558425903,
1.079086422920227,
1.07900071144104,
1.0788511037826538,
1.0784912109375,
1.078287959098816,
1.078221082687378,
1.0781182050704956,
1.0780423879623413,
1.077981948852539,
1.0779261589050293,
1.0778272151947021,
1.0777761936187744,
1.0777168273925781,
1.077701449394226,
1.0776764154434204,
1.0777266025543213,
1.0778253078460693,
1.0779070854187012,
1.0777627229690552,
1.0775153636932373,
1.0773038864135742,
1.0772721767425537,
1.0771535634994507,
1.0772230625152588,
1.0772649049758911,
1.0773488283157349,
1.077333927154541,
1.0772984027862549,
1.0772029161453247,
1.0770624876022339,
1.0769809484481812,
1.076612949371338,
1.0766186714172363,
1.0765455961227417,
1.0764830112457275,
1.076364278793335,
1.0762739181518555,
1.076182246208191,
1.0760997533798218,
1.076029896736145,
1.0759944915771484,
1.075937032699585,
1.0759235620498657,
1.0759108066558838,
1.0759828090667725,
1.0760682821273804,
1.0758702754974365,
1.075697422027588,
1.0755237340927124,
1.075406551361084,
1.0752851963043213,
1.0753966569900513,
1.0754637718200684,
1.0755126476287842,
1.0755430459976196,
1.075439691543579,
1.075374960899353,
1.0752973556518555,
1.0751458406448364,
1.0748236179351807,
1.0747604370117188,
1.0746601819992065,
1.074615478515625,
1.074459195137024,
1.0744234323501587,
1.0743063688278198,
1.0742275714874268,
1.074136734008789,
1.0740188360214233,
1.0739517211914062,
1.0738592147827148,
1.0738351345062256,
1.0739047527313232,
1.0738526582717896,
1.0736974477767944,
1.073571801185608,
1.0735399723052979,
1.073425531387329,
1.0733174085617065,
1.0733510255813599,
1.0733959674835205,
1.0731614828109741,
1.0734641551971436,
1.0734707117080688,
1.0732773542404175,
1.0729162693023682,
1.073189616203308,
1.0728950500488281,
1.072650671005249,
1.072546124458313,
1.072476863861084,
1.0723755359649658,
1.0723206996917725,
1.0721971988677979,
1.0720887184143066,
1.072019338607788,
1.0719457864761353,
1.071867823600769,
1.0717554092407227,
1.0716803073883057,
1.0716525316238403,
1.0715514421463013,
1.0715309381484985,
1.0714061260223389,
1.0713391304016113,
1.071192979812622,
1.0711348056793213,
1.0708860158920288,
1.0710543394088745,
1.0710736513137817,
1.0708075761795044,
1.0707160234451294,
1.0708770751953125,
1.0706831216812134,
1.0706194639205933,
1.0704002380371094,
1.0703245401382446,
1.0699950456619263,
1.069998025894165,
1.06998872756958,
1.0699114799499512,
1.0698741674423218,
1.0696165561676025,
1.0694652795791626,
1.0695070028305054,
1.0692464113235474,
1.0694445371627808,
1.0698851346969604,
1.070067286491394,
1.0696996450424194,
1.0698658227920532,
1.0697143077850342,
1.069487452507019,
1.0695258378982544,
1.0694599151611328,
1.0696399211883545,
1.0697828531265259,
1.069718837738037,
1.069784164428711,
1.0698786973953247,
1.0696985721588135,
1.0695935487747192,
1.0694276094436646,
1.0689754486083984,
1.068694829940796,
1.0685309171676636,
1.0683025121688843,
1.0680956840515137,
1.0681178569793701,
1.0678720474243164,
1.0679765939712524,
1.0676430463790894,
1.0673696994781494,
1.067385196685791,
1.0668922662734985,
1.0671848058700562,
1.0671722888946533,
1.0669392347335815,
1.067125916481018,
1.0666440725326538,
1.0663446187973022,
1.066282033920288,
1.066075086593628,
1.0665000677108765,
1.0666043758392334,
1.0661687850952148,
1.0663739442825317,
1.066447138786316,
1.0663015842437744,
1.0663411617279053,
1.0662552118301392,
1.0657463073730469,
1.0655981302261353,
1.0653926134109497,
1.0651898384094238,
1.064960241317749,
1.0648895502090454,
1.0646356344223022,
1.0645065307617188,
1.0643656253814697,
1.0643372535705566,
1.0643064975738525,
1.0640869140625,
1.0635879039764404,
1.0641170740127563,
1.0635873079299927,
1.063449740409851,
1.0635311603546143,
1.0632421970367432,
1.0632314682006836,
1.0625356435775757,
1.0627683401107788,
1.0628845691680908,
1.0627638101577759,
1.0626624822616577,
1.062970757484436,
1.0625649690628052,
1.0625277757644653,
1.0625818967819214,
1.0621919631958008,
1.0620015859603882,
1.061230182647705,
1.061388373374939,
1.0611138343811035,
1.0610482692718506,
1.0605765581130981,
1.0607260465621948,
1.0601553916931152,
1.060422658920288,
1.060144305229187,
1.0598620176315308,
1.059767723083496,
1.059806227684021,
1.0594773292541504,
1.0595366954803467,
1.0591731071472168,
1.0593087673187256,
1.0590486526489258,
1.0586682558059692,
1.0585788488388062,
1.0585514307022095,
1.0584352016448975,
1.0586233139038086,
1.0582375526428223,
1.0578664541244507,
1.058073878288269,
1.0580509901046753,
1.0577443838119507,
1.0572004318237305,
1.0570425987243652,
1.0565547943115234,
1.05666184425354,
1.0563582181930542,
1.056260347366333,
1.0556714534759521,
1.0556877851486206,
1.0556628704071045,
1.0553309917449951,
1.0550181865692139,
1.0550652742385864,
1.054757833480835,
1.054701566696167,
1.0545047521591187,
1.0543091297149658,
1.0542211532592773,
1.053969144821167,
1.0536307096481323,
1.0533043146133423,
1.0529805421829224,
1.0532644987106323,
1.0529149770736694,
1.0528852939605713,
1.0529214143753052,
1.0523916482925415,
1.0520143508911133,
1.0520410537719727,
1.0518258810043335,
1.0513323545455933,
1.0510680675506592,
1.0506603717803955,
1.050477385520935,
1.050254225730896,
1.0501489639282227,
1.0499722957611084,
1.0495411157608032,
1.0494455099105835,
1.0491887331008911,
1.048921823501587,
1.0486574172973633,
1.0483825206756592,
1.0480728149414062,
1.0477468967437744,
1.0476837158203125,
1.0472177267074585,
1.0469672679901123,
1.046850323677063,
1.046536922454834,
1.0464255809783936,
1.0460604429244995,
1.046288251876831,
1.0462452173233032,
1.0460724830627441,
1.0457968711853027,
1.0454356670379639,
1.0453572273254395,
1.044708013534546,
1.0443838834762573,
1.0438003540039062,
1.0433756113052368,
1.0429946184158325,
1.0423548221588135,
1.0422354936599731,
1.041198492050171,
1.040817141532898,
1.038373351097107,
1.0375028848648071,
1.0389736890792847,
1.0391021966934204,
1.0385478734970093,
1.0380228757858276,
1.0376513004302979,
1.0374552011489868,
1.0369091033935547,
1.0365862846374512,
1.036091685295105,
1.0355838537216187,
1.0351978540420532,
1.0346550941467285,
1.0344356298446655,
1.0339038372039795,
1.0335760116577148,
1.0332942008972168,
1.0328086614608765,
1.032542109489441,
1.031803846359253,
1.0310471057891846,
1.0304713249206543,
1.0298172235488892,
1.0292658805847168,
1.028963565826416,
1.0284563302993774,
1.0277446508407593,
1.0272197723388672,
1.0267319679260254,
1.0262373685836792,
1.0255614519119263,
1.024931788444519,
1.02450430393219,
1.0240247249603271,
1.023032784461975,
1.0227227210998535,
1.022121548652649,
1.0213998556137085,
1.0208741426467896,
1.0201960802078247,
1.0196186304092407,
1.0192898511886597,
1.0188039541244507,
1.0181752443313599,
1.017546534538269,
1.0165332555770874,
1.016135573387146,
1.0155383348464966,
1.0148659944534302,
1.0138790607452393,
1.0133165121078491,
1.0126625299453735,
1.0116933584213257,
1.0112552642822266,
1.010553240776062,
1.009781002998352,
1.0092127323150635,
1.008456826210022,
1.007688045501709,
1.0070170164108276,
1.0062429904937744,
1.0054270029067993,
1.004909873008728,
1.0043323040008545,
1.003466248512268,
1.0027880668640137,
1.002149224281311,
1.001426100730896,
1.0006039142608643,
0.9998735189437866,
0.9991944432258606,
0.9987315535545349,
0.9981080889701843,
0.997483491897583,
0.9967558979988098,
0.9960687160491943,
0.995265007019043,
0.9946655035018921,
0.9937428832054138,
0.9928943514823914,
0.9919048547744751,
0.9910498261451721,
0.9903836846351624,
0.9896748661994934,
0.9889706373214722,
0.9880095720291138,
0.9872427582740784,
0.9864669442176819,
0.9856604337692261,
0.9848986864089966,
0.9840978384017944,
0.9829341769218445,
0.9824855923652649,
0.9814204573631287,
0.9810197949409485,
0.9802621006965637,
0.9794598817825317,
0.9785634875297546,
0.9776155948638916,
0.9766234755516052,
0.9762563109397888,
0.9754123091697693,
0.9745617508888245,
0.9738419651985168,
0.972977876663208,
0.9721500873565674,
0.971024215221405,
0.9703384637832642,
0.9691153168678284,
0.968461811542511,
0.9674932956695557,
0.9666296243667603,
0.9658174514770508,
0.9647924304008484,
0.9637505412101746,
0.9630926251411438,
0.9621387124061584,
0.9612187743186951,
0.960302472114563,
0.9594486951828003,
0.9584004878997803,
0.9573945999145508,
0.956665575504303,
0.9557619690895081,
0.9549489617347717,
0.9539693593978882,
0.9530271887779236,
0.9522262811660767,
0.9512739181518555,
0.9503726363182068,
0.949355959892273,
0.9483349919319153,
0.9474360346794128,
0.9465438723564148,
0.9456725120544434,
0.9448133707046509,
0.943884015083313,
0.9430716633796692,
0.9421184062957764,
0.9411254525184631,
0.9400105476379395,
0.9393084049224854,
0.9383394122123718,
0.9374330639839172,
0.9363451600074768,
0.9356018900871277,
0.9344655275344849,
0.9335598945617676,
0.9326886534690857,
0.9316942691802979,
0.9306983947753906,
0.9297221899032593,
0.9288159012794495,
0.9276872277259827,
0.9268463850021362,
0.9257397651672363,
0.924839198589325,
0.92400062084198,
0.9232158660888672,
0.9221293926239014,
0.9210923314094543,
0.9201087355613708,
0.9194133877754211,
0.9183629751205444,
0.9175422787666321,
0.9164130091667175,
0.9156346321105957,
0.9146574139595032,
0.9137964844703674,
0.9127617478370667,
0.9119914770126343,
0.9107874631881714,
0.9100675582885742,
0.9090059399604797,
0.9082553386688232,
0.9070802927017212,
0.9063320755958557,
0.9051386117935181,
0.9041754007339478,
0.9032263159751892,
0.9025665521621704,
0.9014012813568115,
0.9005206823348999,
0.8991525173187256,
0.8986952304840088,
0.897552490234375,
0.8967970609664917,
0.8961889743804932,
0.8946763277053833,
0.8941691517829895,
0.8927977085113525,
0.8915072083473206,
0.890508770942688,
0.8900430202484131,
0.8881707191467285,
0.8873807787895203,
0.8863005042076111,
0.8854397535324097,
0.8839863538742065,
0.8832099437713623,
0.8821630477905273,
0.8813055157661438,
0.8803514242172241,
0.8803514242172241,
0.8803514242172241,
0.0,
0.0,
0.0,
0.0,
0.0,
0.0,
0.0,
0.0,
0.0,
0.0,
0.0,
0.0,
0.0,
0.0,
0.0,
0.0,
0.0,
0.0,
0.0,
0.0,
0.0,
0.0,
0.0,
0.0,
0.0,
0.0,
0.0,
0.0,
0.0,
0.0,
0.0,
0.0,
0.0,
0.0,
0.0,
0.0,
0.0,
0.0,
0.0,
0.0,
0.0,
0.0,
0.0,
0.0,
0.0,
0.0,
0.0,
0.0,
0.0,
0.0,
0.0,
0.0,
0.0,
0.0,
0.0,
0.0,
0.0,
0.0,
0.0,
0.0,
0.0,
0.0,
0.0,
0.0,
0.0,
0.0,
0.0,
0.0,
0.0,
0.0,
0.0,
0.0,
0.0,
0.0,
0.0,
0.0,
0.0,
0.0,
0.0,
0.0,
0.0,
0.0,
0.0,
0.0,
0.0,
0.0,
0.0,
0.0,
0.0,
0.0,
0.0,
0.0,
0.0,
0.0,
0.0,
0.0,
0.0,
0.0,
0.0,
0.0,
0.0,
0.0,
0.0,
0.0,
0.0,
0.0,
0.0,
0.0,
0.0,
0.0,
0.0,
0.0,
0.0,
0.0,
0.0,
0.0,
0.0,
0.0,
0.0,
0.0,
0.0,
0.0,
0.0,
0.0,
0.0,
0.0,
0.0,
0.0,
0.0,
0.0,
0.0,
0.0,
0.0,
0.0,
0.0,
0.0,
0.0,
0.0,
0.0,
0.0,
0.0,
0.0,
0.0,
0.0,
0.0,
0.0,
0.0,
0.0,
0.0,
0.0,
0.0,
0.0,
0.0,
0.0,
0.0,
0.0,
0.0,
0.0,
0.0,
0.0,
0.0,
0.0,
0.0,
0.0,
0.0,
0.0,
0.0,
0.0,
0.0,
0.0,
0.0,
0.0,
0.0,
0.0,
0.0,
0.0,
0.0,
0.0,
0.0,
0.0,
0.0,
0.0,
0.0,
0.0,
0.0,
0.0,
0.0,
0.0,
0.0,
0.0,
0.0,
0.0,
0.0,
0.0,
0.0,
0.0,
0.0,
0.0,
0.0,
0.0,
0.0,
0.0,
0.0,
0.0,
0.0,
0.0,
0.0,
0.0,
0.0,
0.0,
0.0,
0.0,
0.0,
0.0,
0.0,
0.0,
0.0,
0.0,
0.0,
0.0,
0.0,
0.0,
0.0,
0.0,
0.0,
0.0,
0.0,
0.0,
0.0,
0.0,
0.0,
0.0,
0.0,
0.0,
0.0,
0.0,
0.0,
0.0,
0.0,
0.0,
0.0,
0.0,
0.0,
0.0,
0.0,
0.0,
0.0,
0.0,
0.0,
0.0,
0.0,
0.0,
0.0,
0.0,
0.0,
0.0,
0.0,
0.0,
0.0,
0.0,
0.0,
0.0,
0.0,
0.0,
0.0,
0.0,
0.0,
0.0,
0.0,
0.0,
0.0,
0.0,
0.0,
0.0,
0.0,
0.0,
0.0,
0.0,
0.0,
0.0,
0.0,
0.0,
0.0,
0.0,
0.0,
0.0,
0.0,
0.0,
0.0,
0.0,
0.0,
0.0,
0.0,
0.0,
0.0,
0.0,
0.0,
0.0,
0.0,
0.0,
0.0,
0.0,
0.0,
0.0,
0.0,
0.0,
0.0,
0.0,
0.0,
0.0,
0.0,
0.0,
0.0,
0.0,
0.0,
0.0,
0.0,
0.0,
0.0,
0.0,
0.0,
0.0,
0.0,
0.0,
0.0,
0.0,
0.0,
0.0,
0.0,
0.0,
0.0,
0.0,
0.0,
0.0,
0.0,
0.0,
0.0,
0.0,
0.0,
0.0,
0.0,
0.0,
0.0,
0.0,
0.0,
0.0,
0.0,
0.0,
0.0,
0.0,
0.0,
0.0,
0.0,
0.0,
0.0,
0.0,
0.0,
0.0,
0.0,
0.0,
0.0,
0.0,
0.0,
0.0,
0.0,
0.0,
0.0,
0.0,
0.0,
0.0,
0.0,
0.0,
0.0,
0.0,
0.0,
0.0,
0.0,
0.0,
0.0,
0.0,
0.0,
0.0,
0.0,
0.0,
0.0,
0.0,
0.0,
0.0,
0.0,
0.0,
0.0,
0.0,
0.0,
0.0,
0.0,
0.0,
0.0,
0.0,
0.0,
0.0,
0.0,
0.0,
0.0,
0.0,
0.0,
0.0,
0.0,
0.0,
0.0,
0.0,
0.0,
0.0,
0.0,
0.0,
0.0,
0.0,
0.0,
0.0,
0.0,
0.0,
0.0,
0.0,
0.0,
0.0,
0.0,
0.0,
0.0,
0.0,
0.0,
0.0,
0.0,
0.0,
0.0,
0.0,
0.0,
0.0,
0.0,
0.0,
0.0,
0.0,
0.0,
0.0,
0.0,
0.0,
0.0,
0.0,
0.0,
0.0,
0.0,
0.0,
0.0,
0.0,
0.0,
0.0,
0.0,
0.0,
0.0,
0.0,
0.0,
0.0,
0.0,
0.0,
0.0,
0.0,
0.0,
0.0,
0.0,
0.0,
0.0,
0.0,
0.0,
0.0,
0.0,
0.0,
0.0,
0.0,
0.0,
0.0,
0.0,
0.0,
0.0,
0.0,
0.0,
0.0,
0.0,
0.0,
0.0,
0.0,
0.0,
0.0,
0.0,
0.0,
0.0,
0.0,
0.0,
0.0,
0.0,
0.0,
0.0,
0.0,
0.0,
0.0,
0.0,
0.0,
0.0,
0.0,
0.0,
0.0,
0.0,
0.0,
0.0,
0.0,
0.0,
0.0,
0.0,
0.0,
0.0,
0.0,
0.0,
0.0,
0.0,
0.0,
0.0,
0.0,
0.0,
0.0,
0.0,
0.0,
0.0,
0.0,
0.0,
0.0,
0.0,
0.0,
0.0,
0.0,
0.0,
0.0,
0.0,
0.0,
0.0,
0.0,
0.0,
0.0,
0.0,
0.0,
0.0,
0.0,
0.0,
0.0,
0.0,
0.0,
0.0,
0.0,
0.0,
0.0,
0.0,
0.0,
0.0,
0.0,
0.0,
0.0,
0.0,
0.0,
0.0,
0.0,
0.0,
0.0,
0.0,
0.0,
0.0,
0.0,
0.0,
0.0,
0.0,
0.0,
0.0,
0.0,
0.0,
0.0,
0.0,
0.0,
0.0,
0.0,
0.0,
0.0,
0.0,
0.0,
0.0,
0.0,
0.0,
0.0,
0.0,
0.0,
0.0,
0.0,
0.0,
0.0,
0.0,
0.0,
0.0,
0.0,
0.0,
0.0,
0.0,
0.0,
0.0,
0.0,
0.0,
0.0,
0.0,
0.0,
0.0,
0.0,
0.0,
0.0,
0.0,
0.0,
0.0,
0.0,
0.0,
0.0,
0.0,
0.0,
0.0,
0.0,
0.0,
0.0,
0.0,
0.0,
0.0,
0.0,
0.0,
0.0,
0.0,
0.0,
0.0,
0.0,
0.0,
0.0,
0.0,
0.0,
0.0,
0.0,
0.0,
0.0,
0.0,
0.0,
0.0,
0.0,
0.0,
0.0,
0.0,
0.0,
0.0,
0.0,
0.0,
0.0,
0.0,
0.0,
0.0,
0.0,
0.0,
0.0,
0.0,
0.0,
0.0,
0.0,
0.0,
0.0,
0.0,
0.0,
0.0,
0.0,
0.0,
0.0,
0.0,
0.0,
0.0,
0.0,
0.0,
0.0,
0.0,
0.0,
0.0,
0.0,
0.0,
0.0,
0.0,
0.0,
0.0,
0.0,
0.0,
0.0,
0.0,
0.0,
0.0,
0.0,
0.0,
0.0,
0.0,
0.0,
0.0,
0.0,
0.0,
0.0,
0.0,
0.0,
0.0,
0.0,
0.0,
0.0,
0.0,
0.0,
0.0,
0.0,
0.0,
0.0,
0.0,
0.0,
0.0,
0.0,
0.0,
0.0,
0.0,
0.0,
0.0,
0.0,
0.0,
0.0,
0.0,
0.0,
0.0,
0.0,
0.0,
0.0,
0.0,
0.0,
0.0,
0.0,
0.0,
0.0,
0.0,
0.0,
0.0,
0.0,
0.0,
0.0,
0.0,
0.0,
0.0,
0.0,
0.0,
0.0,
0.0,
0.0,
0.0,
0.0,
0.0,
0.0,
0.0,
0.0,
0.0,
0.0,
0.0,
0.0,
0.0,
0.0,
0.0,
0.0,
0.0,
0.0,
0.0,
0.0,
0.0,
0.0,
0.0,
0.0,
0.0,
0.0,
0.0,
0.0,
0.0,
0.0,
0.0,
0.0,
0.0,
0.0,
0.0,
0.0,
0.0,
0.0,
0.0,
0.0,
0.0,
0.0,
0.0,
0.0,
0.0,
0.0,
0.0,
0.0,
0.0,
0.0,
0.0,
0.0,
0.0,
0.0,
0.0,
0.0,
0.0,
0.0,
0.0,
0.0,
0.0,
0.0,
0.0,
0.0,
0.0,
0.0,
0.0,
0.0,
0.0,
0.0,
0.0,
0.0,
0.0,
0.0,
0.0,
0.0,
0.0,
0.0,
0.0,
0.0,
0.0,
0.0,
0.0,
0.0,
0.0,
0.0,
0.0,
0.0,
0.0,
0.0,
0.0,
0.0,
0.0,
0.0,
0.0,
0.0,
0.0,
0.0,
0.0,
0.0,
0.0,
0.0,
0.0,
0.0,
0.0,
0.0,
0.0,
0.0,
0.0,
0.0,
0.0,
0.0,
0.0,
0.0,
0.0,
0.0,
0.0,
0.0,
0.0,
0.0,
0.0,
0.0,
0.0,
0.0,
0.0,
0.0,
0.0,
0.0,
0.0,
0.0,
0.0,
0.0,
0.0,
0.0,
0.0,
0.0,
0.0,
0.0,
0.0,
0.0,
0.0,
0.0,
0.0,
0.0,
0.0,
0.0,
0.0,
0.0,
0.0,
0.0,
0.0,
0.0,
0.0,
0.0,
0.0,
0.0,
0.0,
0.0,
0.0,
0.0,
0.0,
0.0,
0.0,
0.0,
0.0,
0.0,
0.0,
0.0,
0.0,
0.0,
0.0,
0.0,
0.0,
0.0,
0.0,
0.0,
0.0,
0.0,
0.0,
0.0,
0.0,
0.0,
0.0,
0.0,
0.0,
0.0,
0.0,
0.0,
0.0,
0.0,
0.0,
0.0,
0.0,
0.0,
0.0,
0.0,
0.0,
0.0,
0.0,
0.0,
0.0,
0.0,
0.0,
0.0,
0.0,
0.0,
0.0,
0.0,
0.0,
0.0,
0.0,
0.0,
0.0,
0.0,
0.0,
0.0,
0.0,
0.0,
0.0,
0.0,
0.0,
0.0,
0.0,
0.0,
0.0,
0.0,
0.0,
0.0,
0.0,
0.0,
0.0,
0.0,
0.0,
0.0,
0.0,
0.0,
0.0,
0.0,
0.0,
0.0,
0.0,
0.0,
0.0,
0.0,
0.0,
0.0,
0.0,
0.0,
0.0,
0.0,
0.0,
0.0,
0.0,
0.0,
0.0,
0.0,
0.0,
0.0,
0.0,
0.0,
0.0,
0.0,
0.0,
0.0,
0.0,
0.0,
0.0,
0.0,
0.0,
0.0,
0.0,
0.0,
0.0,
0.0,
0.0,
0.0,
0.0,
0.0,
0.0,
0.0,
0.0,
0.0,
0.0,
0.0,
0.0,
0.0,
0.0,
0.0,
0.0,
0.0,
0.0,
0.0,
0.0,
0.0,
0.0,
0.0,
0.0,
0.0,
0.0,
0.0,
0.0,
0.0,
0.0,
0.0,
0.0,
0.0,
0.0,
0.0,
0.0,
0.0,
0.0,
0.0,
0.0,
0.0,
0.0,
0.0,
0.0,
0.0,
0.0,
0.0,
0.0,
0.0,
0.0,
0.0,
0.0,
0.0,
0.0,
0.0,
0.0,
0.0,
0.0,
0.0,
0.0,
0.0,
0.0,
0.0,
0.0,
0.0,
0.0,
0.0,
0.0,
0.0,
0.0,
0.0,
0.0,
0.0,
0.0,
0.0,
0.0,
0.0,
0.0,
0.0,
0.0,
0.0,
0.0,
0.0,
0.0,
0.0,
0.0,
0.0,
0.0,
0.0,
0.0,
0.0,
0.0,
0.0,
0.0,
0.0,
0.0,
0.0,
0.0,
0.0,
0.0,
0.0,
0.0,
0.0,
0.0,
0.0,
0.0,
0.0,
0.0,
0.0,
0.0,
0.0,
0.0,
0.0,
0.0,
0.0,
0.0,
0.0,
0.0,
0.0,
0.0,
0.0,
0.0,
0.0,
0.0,
0.0,
0.0,
0.0,
0.0,
0.0,
0.0,
0.0,
0.0,
0.0,
0.0,
0.0,
0.0,
0.0,
0.0,
0.0,
0.0,
0.0,
0.0,
0.0,
0.0,
0.0,
0.0,
0.0,
0.0,
0.0,
0.0,
0.0,
0.0,
0.0,
0.0,
0.0,
0.0,
0.0,
0.0,
0.0,
0.0,
0.0,
0.0,
0.0,
0.0,
0.0,
0.0,
0.0,
0.0,
0.0,
0.0,
0.0,
0.0,
0.0,
0.0,
0.0,
0.0,
0.0,
0.0,
0.0,
0.0,
0.0,
0.0,
0.0,
0.0,
0.0,
0.0,
0.0,
0.0,
0.0,
0.0,
0.0,
0.0,
0.0,
0.0,
0.0,
0.0,
0.0,
0.0,
0.0,
0.0,
0.0,
0.0,
0.0,
0.0,
0.0,
0.0,
0.0,
0.0,
0.0,
0.0,
0.0,
0.0,
0.0,
0.0,
0.0,
0.0,
0.0,
0.0,
0.0,
0.0,
0.0,
0.0,
0.0,
0.0,
0.0,
0.0,
0.0,
0.0,
0.0,
0.0,
0.0,
0.0,
0.0,
0.0,
0.0,
0.0,
0.0,
0.0,
0.0,
0.0,
0.0,
0.0,
0.0,
0.0,
0.0,
0.0,
0.0,
0.0,
0.0,
0.0,
0.0,
0.0,
0.0,
0.0,
0.0,
0.0,
0.0,
0.0,
0.0,
0.0,
0.0,
0.0,
0.0,
0.0,
0.0,
0.0,
0.0,
0.0,
0.0,
0.0,
0.0,
0.0,
0.0,
0.0,
0.0,
0.0,
0.0,
0.0,
0.0,
0.0,
0.0,
0.0,
0.0,
0.0,
0.0,
0.0,
0.0,
0.0,
0.0,
0.0,
0.0,
0.0,
0.0,
0.0,
0.0,
0.0,
0.0,
0.0,
0.0,
0.0,
0.0,
0.0,
0.0,
0.0,
0.0,
0.0,
0.0,
0.0,
0.0,
0.0,
0.0,
0.0,
0.0,
0.0,
0.0,
0.0,
0.0,
0.0,
0.0,
0.0,
0.0,
0.0,
0.0,
0.0,
0.0,
0.0,
0.0,
0.0,
0.0,
0.0,
0.0,
0.0,
0.0,
0.0,
0.0,
0.0,
0.0,
0.0,
0.0,
0.0,
0.0,
0.0,
0.0,
0.0,
0.0,
0.0,
0.0,
0.0,
0.0,
0.0,
0.0,
0.0,
0.0,
0.0,
0.0,
0.0,
0.0,
0.0,
0.0,
0.0,
0.0,
0.0,
0.0,
0.0,
0.0,
0.0,
0.0,
0.0,
0.0,
0.0,
0.0,
0.0,
0.0,
0.0,
0.0,
0.0,
0.0,
0.0,
0.0,
0.0,
0.0,
0.0,
0.0,
0.0,
0.0,
0.0,
0.0,
0.0,
0.0,
0.0,
0.0,
0.0,
0.0,
0.0,
0.0,
0.0,
0.0,
0.0,
0.0,
0.0,
0.0,
0.0,
0.0,
0.0,
0.0,
0.0,
0.0,
0.0,
0.0,
0.0,
0.0,
0.0,
0.0,
0.0,
0.0,
0.0,
0.0,
0.0,
0.0,
0.0,
0.0,
0.0,
0.0,
0.0,
0.0,
0.0,
0.0,
0.0,
0.0,
0.0,
0.0,
0.0,
0.0,
0.0,
0.0,
0.0,
0.0,
0.0,
0.0,
0.0,
0.0,
0.0,
0.0,
0.0,
0.0,
0.0,
0.0,
0.0,
0.0,
0.0,
0.0,
0.0,
0.0,
0.0,
0.0,
0.0,
0.0,
0.0,
0.0,
0.0,
0.0,
0.0,
0.0,
0.0,
0.0,
0.0,
0.0,
0.0,
0.0,
0.0,
0.0,
0.0,
0.0,
0.0,
0.0,
0.0,
0.0,
0.0,
0.0,
0.0,
0.0,
0.0,
0.0,
0.0,
0.0,
0.0,
0.0,
0.0,
0.0,
0.0,
0.0,
0.0,
0.0,
0.0,
0.0,
0.0,
0.0,
0.0,
0.0,
0.0,
0.0,
0.0,
0.0,
0.0,
0.0,
0.0,
0.0,
0.0,
0.0,
0.0,
0.0,
0.0,
0.0,
0.0,
0.0,
0.0,
0.0,
0.0,
0.0,
0.0,
0.0,
0.0,
0.0,
0.0,
0.0,
0.0,
0.0,
0.0,
0.0,
0.0,
0.0,
0.0,
0.0,
0.0,
0.0,
0.0,
0.0,
0.0,
0.0,
0.0,
0.0,
0.0,
0.0,
0.0,
0.0,
0.0,
0.0,
0.0,
0.0,
0.0,
0.0,
0.0,
0.0,
0.0,
0.0,
0.0,
0.0,
0.0,
0.0,
0.0,
0.0,
0.0,
0.0,
0.0,
0.0,
0.0,
0.0,
0.0,
0.0,
0.0,
0.0,
0.0,
0.0,
0.0,
