1.0499999523162842,
1.0784167051315308,
1.079012393951416,
1.0797466039657593,
1.0804269313812256,
1.0807526111602783,
1.0811697244644165,
1.0815622806549072,
1.0817327499389648,
1.0819536447525024,
1.0819838047027588,
1.0816935300827026,
1.078018069267273,
1.0806552171707153,
1.0814337730407715,
1.0818815231323242,
1.082128643989563,
1.0823986530303955,
1.0825364589691162,
1.0827250480651855,
1.0828415155410767,
1.0828852653503418,
1.083072304725647,
1.0831127166748047,
1.083249568939209,
1.0832996368408203,
1.0833452939987183,
1.0832411050796509,
1.0832630395889282,
1.0832843780517578,
1.0832879543304443,
1.0833356380462646,
1.083311915397644,
1.083322525024414,
1.0833349227905273,
1.083337426185608,
1.0833442211151123,
1.0833345651626587,
1.0833015441894531,
1.0833584070205688,
1.0833357572555542,
1.0833888053894043,
1.0834167003631592,
1.0833905935287476,
1.083414912223816,
1.0834453105926514,
1.0834784507751465,
1.0835291147232056,
1.0835597515106201,
1.0835331678390503,
1.0835305452346802,
1.083588719367981,
1.0834605693817139,
1.0835425853729248,
1.0835317373275757,
1.083464503288269,
1.0833817720413208,
1.0832911729812622,
1.0833309888839722,
1.083349585533142,
1.0832569599151611,
1.0832406282424927,
1.0831984281539917,
1.0833696126937866,
1.0838303565979004,
1.0840784311294556,
1.0843061208724976,
1.084316611289978,
1.084207534790039,
1.0833029747009277,
1.0832493305206299,
1.0832751989364624,
1.0832710266113281,
1.0833256244659424,
1.0832961797714233,
1.083312749862671,
1.0832608938217163,
1.0832520723342896,
1.0832195281982422,
1.0831862688064575,
1.0831204652786255,
1.0831578969955444,
1.0831574201583862,
1.0830744504928589,
1.0830382108688354,
1.0829724073410034,
1.0829564332962036,
1.0829644203186035,
1.0829802751541138,
1.0828977823257446,
1.0828747749328613,
1.082842230796814,
1.082798719406128,
1.0828014612197876,
1.0827542543411255,
1.082726240158081,
1.0826914310455322,
1.082610845565796,
1.0826308727264404,
1.0826456546783447,
1.0825965404510498,
1.0825392007827759,
1.0825598239898682,
1.0825659036636353,
1.0825836658477783,
1.082515835762024,
1.0825765132904053,
1.082575798034668,
1.0824921131134033,
1.0824602842330933,
1.0824271440505981,
1.0824378728866577,
1.0823657512664795,
1.0823519229888916,
1.0823264122009277,
1.0823050737380981,
1.0822744369506836,
1.082204818725586,
1.0821523666381836,
1.0821369886398315,
1.0820730924606323,
1.0820283889770508,
1.0820977687835693,
1.0820767879486084,
1.0820893049240112,
1.0820695161819458,
1.082013726234436,
1.0819659233093262,
1.0819482803344727,
1.0819501876831055,
1.0819607973098755,
1.0819523334503174,
1.0820106267929077,
1.0819300413131714,
1.0819813013076782,
1.0820066928863525,
1.0818508863449097,
1.0818424224853516,
1.0817729234695435,
1.0817570686340332,
1.0817630290985107,
1.0816887617111206,
1.0816289186477661,
1.081608533859253,
1.0815825462341309,
1.081506609916687,
1.0814306735992432,
1.081430196762085,
1.0813593864440918,
1.081377387046814,
1.0813498497009277,
1.0813511610031128,
1.0813376903533936,
1.0813164710998535,
1.0812385082244873,
1.0811389684677124,
1.0810821056365967,
1.0811350345611572,
1.0811622142791748,
1.0810387134552002,
1.080992341041565,
1.080986499786377,
1.0809783935546875,
1.0810059309005737,
1.0810120105743408,
1.0809634923934937,
1.0809438228607178,
1.0809239149093628,
1.0808348655700684,
1.0808303356170654,
1.0807827711105347,
1.0807040929794312,
1.0806845426559448,
1.0805943012237549,
1.0805851221084595,
1.0806870460510254,
1.0808343887329102,
1.0807801485061646,
1.0807380676269531,
1.0805593729019165,
1.0803526639938354,
1.0804109573364258,
1.0803509950637817,
1.0805072784423828,
1.0806158781051636,
1.080678105354309,
1.080674409866333,
1.0806857347488403,
1.0805174112319946,
1.080512523651123,
1.0802116394042969,
1.0801137685775757,
1.0801117420196533,
1.080074667930603,
1.0800472497940063,
1.0799810886383057,
1.0799477100372314,
1.0798933506011963,
1.079871654510498,
1.0797877311706543,
1.0797055959701538,
1.0797600746154785,
1.0797803401947021,
1.0799829959869385,
1.0800180435180664,
1.0799707174301147,
1.0797812938690186,
1.079576849937439,
1.079526424407959,
1.079471230506897,
1.0797629356384277,
1.079890489578247,
1.0799989700317383,
1.080039143562317,
1.0799989700317383,
1.080013394355774,
1.0798406600952148,
1.0796321630477905,
1.0792447328567505,
1.0791401863098145,
1.0790743827819824,
1.0790163278579712,
1.0789847373962402,
1.0789446830749512,
1.0788588523864746,
1.0788004398345947,
1.0787925720214844,
1.078800916671753,
1.0788302421569824,
1.07888925075531,
1.078955888748169,
1.0791374444961548,
1.0790637731552124,
1.0788134336471558,
1.0786197185516357,
1.0786398649215698,
1.078453779220581,
1.0785259008407593,
1.078701376914978,
1.0787405967712402,
1.0787436962127686,
1.0787564516067505,
1.0787557363510132,
1.0786486864089966,
1.07854425907135,
1.0782760381698608,
1.078258752822876,
1.0782394409179688,
1.0781784057617188,
1.0781346559524536,
1.0780789852142334,
1.0779975652694702,
1.077986240386963,
1.0779645442962646,
1.0779261589050293,
1.0779216289520264,
1.0779175758361816,
1.0779777765274048,
1.078099012374878,
1.078134536743164,
1.0779778957366943,
1.0777744054794312,
1.0776870250701904,
1.0775800943374634,
1.0775855779647827,
1.0776726007461548,
1.0778223276138306,
1.077882170677185,
1.0778759717941284,
1.0778474807739258,
1.0777819156646729,
1.0777381658554077,
1.0774638652801514,
1.0772534608840942,
1.077237606048584,
1.077168345451355,
1.0770902633666992,
1.0771534442901611,
1.0770375728607178,
1.0769799947738647,
1.0769494771957397,
1.0768824815750122,
1.0768457651138306,
1.0767709016799927,
1.0768080949783325,
1.0768659114837646,
1.0769444704055786,
1.0768444538116455,
1.0766385793685913,
1.0766984224319458,
1.076657772064209,
1.0765490531921387,
1.0765622854232788,
1.076694369316101,
1.0768160820007324,
1.0768579244613647,
1.0768988132476807,
1.0769046545028687,
1.0769085884094238,
1.0767654180526733,
1.076439380645752,
1.0762745141983032,
1.0762137174606323,
1.0761264562606812,
1.0761516094207764,
1.07608962059021,
1.0760374069213867,
1.0759625434875488,
1.0759108066558838,
1.0758980512619019,
1.0758756399154663,
1.0758329629898071,
1.0758174657821655,
1.0757932662963867,
1.0756895542144775,
1.0756714344024658,
1.0756275653839111,
1.075575351715088,
1.0755072832107544,
1.0755367279052734,
1.0755747556686401,
1.0755987167358398,
1.0756393671035767,
1.075646162033081,
1.0756033658981323,
1.075560212135315,
1.0755683183670044,
1.0753002166748047,
1.0752501487731934,
1.0752133131027222,
1.0751056671142578,
1.075114369392395,
1.0750211477279663,
1.0750418901443481,
1.0750117301940918,
1.0749475955963135,
1.0748761892318726,
1.0748275518417358,
1.0747952461242676,
1.0755164623260498,
1.0759669542312622,
1.0761346817016602,
1.0761057138442993,
1.0760116577148438,
1.0759246349334717,
1.0759522914886475,
1.0759936571121216,
1.076282262802124,
1.076491117477417,
1.0766493082046509,
1.0767436027526855,
1.076850175857544,
1.0768239498138428,
1.0768215656280518,
1.07655930519104,
1.0762383937835693,
1.0759445428848267,
1.0755397081375122,
1.0755398273468018,
1.0755044221878052,
1.07539963722229,
1.0753977298736572,
1.0753206014633179,
1.0752782821655273,
1.075269341468811,
1.0752100944519043,
1.075150489807129,
1.0751848220825195,
1.0752358436584473,
1.075175166130066,
1.0750412940979004,
1.074949860572815,
1.0748368501663208,
1.0748032331466675,
1.0748106241226196,
1.075095772743225,
1.0752475261688232,
1.0753377676010132,
1.075353980064392,
1.0753651857376099,
1.0753966569900513,
1.0753833055496216,
1.0750715732574463,
1.0748008489608765,
1.07461416721344,
1.0744379758834839,
1.0743681192398071,
1.0742844343185425,
1.0742192268371582,
1.074195146560669,
1.0741511583328247,
1.0741453170776367,
1.0740913152694702,
1.0741004943847656,
1.0740669965744019,
1.0735841989517212,
1.074044942855835,
1.0739985704421997,
1.073844075202942,
1.0737544298171997,
1.0736634731292725,
1.073709487915039,
1.07394278049469,
1.07405686378479,
1.0741775035858154,
1.0742231607437134,
1.0742508172988892,
1.0742522478103638,
1.0742437839508057,
1.0740196704864502,
1.0736995935440063,
1.073490023612976,
1.073346734046936,
1.0732382535934448,
1.0731494426727295,
1.073076844215393,
1.0730172395706177,
1.0729807615280151,
1.0729420185089111,
1.0726943016052246,
1.0729519128799438,
1.0729981660842896,
1.0730806589126587,
1.0731309652328491,
1.0730109214782715,
1.072884440422058,
1.072718858718872,
1.072591781616211,
1.0725793838500977,
1.0727533102035522,
1.072945475578308,
1.0728793144226074,
1.0730587244033813,
1.073067307472229,
1.0730152130126953,
1.0730091333389282,
1.072832703590393,
1.072553277015686,
1.0722945928573608,
1.0721263885498047,
1.071975588798523,
1.0719177722930908,
1.0718591213226318,
1.0718097686767578,
1.071710228919983,
1.0717524290084839,
1.0716655254364014,
1.0716718435287476,
1.0716683864593506,
1.0717133283615112,
1.071846604347229,
1.07170569896698,
1.071614384651184,
1.0714514255523682,
1.0713860988616943,
1.0713328123092651,
1.07136070728302,
1.071520447731018,
1.0716007947921753,
1.0716192722320557,
1.0716127157211304,
1.0715972185134888,
1.0716191530227661,
1.0716067552566528,
1.0714111328125,
1.071178913116455,
1.071031928062439,
1.070900559425354,
1.0707844495773315,
1.0707460641860962,
1.0706905126571655,
1.0706361532211304,
1.0705448389053345,
1.0705143213272095,
1.070454716682434,
1.0703946352005005,
1.0702892541885376,
1.0702745914459229,
1.07020902633667,
1.0701617002487183,
1.070083498954773,
1.070021629333496,
1.0699313879013062,
1.070064663887024,
1.0702617168426514,
1.0705012083053589,
1.070622444152832,
1.0707213878631592,
1.0708204507827759,
1.0708030462265015,
1.0707883834838867,
1.0704532861709595,
1.0702871084213257,
1.0698037147521973,
1.069800853729248,
1.0696797370910645,
1.0695774555206299,
1.0695098638534546,
1.0679490566253662,
1.0680978298187256,
1.0654995441436768,
1.0650746822357178,
1.0672937631607056,
1.0685173273086548,
1.0677154064178467,
1.0676181316375732,
1.0676463842391968,
1.0675675868988037,
1.0675482749938965,
1.0674704313278198,
1.0673753023147583,
1.0674340724945068,
1.0674386024475098,
1.0675690174102783,
1.0676547288894653,
1.0675104856491089,
1.067676067352295,
1.0676968097686768,
1.067018985748291,
1.0674560070037842,
1.067165732383728,
1.0669559240341187,
1.0667413473129272,
1.0667585134506226,
1.066723346710205,
1.066667914390564,
1.0666425228118896,
1.0665651559829712,
1.0665432214736938,
1.0665255784988403,
1.066516637802124,
1.066497802734375,
1.0664907693862915,
1.066485047340393,
1.066322922706604,
1.066386103630066,
1.0663765668869019,
1.0662956237792969,
1.0661900043487549,
1.0662544965744019,
1.0663468837738037,
1.0663750171661377,
1.0663913488388062,
1.0664018392562866,
1.066327452659607,
1.0662479400634766,
1.0662034749984741,
1.0658942461013794,
1.065807819366455,
1.0656952857971191,
1.0656304359436035,
1.065569519996643,
1.065506935119629,
1.065456509590149,
1.0654515027999878,
1.0653789043426514,
1.0653297901153564,
1.0653022527694702,
1.0652683973312378,
1.0652259588241577,
1.0652939081192017,
1.0652015209197998,
1.0650802850723267,
1.065055012702942,
1.0650445222854614,
1.0649771690368652,
1.0649263858795166,
1.0651203393936157,
1.065278172492981,
1.0653330087661743,
1.0653306245803833,
1.065359115600586,
1.0653777122497559,
1.0653518438339233,
1.0651415586471558,
1.0642485618591309,
1.0645198822021484,
1.0644361972808838,
1.064422845840454,
1.0643877983093262,
1.0644044876098633,
1.064305067062378,
1.0642454624176025,
1.0641531944274902,
1.0641400814056396,
1.0640981197357178,
1.0640223026275635,
1.063941240310669,
1.0634881258010864,
1.0638960599899292,
1.063765525817871,
1.0638601779937744,
1.0638784170150757,
1.0637296438217163,
1.063785433769226,
1.063927412033081,
1.0640114545822144,
1.0640517473220825,
1.064009666442871,
1.0639476776123047,
1.0638937950134277,
1.0638468265533447,
1.063489556312561,
1.063369870185852,
1.0633625984191895,
1.0631645917892456,
1.0632293224334717,
1.0632482767105103,
1.0625462532043457,
1.0630463361740112,
1.063057541847229,
1.0630122423171997,
1.0629552602767944,
1.0627362728118896,
1.0628283023834229,
1.0627942085266113,
1.0626965761184692,
1.0627098083496094,
1.0627291202545166,
1.0626963376998901,
1.062649130821228,
1.062525749206543,
1.0624889135360718,
1.0624408721923828,
1.0624946355819702,
1.0624233484268188,
1.0623778104782104,
1.0622433423995972,
1.0622326135635376,
1.0622398853302002,
1.0621827840805054,
1.0621732473373413,
1.0621216297149658,
1.0620670318603516,
1.0619562864303589,
1.0614873170852661,
1.061854362487793,
1.0618257522583008,
1.061853051185608,
1.0617300271987915,
1.0616834163665771,
1.0616755485534668,
1.0616121292114258,
1.0616672039031982,
1.0615390539169312,
1.0615644454956055,
1.0614981651306152,
1.061477780342102,
1.0614252090454102,
1.061264991760254,
1.0612518787384033,
1.0613601207733154,
1.0613566637039185,
1.0611943006515503,
1.0612398386001587,
1.0611250400543213,
1.060914397239685,
1.060996651649475,
1.0606120824813843,
1.0609134435653687,
1.060888648033142,
1.0608899593353271,
1.0608302354812622,
1.0606545209884644,
1.0607022047042847,
1.0597803592681885,
1.0603498220443726,
1.060074806213379,
1.0604445934295654,
1.0604605674743652,
1.0601426362991333,
1.0596294403076172,
1.0600358247756958,
1.0598070621490479,
1.0602320432662964,
1.060233235359192,
1.0599831342697144,
1.0599679946899414,
1.0595638751983643,
1.0597952604293823,
1.0599946975708008,
1.059967279434204,
1.0596985816955566,
1.0595364570617676,
1.0597655773162842,
1.0597760677337646,
1.0597530603408813,
1.0593918561935425,
1.059643268585205,
1.0596554279327393,
1.0596156120300293,
1.0595592260360718,
1.0595338344573975,
1.0594513416290283,
1.059350609779358,
1.0587433576583862,
1.0592560768127441,
1.0592193603515625,
1.0592435598373413,
1.0591280460357666,
1.0591857433319092,
1.0584911108016968,
1.0590301752090454,
1.0590161085128784,
1.058666706085205,
1.0587520599365234,
1.0586520433425903,
1.0582209825515747,
1.0585546493530273,
1.058799386024475,
1.0584875345230103,
1.0586315393447876,
1.0587403774261475,
1.0585826635360718,
1.0582952499389648,
1.0582945346832275,
1.0584690570831299,
1.0584160089492798,
1.0583710670471191,
1.058173418045044,
1.0586861371994019,
1.058529257774353,
1.0586806535720825,
1.0583631992340088,
1.058768391609192,
1.058551549911499,
1.0578416585922241,
1.0587828159332275,
1.0586094856262207,
1.0587353706359863,
1.0582808256149292,
1.058118224143982,
1.058518886566162,
1.0585919618606567,
1.0588089227676392,
1.058619499206543,
1.0591535568237305,
1.0593907833099365,
1.0590780973434448,
1.059102177619934,
1.0592900514602661,
1.0583505630493164,
1.0582938194274902,
1.0583314895629883,
1.0578845739364624,
1.0574311017990112,
1.0577921867370605,
1.0577198266983032,
1.057677149772644,
1.0576212406158447,
1.0574532747268677,
1.0573959350585938,
1.0570610761642456,
1.0569987297058105,
1.0571858882904053,
1.0568349361419678,
1.0570310354232788,
1.057023048400879,
1.0568287372589111,
1.057170033454895,
1.056625485420227,
1.0573054552078247,
1.0575063228607178,
1.0574252605438232,
1.0574480295181274,
1.0572290420532227,
1.0569169521331787,
1.0574101209640503,
1.0571033954620361,
1.057209849357605,
1.056531310081482,
1.056560754776001,
1.0566023588180542,
1.0562564134597778,
1.0561946630477905,
1.0563194751739502,
1.0562751293182373,
1.0558911561965942,
1.056178092956543,
1.056210994720459,
1.0560517311096191,
1.0558773279190063,
1.0554897785186768,
1.0554426908493042,
1.055787205696106,
1.0554906129837036,
1.0557163953781128,
1.0556260347366333,
1.0557094812393188,
1.0558967590332031,
1.0557620525360107,
1.055933952331543,
1.055725336074829,
1.055678367614746,
1.0559731721878052,
1.056111216545105,
1.0560258626937866,
1.0556485652923584,
1.0554534196853638,
1.0553640127182007,
1.0552119016647339,
1.055079460144043,
1.0549025535583496,
1.0545517206192017,
1.0542534589767456,
1.0548789501190186,
1.0547016859054565,
1.0545908212661743,
1.0544489622116089,
1.0543923377990723,
1.054068922996521,
1.0540499687194824,
1.0541330575942993,
1.0542128086090088,
1.0543614625930786,
1.0538406372070312,
1.0537638664245605,
1.0543837547302246,
1.0540367364883423,
1.0540910959243774,
1.054184079170227,
1.0543212890625,
1.0542253255844116,
1.054260492324829,
1.0541523694992065,
1.0542852878570557,
1.0538777112960815,
1.0532909631729126,
1.0535725355148315,
1.053620457649231,
1.0535850524902344,
1.053200602531433,
1.0523771047592163,
1.053186058998108,
1.0532100200653076,
1.0531195402145386,
1.0531288385391235,
1.053031325340271,
1.0526014566421509,
1.0526032447814941,
1.0525965690612793,
1.0529260635375977,
1.0528309345245361,
1.0525128841400146,
1.0528327226638794,
1.052503228187561,
1.0530897378921509,
1.0528934001922607,
1.0526546239852905,
1.0524998903274536,
1.0519620180130005,
1.0525197982788086,
1.052452802658081,
1.052512288093567,
1.0523213148117065,
1.052284836769104,
1.0517703294754028,
1.0509393215179443,
1.0517020225524902,
1.0516762733459473,
1.0518959760665894,
1.0518269538879395,
1.051268219947815,
1.0514726638793945,
1.0512747764587402,
1.0514103174209595,
1.0514881610870361,
1.0511304140090942,
1.050777554512024,
1.0510133504867554,
1.0514733791351318,
1.05100417137146,
1.0514676570892334,
1.0509909391403198,
1.0518957376480103,
1.0518314838409424,
1.0516382455825806,
1.0516942739486694,
1.0513761043548584,
1.0336970090866089,
1.0477648973464966,
1.050542950630188,
1.0508357286453247,
1.0509202480316162,
1.0514466762542725,
1.0511054992675781,
1.0510331392288208,
1.0513285398483276,
1.050826907157898,
1.0512994527816772,
1.0512025356292725,
1.0509666204452515,
1.0511232614517212,
1.0509337186813354,
1.0502948760986328,
1.050540804862976,
1.0508326292037964,
1.0507316589355469,
1.0508555173873901,
1.051276683807373,
1.051154375076294,
1.0510179996490479,
1.0511373281478882,
1.0508214235305786,
1.0504096746444702,
1.0504944324493408,
1.0501140356063843,
1.0498790740966797,
1.050361156463623,
1.049870252609253,
1.049824833869934,
1.0500564575195312,
1.0501397848129272,
1.0501081943511963,
1.050081729888916,
1.0496127605438232,
1.049446940422058,
1.049931526184082,
1.0496582984924316,
1.0492639541625977,
1.049310326576233,
1.0495878458023071,
1.0491117238998413,
1.049298882484436,
1.0491591691970825,
1.0497220754623413,
1.0499216318130493,
1.049583911895752,
1.0495911836624146,
1.0500080585479736,
1.0502588748931885,
1.0497889518737793,
1.0495973825454712,
1.049524188041687,
1.0489740371704102,
1.0488656759262085,
1.0490303039550781,
1.0484012365341187,
1.0487762689590454,
1.0488440990447998,
1.048809289932251,
1.0482597351074219,
1.0485066175460815,
1.0481213331222534,
1.047697901725769,
1.0461093187332153,
1.0459052324295044,
1.047566533088684,
1.045691967010498,
1.0457509756088257,
1.0478525161743164,
1.0456938743591309,
1.0456080436706543,
1.0466727018356323,
1.0467315912246704,
1.0459139347076416,
1.0460675954818726,
1.0465701818466187,
1.0458424091339111,
1.045923113822937,
1.0469566583633423,
1.0454813241958618,
1.0445400476455688,
1.04547119140625,
1.045184850692749,
1.044417381286621,
1.0443356037139893,
1.0454533100128174,
1.0442227125167847,
1.0439646244049072,
1.0444529056549072,
1.0440818071365356,
1.0434646606445312,
1.0430500507354736,
1.043723225593567,
1.0441949367523193,
1.044316291809082,
1.0451425313949585,
1.0441274642944336,
1.0447863340377808,
1.0449336767196655,
1.044189691543579,
1.044504165649414,
1.0439884662628174,
1.044209599494934,
1.0435333251953125,
1.0435258150100708,
1.0443323850631714,
1.0435343980789185,
1.0430155992507935,
1.0439441204071045,
1.043869972229004,
1.0427820682525635,
1.0430933237075806,
1.0433149337768555,
1.0422602891921997,
1.0429275035858154,
1.044190764427185,
1.0426498651504517,
1.0422658920288086,
1.0431914329528809,
1.0422677993774414,
1.0418447256088257,
1.0422842502593994,
1.0430577993392944,
1.0420153141021729,
1.0417516231536865,
1.0430917739868164,
1.0424524545669556,
1.042099952697754,
1.0424634218215942,
1.0423660278320312,
1.0417429208755493,
1.0418853759765625,
1.0424727201461792,
1.041380524635315,
1.0412499904632568,
1.0420068502426147,
1.0408639907836914,
1.0403878688812256,
1.0400850772857666,
1.0405877828598022,
1.040645956993103,
1.0410465002059937,
1.0412386655807495,
1.0405032634735107,
1.0417816638946533,
1.0411605834960938,
1.0411487817764282,
1.041097640991211,
1.0411789417266846,
1.0410720109939575,
1.0413269996643066,
1.040508508682251,
1.0405912399291992,
1.04048752784729,
1.0402463674545288,
1.0407570600509644,
1.0401408672332764,
1.040254831314087,
1.040036916732788,
1.0397279262542725,
1.0396559238433838,
1.039646863937378,
1.0396262407302856,
1.039678692817688,
1.0401540994644165,
1.0395065546035767,
1.0394985675811768,
1.0392450094223022,
1.0394554138183594,
1.0394185781478882,
1.0389677286148071,
1.038896918296814,
1.0389951467514038,
1.0388777256011963,
1.0385547876358032,
1.0384702682495117,
1.038318157196045,
1.0387457609176636,
1.038519263267517,
1.0381808280944824,
1.0385535955429077,
1.0380427837371826,
1.0381609201431274,
1.0383433103561401,
1.0380033254623413,
1.0381864309310913,
1.0379362106323242,
1.0373862981796265,
1.03780198097229,
1.0371150970458984,
1.0370885133743286,
1.037685751914978,
1.037389874458313,
1.037054181098938,
1.0368046760559082,
1.0373629331588745,
1.0366642475128174,
1.0369162559509277,
1.0368211269378662,
1.0367549657821655,
1.0364232063293457,
1.036743402481079,
1.0366936922073364,
1.0361473560333252,
1.0361273288726807,
1.035690426826477,
1.035978078842163,
1.036142110824585,
1.0362995862960815,
1.0361806154251099,
1.035369634628296,
1.035665512084961,
1.0351582765579224,
1.035771131515503,
1.0351753234863281,
1.0349984169006348,
1.0349810123443604,
1.035196304321289,
1.0353412628173828,
1.0348243713378906,
1.0349615812301636,
1.034862995147705,
1.0349470376968384,
1.0346007347106934,
1.0343207120895386,
1.03401780128479,
1.0345091819763184,
1.0337835550308228,
1.0345079898834229,
1.0342912673950195,
1.0338177680969238,
1.0335437059402466,
1.0336335897445679,
1.0334031581878662,
1.0337767601013184,
1.033913493156433,
1.0333362817764282,
1.0335018634796143,
1.032914400100708,
1.0329580307006836,
1.033273696899414,
1.032962679862976,
1.0324684381484985,
1.0331183671951294,
1.0326640605926514,
1.0326159000396729,
1.0324615240097046,
1.032331109046936,
1.0319592952728271,
1.0325182676315308,
1.0324530601501465,
1.0316851139068604,
1.031272530555725,
1.032098650932312,
1.031510591506958,
1.0313032865524292,
1.0311942100524902,
1.031625509262085,
1.0315885543823242,
1.031369924545288,
1.0312327146530151,
1.0305536985397339,
1.0312128067016602,
1.0307846069335938,
1.0306260585784912,
1.0310015678405762,
1.0297691822052002,
1.0303959846496582,
1.0300768613815308,
1.0295346975326538,
1.0300809144973755,
1.0299032926559448,
1.0297822952270508,
1.0289626121520996,
1.0298577547073364,
1.0286608934402466,
1.0285656452178955,
1.0290977954864502,
1.0294485092163086,
1.0295296907424927,
1.029294729232788,
1.0291457176208496,
1.028830647468567,
1.0288530588150024,
1.028053641319275,
1.0279256105422974,
1.0283476114273071,
1.027873158454895,
1.0279645919799805,
1.02797269821167,
1.0283857583999634,
1.0276130437850952,
1.0279912948608398,
1.0277116298675537,
1.0278396606445312,
1.0276288986206055,
1.0273975133895874,
1.0275975465774536,
1.0273776054382324,
1.026837944984436,
1.0269808769226074,
1.0267672538757324,
1.0261245965957642,
1.0269160270690918,
1.0260920524597168,
1.0261098146438599,
1.0257704257965088,
1.0253812074661255,
1.0256562232971191,
1.0257253646850586,
1.0261588096618652,
1.0257599353790283,
1.0258386135101318,
1.0248137712478638,
1.025586724281311,
1.0254372358322144,
1.0251890420913696,
1.025001049041748,
1.0245890617370605,
1.024863600730896,
1.0245643854141235,
1.024444580078125,
1.0240087509155273,
1.0243390798568726,
1.0241256952285767,
1.0241012573242188,
1.023776888847351,
1.0241460800170898,
1.023770809173584,
1.0237559080123901,
1.0233335494995117,
1.0234849452972412,
1.0227547883987427,
1.0226761102676392,
1.0231446027755737,
1.0229461193084717,
1.0219110250473022,
1.0225275754928589,
1.0220085382461548,
1.0218652486801147,
1.0216412544250488,
1.0222076177597046,
1.0217108726501465,
1.021959662437439,
1.0074890851974487,
1.0096418857574463,
1.0109126567840576,
1.0113353729248047,
1.0122658014297485,
1.012546181678772,
1.0121588706970215,
1.0130425691604614,
1.0127177238464355,
1.011742115020752,
1.0124011039733887,
1.0124421119689941,
1.0124486684799194,
1.0131406784057617,
1.012974500656128,
1.0129002332687378,
1.0127487182617188,
1.0129133462905884,
1.0124194622039795,
1.0122898817062378,
1.0125031471252441,
1.0126317739486694,
1.0125268697738647,
1.0122934579849243,
1.0120031833648682,
1.0125823020935059,
1.0124560594558716,
1.012363076210022,
1.012178659439087,
1.0122720003128052,
1.0121210813522339,
1.0116488933563232,
1.0117312669754028,
1.0120749473571777,
1.0116958618164062,
1.0115693807601929,
1.0114458799362183,
1.0122370719909668,
1.011574149131775,
1.0119471549987793,
1.0107957124710083,
1.0114151239395142,
1.0113534927368164,
1.0112320184707642,
1.0110328197479248,
1.0111427307128906,
1.0112618207931519,
1.010942816734314,
1.01129150390625,
1.0110331773757935,
1.0107632875442505,
1.0104234218597412,
1.0110353231430054,
1.0110501050949097,
1.0107522010803223,
1.0104693174362183,
1.0102756023406982,
1.0104554891586304,
1.010437250137329,
1.01033353805542,
1.0093748569488525,
1.0096789598464966,
1.009477972984314,
1.0092705488204956,
1.0094578266143799,
1.009795069694519,
1.0095900297164917,
1.0097984075546265,
1.009371280670166,
1.0093400478363037,
1.0094412565231323,
1.0088145732879639,
1.0090553760528564,
1.0092148780822754,
1.008777379989624,
1.0088621377944946,
1.0085006952285767,
1.0089279413223267,
1.0083754062652588,
1.0079073905944824,
1.0084291696548462,
1.0078133344650269,
1.007773756980896,
1.0081737041473389,
1.0081807374954224,
1.0079941749572754,
1.0078097581863403,
1.006752610206604,
1.0073670148849487,
1.0068200826644897,
1.0063228607177734,
1.0060995817184448,
1.0062546730041504,
1.0069953203201294,
1.0064079761505127,
1.0064146518707275,
1.00594961643219,
1.0059846639633179,
1.0059844255447388,
1.005812644958496,
1.0051252841949463,
1.0062026977539062,
1.006003737449646,
1.005508542060852,
1.0050067901611328,
1.0051124095916748,
1.005028486251831,
1.0042418241500854,
1.004442572593689,
1.0047816038131714,
1.0047380924224854,
1.0045472383499146,
1.0046138763427734,
1.0043977499008179,
1.004078984260559,
1.0036258697509766,
1.0040044784545898,
1.0036574602127075,
1.0031105279922485,
1.0029929876327515,
1.0028789043426514,
1.0027282238006592,
1.0022464990615845,
1.0029325485229492,
1.0023612976074219,
1.0024261474609375,
1.0020469427108765,
1.002523422241211,
1.0017356872558594,
1.001508116722107,
1.0015449523925781,
1.001344919204712,
1.00124192237854,
1.0006660223007202,
1.00113046169281,
1.001082420349121,
1.0001308917999268,
1.0003775358200073,
1.0000501871109009,
0.9997522234916687,
0.9998388290405273,
0.9993031024932861,
0.9994874596595764,
0.9989988207817078,
0.9989088773727417,
0.9986575245857239,
0.9983522891998291,
0.9979540109634399,
0.9977419376373291,
0.9977115392684937,
0.9974279999732971,
0.9968274831771851,
0.996960461139679,
0.9966766834259033,
0.9968360066413879,
0.9959250688552856,
0.9951684474945068,
0.9958187937736511,
0.9957329630851746,
0.9947885274887085,
0.9955803155899048,
0.9952852725982666,
0.9944254755973816,
0.9943748116493225,
0.9940718412399292,
0.9937177896499634,
0.9943569302558899,
0.9933903217315674,
0.9934027194976807,
0.9927233457565308,
0.9926667809486389,
0.9923602342605591,
0.9916888475418091,
0.9915100336074829,
0.9914962649345398,
0.9908900856971741,
0.9909235835075378,
0.9904822111129761,
0.990360677242279,
0.9900938868522644,
0.9898404479026794,
0.9892150163650513,
0.9895061254501343,
0.9889935851097107,
0.9884848594665527,
0.988152801990509,
0.9882466197013855,
0.9883928894996643,
0.9876689314842224,
0.9876462817192078,
0.9872555732727051,
0.9865838289260864,
0.9865111112594604,
0.986336886882782,
0.9856269955635071,
0.9856351017951965,
0.9848760366439819,
0.9850016236305237,
0.9841208457946777,
0.9843041300773621,
0.9843567609786987,
0.983593225479126,
0.9833956360816956,
0.983063280582428,
0.982903003692627,
0.9824947118759155,
0.9822867512702942,
0.9819436073303223,
0.9814022779464722,
0.9818156957626343,
0.9814070463180542,
0.9808225631713867,
0.9809302687644958,
0.9799463152885437,
0.9797108769416809,
0.9795278310775757,
0.9795268774032593,
0.9784030318260193,
0.9783969521522522,
0.9780950546264648,
0.9776073694229126,
0.9773149490356445,
0.9776636958122253,
0.9767853021621704,
0.9769050478935242,
0.9763660430908203,
0.9763849973678589,
0.9750909805297852,
0.9753323793411255,
0.9752166867256165,
0.975307285785675,
0.9748609066009521,
0.973870038986206,
0.973870038986206,
0.973606288433075,
0.9731863737106323,
0.9727550148963928,
0.9722963571548462,
0.9723015427589417,
0.9716811180114746,
0.9710754156112671,
0.9708686470985413,
0.9706675410270691,
0.9700238704681396,
0.9700942635536194,
0.9690157175064087,
0.9695789217948914,
0.9694429636001587,
0.9689711928367615,
0.9681879281997681,
0.9683902263641357,
0.9678047299385071,
0.9674170017242432,
0.967160701751709,
0.966593861579895,
0.9667829871177673,
0.9661092162132263,
0.9659221172332764,
0.9654849767684937,
0.9649543166160583,
0.9642724990844727,
0.9640375375747681,
0.9641770720481873,
0.9639754295349121,
0.9630471467971802,
0.9632613062858582,
0.9624684453010559,
0.9619132280349731,
0.9619050621986389,
0.9614976644515991,
0.96051424741745,
0.9608476758003235,
0.9603232741355896,
0.960456907749176,
0.9598312973976135,
0.9594532251358032,
0.9589510560035706,
0.9586784839630127,
0.9581315517425537,
0.9580231308937073,
0.9575052857398987,
0.9570820927619934,
0.9564170837402344,
0.9566346406936646,
0.9562289118766785,
0.9557240605354309,
0.9555802345275879,
0.9552353620529175,
0.9547827243804932,
0.9550373554229736,
0.9541599750518799,
0.9536821246147156,
0.9534951448440552,
0.9532308578491211,
0.9527811408042908,
0.9523501992225647,
0.9520316123962402,
0.9517426490783691,
0.9514818787574768,
0.9507917165756226,
0.950689435005188,
0.949957549571991,
0.9502235054969788,
0.9495790004730225,
0.9490848779678345,
0.9490890502929688,
0.9488449692726135,
0.9483874440193176,
0.9477232098579407,
0.9473015069961548,
0.9469214677810669,
0.9467412829399109,
0.9463164806365967,
0.9462292194366455,
0.9460741281509399,
0.9455203413963318,
0.944822371006012,
0.944629967212677,
0.9439965486526489,
0.9438605904579163,
0.943873405456543,
0.9436417818069458,
0.9426711797714233,
0.9426596760749817,
0.942389965057373,
0.9417315721511841,
0.9412806034088135,
0.9413805603981018,
0.9413254857063293,
0.9406700730323792,
0.9404725432395935,
0.9398323893547058,
0.9394837021827698,
0.9389898777008057,
0.9390965104103088,
0.9386489987373352,
0.9381129145622253,
0.9379979372024536,
0.936882734298706,
0.9368951320648193,
0.9369025826454163,
0.9364250302314758,
0.9358071684837341,
0.9357433319091797,
0.9355193376541138,
0.9347435832023621,
0.9318152666091919,
0.9329421520233154,
0.9324318766593933,
0.9325149059295654,
0.9321370720863342,
0.9313107132911682,
0.9312667846679688,
0.9311495423316956,
0.9304181337356567,
0.9301859736442566,
0.929817259311676,
0.9293150305747986,
0.9289640784263611,
0.9282673597335815,
0.9283778667449951,
0.9275137782096863,
0.9278465509414673,
0.9269393086433411,
0.9269123673439026,
0.9263206720352173,
0.9260814785957336,
0.9256218075752258,
0.9256188869476318,
0.9253028035163879,
0.9247282147407532,
0.924445390701294,
0.9236733913421631,
0.9233530759811401,
0.9230571389198303,
0.9227750301361084,
0.9221512675285339,
0.9224005341529846,
0.9217368364334106,
0.9211848974227905,
0.9213781356811523,
0.9207506775856018,
0.9205188751220703,
0.9201560616493225,
0.9199886918067932,
0.9193601012229919,
0.918960452079773,
0.9186717867851257,
0.9182255864143372,
0.9178844094276428,
0.917870283126831,
0.9170767664909363,
0.9165264964103699,
0.9159135222434998,
0.9158141016960144,
0.9154065847396851,
0.9151797890663147,
0.9149035215377808,
0.9144711494445801,
0.9143057465553284,
0.9131017923355103,
0.9134148955345154,
0.9129452705383301,
0.9123179316520691,
0.9117696285247803,
0.9117310643196106,
0.9111543297767639,
0.9110897779464722,
0.9105858206748962,
0.9098749160766602,
0.9098576903343201,
0.9096662402153015,
0.909115195274353,
0.9083303809165955,
0.9079745411872864,
0.907846987247467,
0.9073992371559143,
0.9073305130004883,
0.9070713520050049,
0.9066914916038513,
0.9054154753684998,
0.9056740999221802,
0.9049832224845886,
0.9046338200569153,
0.9035983085632324,
0.9039114713668823,
0.903355598449707,
0.9029662609100342,
0.903023898601532,
0.902309238910675,
0.9021340608596802,
0.9013276696205139,
0.9009295105934143,
0.9005147814750671,
0.9001291990280151,
0.8995516896247864,
0.8992232084274292,
0.898955225944519,
0.8983805775642395,
0.89806067943573,
0.8976136445999146,
0.8971761465072632,
0.8967459201812744,
0.8961129188537598,
0.8956437706947327,
0.8952364325523376,
0.8948699831962585,
0.8946200013160706,
0.8943444490432739,
0.8938654661178589,
0.8933118581771851,
0.8929533362388611,
0.89266437292099,
0.8924673795700073,
0.8916212320327759,
0.8912493586540222,
0.8906806111335754,
0.8907285928726196,
0.8903122544288635,
0.8894700407981873,
0.8890948295593262,
0.8886812925338745,
0.8830606937408447,
0.8876922130584717,
0.8874184489250183,
0.8864603042602539,
0.8860622048377991,
0.8860699534416199,
0.8819361925125122,
0.8851150274276733,
0.8843694925308228,
0.8843631744384766,
0.8840700387954712,
0.8833420872688293,
0.8827590346336365,
0.882267415523529,
0.8816679120063782,
0.8815249800682068,
0.8811662793159485,
0.8807526230812073,
0.8802935481071472,
0.8800404071807861,
0.8800404071807861,
0.8800404071807861,
0.0,
0.0,
0.0,
0.0,
0.0,
0.0,
0.0,
0.0,
0.0,
0.0,
0.0,
0.0,
0.0,
0.0,
0.0,
0.0,
0.0,
0.0,
0.0,
0.0,
0.0,
0.0,
0.0,
0.0,
0.0,
0.0,
0.0,
0.0,
0.0,
0.0,
0.0,
0.0,
0.0,
0.0,
0.0,
0.0,
0.0,
0.0,
0.0,
0.0,
0.0,
0.0,
0.0,
0.0,
0.0,
0.0,
0.0,
0.0,
0.0,
0.0,
0.0,
0.0,
0.0,
0.0,
0.0,
0.0,
0.0,
0.0,
0.0,
0.0,
0.0,
0.0,
0.0,
0.0,
0.0,
0.0,
0.0,
0.0,
0.0,
0.0,
0.0,
0.0,
0.0,
0.0,
0.0,
0.0,
0.0,
0.0,
0.0,
0.0,
0.0,
0.0,
0.0,
0.0,
0.0,
0.0,
0.0,
0.0,
0.0,
0.0,
0.0,
0.0,
0.0,
0.0,
0.0,
0.0,
0.0,
0.0,
0.0,
0.0,
0.0,
0.0,
0.0,
0.0,
0.0,
0.0,
0.0,
0.0,
0.0,
0.0,
0.0,
0.0,
0.0,
0.0,
0.0,
0.0,
0.0,
0.0,
0.0,
0.0,
0.0,
0.0,
0.0,
0.0,
0.0,
0.0,
0.0,
0.0,
0.0,
0.0,
0.0,
0.0,
0.0,
0.0,
0.0,
0.0,
0.0,
0.0,
0.0,
0.0,
0.0,
0.0,
0.0,
0.0,
0.0,
0.0,
0.0,
0.0,
0.0,
0.0,
0.0,
0.0,
0.0,
0.0,
0.0,
0.0,
0.0,
0.0,
0.0,
0.0,
0.0,
0.0,
0.0,
0.0,
0.0,
0.0,
0.0,
0.0,
0.0,
0.0,
0.0,
0.0,
0.0,
0.0,
0.0,
0.0,
0.0,
0.0,
0.0,
0.0,
0.0,
0.0,
0.0,
0.0,
0.0,
0.0,
0.0,
0.0,
0.0,
0.0,
0.0,
0.0,
0.0,
0.0,
0.0,
0.0,
0.0,
0.0,
0.0,
0.0,
0.0,
0.0,
0.0,
0.0,
0.0,
0.0,
0.0,
0.0,
0.0,
0.0,
0.0,
0.0,
0.0,
0.0,
0.0,
0.0,
0.0,
0.0,
0.0,
0.0,
0.0,
0.0,
0.0,
0.0,
0.0,
0.0,
0.0,
0.0,
0.0,
0.0,
0.0,
0.0,
0.0,
0.0,
0.0,
0.0,
0.0,
0.0,
0.0,
0.0,
0.0,
0.0,
0.0,
0.0,
0.0,
0.0,
0.0,
0.0,
0.0,
0.0,
0.0,
0.0,
0.0,
0.0,
0.0,
0.0,
0.0,
0.0,
0.0,
0.0,
0.0,
0.0,
0.0,
0.0,
0.0,
0.0,
0.0,
0.0,
0.0,
0.0,
0.0,
0.0,
0.0,
0.0,
0.0,
0.0,
0.0,
0.0,
0.0,
0.0,
0.0,
0.0,
0.0,
0.0,
0.0,
0.0,
0.0,
0.0,
0.0,
0.0,
0.0,
0.0,
0.0,
0.0,
0.0,
0.0,
0.0,
0.0,
0.0,
0.0,
0.0,
0.0,
0.0,
0.0,
0.0,
0.0,
0.0,
0.0,
0.0,
0.0,
0.0,
0.0,
0.0,
0.0,
0.0,
0.0,
0.0,
0.0,
0.0,
0.0,
0.0,
0.0,
0.0,
0.0,
0.0,
0.0,
0.0,
0.0,
0.0,
0.0,
0.0,
0.0,
0.0,
0.0,
0.0,
0.0,
0.0,
0.0,
0.0,
0.0,
0.0,
0.0,
0.0,
0.0,
0.0,
0.0,
0.0,
0.0,
0.0,
0.0,
0.0,
0.0,
0.0,
0.0,
0.0,
0.0,
0.0,
0.0,
0.0,
0.0,
0.0,
0.0,
0.0,
0.0,
0.0,
0.0,
0.0,
0.0,
0.0,
0.0,
0.0,
0.0,
0.0,
0.0,
0.0,
0.0,
0.0,
0.0,
0.0,
0.0,
0.0,
0.0,
0.0,
0.0,
0.0,
0.0,
0.0,
0.0,
0.0,
0.0,
0.0,
0.0,
0.0,
0.0,
0.0,
0.0,
0.0,
0.0,
0.0,
0.0,
0.0,
0.0,
0.0,
0.0,
0.0,
0.0,
0.0,
0.0,
0.0,
0.0,
0.0,
0.0,
0.0,
0.0,
0.0,
0.0,
0.0,
0.0,
0.0,
0.0,
0.0,
0.0,
0.0,
0.0,
0.0,
0.0,
0.0,
0.0,
0.0,
0.0,
0.0,
0.0,
0.0,
0.0,
0.0,
0.0,
0.0,
0.0,
0.0,
0.0,
0.0,
0.0,
0.0,
0.0,
0.0,
0.0,
0.0,
0.0,
0.0,
0.0,
0.0,
0.0,
0.0,
0.0,
0.0,
0.0,
0.0,
0.0,
0.0,
0.0,
0.0,
0.0,
0.0,
0.0,
0.0,
0.0,
0.0,
0.0,
0.0,
0.0,
0.0,
0.0,
0.0,
0.0,
0.0,
0.0,
0.0,
0.0,
0.0,
0.0,
0.0,
0.0,
0.0,
0.0,
0.0,
0.0,
0.0,
0.0,
0.0,
0.0,
0.0,
0.0,
0.0,
0.0,
0.0,
0.0,
0.0,
0.0,
0.0,
0.0,
0.0,
0.0,
0.0,
0.0,
0.0,
0.0,
0.0,
0.0,
0.0,
0.0,
0.0,
0.0,
0.0,
0.0,
0.0,
0.0,
0.0,
0.0,
0.0,
0.0,
0.0,
0.0,
0.0,
0.0,
0.0,
0.0,
0.0,
0.0,
0.0,
0.0,
0.0,
0.0,
0.0,
0.0,
0.0,
0.0,
0.0,
0.0,
0.0,
0.0,
0.0,
0.0,
0.0,
0.0,
0.0,
0.0,
0.0,
0.0,
0.0,
0.0,
0.0,
0.0,
0.0,
0.0,
0.0,
0.0,
0.0,
0.0,
0.0,
0.0,
0.0,
0.0,
0.0,
0.0,
0.0,
0.0,
0.0,
0.0,
0.0,
0.0,
0.0,
0.0,
0.0,
0.0,
0.0,
0.0,
0.0,
0.0,
0.0,
0.0,
0.0,
0.0,
0.0,
0.0,
0.0,
0.0,
0.0,
0.0,
0.0,
0.0,
0.0,
0.0,
0.0,
0.0,
