1.0499999523162842,
1.0682388544082642,
1.0693892240524292,
1.0701087713241577,
1.0705794095993042,
1.0708794593811035,
1.0710762739181519,
1.0712074041366577,
1.0713568925857544,
1.0714343786239624,
1.0715131759643555,
1.0715882778167725,
1.0716065168380737,
1.0716044902801514,
1.071574091911316,
1.0716354846954346,
1.0716710090637207,
1.071570634841919,
1.0716205835342407,
1.0715755224227905,
1.0715380907058716,
1.0715301036834717,
1.0715444087982178,
1.0714434385299683,
1.0713930130004883,
1.0713354349136353,
1.0713649988174438,
1.0713690519332886,
1.071339726448059,
1.0713366270065308,
1.071362853050232,
1.0713027715682983,
1.0712071657180786,
1.0712058544158936,
1.0712116956710815,
1.07123601436615,
1.0712224245071411,
1.0711956024169922,
1.0711307525634766,
1.0711103677749634,
1.0710557699203491,
1.0710110664367676,
1.0709714889526367,
1.0709521770477295,
1.0709493160247803,
1.0708872079849243,
1.0708425045013428,
1.0708595514297485,
1.0708329677581787,
1.0708283185958862,
1.0710890293121338,
1.071245789527893,
1.0713262557983398,
1.0713857412338257,
1.0712387561798096,
1.0707107782363892,
1.070617437362671,
1.0705969333648682,
1.0705480575561523,
1.0705503225326538,
1.07051420211792,
1.070473551750183,
1.0704387426376343,
1.0704126358032227,
1.0703504085540771,
1.0703237056732178,
1.0702515840530396,
1.070235013961792,
1.0701744556427002,
1.0701442956924438,
1.0700910091400146,
1.0700640678405762,
1.0700340270996094,
1.069954752922058,
1.0699087381362915,
1.0698868036270142,
1.0698070526123047,
1.0697503089904785,
1.0697181224822998,
1.0696181058883667,
1.0696213245391846,
1.0695595741271973,
1.0695631504058838,
1.069519281387329,
1.069494366645813,
1.0694142580032349,
1.0693607330322266,
1.0692973136901855,
1.069273829460144,
1.0692017078399658,
1.069183111190796,
1.0691419839859009,
1.0691100358963013,
1.0690522193908691,
1.0690791606903076,
1.0690160989761353,
1.0689506530761719,
1.0689172744750977,
1.068842887878418,
1.0688358545303345,
1.0687801837921143,
1.0687075853347778,
1.0686882734298706,
1.0686089992523193,
1.0685311555862427,
1.0685272216796875,
1.068406581878662,
1.068368673324585,
1.068371295928955,
1.0683289766311646,
1.0683079957962036,
1.0682363510131836,
1.068182110786438,
1.0681456327438354,
1.068071722984314,
1.0680131912231445,
1.0679738521575928,
1.0679377317428589,
1.0679067373275757,
1.0678801536560059,
1.0678330659866333,
1.0677738189697266,
1.0677437782287598,
1.0676370859146118,
1.0675632953643799,
1.0674782991409302,
1.0674245357513428,
1.0674114227294922,
1.0673131942749023,
1.067278504371643,
1.0672097206115723,
1.0671316385269165,
1.0670431852340698,
1.06696617603302,
1.0669347047805786,
1.0668390989303589,
1.0668373107910156,
1.066784143447876,
1.0667731761932373,
1.0667169094085693,
1.0666996240615845,
1.0666452646255493,
1.0665462017059326,
1.0664949417114258,
1.0664407014846802,
1.0663801431655884,
1.0663261413574219,
1.0662519931793213,
1.0662152767181396,
1.0661790370941162,
1.066116213798523,
1.0660815238952637,
1.0660254955291748,
1.0659503936767578,
1.0659071207046509,
1.0658314228057861,
1.0657603740692139,
1.0656968355178833,
1.0656150579452515,
1.0655670166015625,
1.0654866695404053,
1.0654393434524536,
1.0654226541519165,
1.0655522346496582,
1.0655771493911743,
1.065486192703247,
1.065329909324646,
1.0651391744613647,
1.0650821924209595,
1.064971685409546,
1.0650609731674194,
1.0651562213897705,
1.0651928186416626,
1.0651867389678955,
1.0651098489761353,
1.0650205612182617,
1.0649281740188599,
1.0647567510604858,
1.0645395517349243,
1.0644935369491577,
1.0644279718399048,
1.0643689632415771,
1.0643178224563599,
1.064238429069519,
1.0641731023788452,
1.064100742340088,
1.0640449523925781,
1.0639663934707642,
1.0638916492462158,
1.063860535621643,
1.0639185905456543,
1.06402587890625,
1.0640300512313843,
1.063919186592102,
1.0637248754501343,
1.0635350942611694,
1.0634400844573975,
1.0634413957595825,
1.0636156797409058,
1.0637339353561401,
1.0637834072113037,
1.0637657642364502,
1.0637391805648804,
1.063480257987976,
1.0635225772857666,
1.0633002519607544,
1.062937617301941,
1.0627975463867188,
1.0626918077468872,
1.0626139640808105,
1.062525749206543,
1.062467336654663,
1.0623873472213745,
1.0623224973678589,
1.0622484683990479,
1.0622183084487915,
1.0622211694717407,
1.0622341632843018,
1.062279462814331,
1.0623441934585571,
1.062334656715393,
1.062095284461975,
1.0618598461151123,
1.0617696046829224,
1.0616719722747803,
1.0616205930709839,
1.0617036819458008,
1.0617722272872925,
1.0617667436599731,
1.0617499351501465,
1.061665654182434,
1.0615737438201904,
1.0614712238311768,
1.0611982345581055,
1.0610506534576416,
1.0610040426254272,
1.0609084367752075,
1.0608508586883545,
1.0607421398162842,
1.0606569051742554,
1.0605747699737549,
1.0605049133300781,
1.0604497194290161,
1.0604058504104614,
1.060369849205017,
1.0603532791137695,
1.0604212284088135,
1.0604639053344727,
1.0603314638137817,
1.0601359605789185,
1.0599396228790283,
1.059849739074707,
1.0597676038742065,
1.0596367120742798,
1.0597559213638306,
1.059699296951294,
1.0598013401031494,
1.0598191022872925,
1.059569001197815,
1.0596050024032593,
1.059525489807129,
1.0592248439788818,
1.0591089725494385,
1.0590068101882935,
1.058953046798706,
1.0588407516479492,
1.0587772130966187,
1.0586776733398438,
1.0585869550704956,
1.0583869218826294,
1.0583412647247314,
1.0583453178405762,
1.0581772327423096,
1.0581777095794678,
1.0582729578018188,
1.0582507848739624,
1.0580825805664062,
1.0579266548156738,
1.057876706123352,
1.057776927947998,
1.0576903820037842,
1.0574696063995361,
1.0575765371322632,
1.0577640533447266,
1.0576395988464355,
1.0577572584152222,
1.057268500328064,
1.057419776916504,
1.0574849843978882,
1.0568108558654785,
1.0565743446350098,
1.056778073310852,
1.0567253828048706,
1.056471347808838,
1.0565786361694336,
1.0562410354614258,
1.0561538934707642,
1.0560821294784546,
1.056209683418274,
1.0559161901474,
1.0555049180984497,
1.0559145212173462,
1.0559207201004028,
1.0557897090911865,
1.0557292699813843,
1.0554728507995605,
1.0555148124694824,
1.0554192066192627,
1.055104374885559,
1.055230975151062,
1.055139422416687,
1.0548820495605469,
1.0549370050430298,
1.0547566413879395,
1.0549029111862183,
1.0548287630081177,
1.0546513795852661,
1.0545660257339478,
1.0544785261154175,
1.0543692111968994,
1.0542658567428589,
1.0541586875915527,
1.0539942979812622,
1.053638219833374,
1.0536843538284302,
1.0536730289459229,
1.0535876750946045,
1.0533827543258667,
1.0531197786331177,
1.053768277168274,
1.053697109222412,
1.0536798238754272,
1.053926706314087,
1.053591012954712,
1.0537067651748657,
1.053519368171692,
1.0534170866012573,
1.0534604787826538,
1.0534945726394653,
1.053810477256775,
1.053712010383606,
1.0537426471710205,
1.0536530017852783,
1.0535383224487305,
1.0530978441238403,
1.0528452396392822,
1.0526350736618042,
1.0525890588760376,
1.0521936416625977,
1.0519425868988037,
1.0518513917922974,
1.0517905950546265,
1.0514979362487793,
1.0513652563095093,
1.0514768362045288,
1.05145263671875,
1.0508008003234863,
1.050836205482483,
1.0511142015457153,
1.0510057210922241,
1.0508743524551392,
1.0506820678710938,
1.0505611896514893,
1.0503183603286743,
1.0503106117248535,
1.0503093004226685,
1.0503478050231934,
1.0504282712936401,
1.0503851175308228,
1.050214409828186,
1.0501432418823242,
1.0501735210418701,
1.0497653484344482,
1.0497573614120483,
1.0493121147155762,
1.049190640449524,
1.0489734411239624,
1.0488814115524292,
1.0487935543060303,
1.0486083030700684,
1.0484086275100708,
1.0479300022125244,
1.0481077432632446,
1.0481191873550415,
1.047808289527893,
1.0476744174957275,
1.0478684902191162,
1.0475246906280518,
1.047433853149414,
1.0471994876861572,
1.0472674369812012,
1.047053575515747,
1.0467156171798706,
1.0467808246612549,
1.046644926071167,
1.046373724937439,
1.0465999841690063,
1.0468242168426514,
1.0464215278625488,
1.046276330947876,
1.046244502067566,
1.0458967685699463,
1.0456973314285278,
1.0451635122299194,
1.0453336238861084,
1.0449156761169434,
1.0448170900344849,
1.0446306467056274,
1.0442578792572021,
1.0443527698516846,
1.0441926717758179,
1.0441218614578247,
1.0439798831939697,
1.0438275337219238,
1.0435504913330078,
1.0433716773986816,
1.043557047843933,
1.0434037446975708,
1.0429577827453613,
1.042763590812683,
1.0423972606658936,
1.042335867881775,
1.0421949625015259,
1.0422371625900269,
1.0422213077545166,
1.0420472621917725,
1.0421881675720215,
1.041943907737732,
1.0416163206100464,
1.041441798210144,
1.0410760641098022,
1.040641188621521,
1.0403132438659668,
1.0399307012557983,
1.0399367809295654,
1.0394203662872314,
1.0396552085876465,
1.0394723415374756,
1.0393198728561401,
1.0389317274093628,
1.0389941930770874,
1.0386815071105957,
1.0384371280670166,
1.0380585193634033,
1.038084626197815,
1.03783118724823,
1.0375803709030151,
1.0372328758239746,
1.0370980501174927,
1.03681218624115,
1.0368037223815918,
1.0364516973495483,
1.0364515781402588,
1.0362075567245483,
1.0359106063842773,
1.035946011543274,
1.035585641860962,
1.0354132652282715,
1.035241961479187,
1.0348438024520874,
1.034601092338562,
1.0341249704360962,
1.0337272882461548,
1.033474326133728,
1.0331473350524902,
1.032680869102478,
1.0324627161026,
1.0325052738189697,
1.0321719646453857,
1.0316613912582397,
1.0315746068954468,
1.0312458276748657,
1.0311198234558105,
1.0306438207626343,
1.0304419994354248,
1.0301095247268677,
1.0299314260482788,
1.0295381546020508,
1.0292268991470337,
1.028947114944458,
1.0288702249526978,
1.028748631477356,
1.0284192562103271,
1.028170108795166,
1.0279762744903564,
1.027781367301941,
1.027352213859558,
1.0272903442382812,
1.026534080505371,
1.0259482860565186,
1.0253320932388306,
1.024986982345581,
1.0245901346206665,
1.0238988399505615,
1.0236762762069702,
1.0226664543151855,
1.0217336416244507,
1.0194947719573975,
1.0199066400527954,
1.0199917554855347,
1.0204960107803345,
1.019474983215332,
1.019005537033081,
1.0182244777679443,
1.0178868770599365,
1.0176094770431519,
1.0170373916625977,
1.0164806842803955,
1.0158568620681763,
1.0154285430908203,
1.0149215459823608,
1.0145925283432007,
1.0140877962112427,
1.0136473178863525,
1.0131739377975464,
1.012630581855774,
1.0120350122451782,
1.011315941810608,
1.0103200674057007,
1.0097084045410156,
1.0090889930725098,
1.0083063840866089,
1.0077177286148071,
1.0070468187332153,
1.0063140392303467,
1.0055885314941406,
1.0048223733901978,
1.0039291381835938,
1.0032706260681152,
1.0023504495620728,
1.001665472984314,
1.0009592771530151,
1.000201940536499,
0.9993864893913269,
0.9984268546104431,
0.9975382089614868,
0.9967391490936279,
0.9956619739532471,
0.9948658347129822,
0.993772029876709,
0.9931953549385071,
0.9922446012496948,
0.9913297891616821,
0.9905083179473877,
0.9895511269569397,
0.9886975288391113,
0.9876977801322937,
0.9864727258682251,
0.9852976202964783,
0.9845091700553894,
0.9834116101264954,
0.9823735952377319,
0.9814162850379944,
0.9803683161735535,
0.9795423150062561,
0.9785907864570618,
0.9776479005813599,
0.9763736724853516,
0.9756961464881897,
0.9747284650802612,
0.9738122820854187,
0.9728589653968811,
0.972118079662323,
0.9709935784339905,
0.9699599146842957,
0.9691551327705383,
0.9680173397064209,
0.9672603011131287,
0.9663602709770203,
0.965220034122467,
0.9645637273788452,
0.963826596736908,
0.9629713892936707,
0.9620873928070068,
0.9612798094749451,
0.9602420926094055,
0.9593892097473145,
0.9585278034210205,
0.957370400428772,
0.9562786221504211,
0.9552805423736572,
0.9542388916015625,
0.9532086253166199,
0.9523848295211792,
0.9512742757797241,
0.9503662586212158,
0.9493486881256104,
0.9482001066207886,
0.947340726852417,
0.9462611675262451,
0.9452984929084778,
0.9443246722221375,
0.9431999921798706,
0.9423460364341736,
0.9411840438842773,
0.9403284788131714,
0.9394265413284302,
0.9384242296218872,
0.9373154640197754,
0.936210036277771,
0.9351397156715393,
0.9341573119163513,
0.9334143400192261,
0.9323680400848389,
0.9312855005264282,
0.9300588369369507,
0.9293054342269897,
0.9281119108200073,
0.9272255301475525,
0.9261124134063721,
0.924809992313385,
0.9238376021385193,
0.9226980209350586,
0.9215649366378784,
0.9205638766288757,
0.9194710850715637,
0.9182968735694885,
0.9172482490539551,
0.9162302613258362,
0.9152691960334778,
0.9141194224357605,
0.9130727052688599,
0.9119939208030701,
0.9109075665473938,
0.9095484018325806,
0.9086459279060364,
0.9074752926826477,
0.9063942432403564,
0.9053112268447876,
0.9042253494262695,
0.9030009508132935,
0.9017191529273987,
0.9005842804908752,
0.899491012096405,
0.8981990218162537,
0.8971312642097473,
0.8959901332855225,
0.8948854207992554,
0.8936996459960938,
0.8927796483039856,
0.8912603855133057,
0.8903732895851135,
0.8889520764350891,
0.8878963589668274,
0.8863938450813293,
0.8852271437644958,
0.8842134475708008,
0.882875919342041,
0.8814575672149658,
0.880444347858429,
0.880444347858429,
0.880444347858429,
0.0,
0.0,
0.0,
0.0,
0.0,
0.0,
0.0,
0.0,
0.0,
0.0,
0.0,
0.0,
0.0,
0.0,
0.0,
0.0,
0.0,
0.0,
0.0,
0.0,
0.0,
0.0,
0.0,
0.0,
0.0,
0.0,
0.0,
0.0,
0.0,
0.0,
0.0,
0.0,
0.0,
0.0,
0.0,
0.0,
0.0,
0.0,
0.0,
0.0,
0.0,
0.0,
0.0,
0.0,
0.0,
0.0,
0.0,
0.0,
0.0,
0.0,
0.0,
0.0,
0.0,
0.0,
0.0,
0.0,
0.0,
0.0,
0.0,
0.0,
0.0,
0.0,
0.0,
0.0,
0.0,
0.0,
0.0,
0.0,
0.0,
0.0,
0.0,
0.0,
0.0,
0.0,
0.0,
0.0,
0.0,
0.0,
0.0,
0.0,
0.0,
0.0,
0.0,
0.0,
0.0,
0.0,
0.0,
0.0,
0.0,
0.0,
0.0,
0.0,
0.0,
0.0,
0.0,
0.0,
0.0,
0.0,
0.0,
0.0,
0.0,
0.0,
0.0,
0.0,
0.0,
0.0,
0.0,
0.0,
0.0,
0.0,
0.0,
0.0,
0.0,
0.0,
0.0,
0.0,
0.0,
0.0,
0.0,
0.0,
0.0,
0.0,
0.0,
0.0,
0.0,
0.0,
0.0,
0.0,
0.0,
0.0,
0.0,
0.0,
0.0,
0.0,
0.0,
0.0,
0.0,
0.0,
0.0,
0.0,
0.0,
0.0,
0.0,
0.0,
0.0,
0.0,
0.0,
0.0,
0.0,
0.0,
0.0,
0.0,
0.0,
0.0,
0.0,
0.0,
0.0,
0.0,
0.0,
0.0,
0.0,
0.0,
0.0,
0.0,
0.0,
0.0,
0.0,
0.0,
0.0,
0.0,
0.0,
0.0,
0.0,
0.0,
0.0,
0.0,
0.0,
0.0,
0.0,
0.0,
0.0,
0.0,
0.0,
0.0,
0.0,
0.0,
0.0,
0.0,
0.0,
0.0,
0.0,
0.0,
0.0,
0.0,
0.0,
0.0,
0.0,
0.0,
0.0,
0.0,
0.0,
0.0,
0.0,
0.0,
0.0,
0.0,
0.0,
0.0,
0.0,
0.0,
0.0,
0.0,
0.0,
0.0,
0.0,
0.0,
0.0,
0.0,
0.0,
0.0,
0.0,
0.0,
0.0,
0.0,
0.0,
0.0,
0.0,
0.0,
0.0,
0.0,
0.0,
0.0,
0.0,
0.0,
0.0,
0.0,
0.0,
0.0,
0.0,
0.0,
0.0,
0.0,
0.0,
0.0,
0.0,
0.0,
0.0,
0.0,
0.0,
0.0,
0.0,
0.0,
0.0,
0.0,
0.0,
0.0,
0.0,
0.0,
0.0,
0.0,
0.0,
0.0,
0.0,
0.0,
0.0,
0.0,
0.0,
0.0,
0.0,
0.0,
0.0,
0.0,
0.0,
0.0,
0.0,
0.0,
0.0,
0.0,
0.0,
0.0,
0.0,
0.0,
0.0,
0.0,
0.0,
0.0,
0.0,
0.0,
0.0,
0.0,
0.0,
0.0,
0.0,
0.0,
0.0,
0.0,
0.0,
0.0,
0.0,
0.0,
0.0,
0.0,
0.0,
0.0,
0.0,
0.0,
0.0,
0.0,
0.0,
0.0,
0.0,
0.0,
0.0,
0.0,
0.0,
0.0,
0.0,
0.0,
0.0,
0.0,
0.0,
0.0,
0.0,
0.0,
0.0,
0.0,
0.0,
0.0,
0.0,
0.0,
0.0,
0.0,
0.0,
0.0,
0.0,
0.0,
0.0,
0.0,
0.0,
0.0,
0.0,
0.0,
0.0,
0.0,
0.0,
0.0,
0.0,
0.0,
0.0,
0.0,
0.0,
0.0,
0.0,
0.0,
0.0,
0.0,
0.0,
0.0,
0.0,
0.0,
0.0,
0.0,
0.0,
0.0,
0.0,
0.0,
0.0,
0.0,
0.0,
0.0,
0.0,
0.0,
0.0,
0.0,
0.0,
0.0,
0.0,
0.0,
0.0,
0.0,
0.0,
0.0,
0.0,
0.0,
0.0,
0.0,
0.0,
0.0,
0.0,
0.0,
0.0,
0.0,
0.0,
0.0,
0.0,
0.0,
0.0,
0.0,
0.0,
0.0,
0.0,
0.0,
0.0,
0.0,
0.0,
0.0,
0.0,
0.0,
0.0,
0.0,
0.0,
0.0,
0.0,
0.0,
0.0,
0.0,
0.0,
0.0,
0.0,
0.0,
0.0,
0.0,
0.0,
0.0,
0.0,
0.0,
0.0,
0.0,
0.0,
0.0,
0.0,
0.0,
0.0,
0.0,
0.0,
0.0,
0.0,
0.0,
0.0,
0.0,
0.0,
0.0,
0.0,
0.0,
0.0,
0.0,
0.0,
0.0,
0.0,
0.0,
0.0,
0.0,
0.0,
0.0,
0.0,
0.0,
0.0,
0.0,
0.0,
0.0,
0.0,
0.0,
0.0,
0.0,
0.0,
0.0,
0.0,
0.0,
0.0,
0.0,
0.0,
0.0,
0.0,
0.0,
0.0,
0.0,
0.0,
0.0,
0.0,
0.0,
0.0,
0.0,
0.0,
0.0,
0.0,
0.0,
0.0,
0.0,
0.0,
0.0,
0.0,
0.0,
0.0,
0.0,
0.0,
0.0,
0.0,
0.0,
0.0,
0.0,
0.0,
0.0,
0.0,
0.0,
0.0,
0.0,
0.0,
0.0,
0.0,
0.0,
0.0,
0.0,
0.0,
0.0,
0.0,
0.0,
0.0,
0.0,
0.0,
0.0,
0.0,
0.0,
0.0,
0.0,
0.0,
0.0,
0.0,
0.0,
0.0,
0.0,
0.0,
0.0,
0.0,
0.0,
0.0,
0.0,
0.0,
0.0,
0.0,
0.0,
0.0,
0.0,
0.0,
0.0,
0.0,
0.0,
0.0,
0.0,
0.0,
0.0,
0.0,
0.0,
0.0,
0.0,
0.0,
0.0,
0.0,
0.0,
0.0,
0.0,
0.0,
0.0,
0.0,
0.0,
0.0,
0.0,
0.0,
0.0,
0.0,
0.0,
0.0,
0.0,
0.0,
0.0,
0.0,
0.0,
0.0,
0.0,
0.0,
0.0,
0.0,
0.0,
0.0,
0.0,
0.0,
0.0,
0.0,
0.0,
0.0,
0.0,
0.0,
0.0,
0.0,
0.0,
0.0,
0.0,
0.0,
0.0,
0.0,
0.0,
0.0,
0.0,
0.0,
0.0,
0.0,
0.0,
0.0,
0.0,
0.0,
0.0,
0.0,
0.0,
0.0,
0.0,
0.0,
0.0,
0.0,
0.0,
0.0,
0.0,
0.0,
0.0,
0.0,
0.0,
0.0,
0.0,
0.0,
0.0,
0.0,
0.0,
0.0,
0.0,
0.0,
0.0,
0.0,
0.0,
0.0,
0.0,
0.0,
0.0,
0.0,
0.0,
0.0,
0.0,
0.0,
0.0,
0.0,
0.0,
0.0,
0.0,
0.0,
0.0,
0.0,
0.0,
0.0,
0.0,
0.0,
0.0,
0.0,
0.0,
0.0,
0.0,
0.0,
0.0,
0.0,
0.0,
0.0,
0.0,
0.0,
0.0,
0.0,
0.0,
0.0,
0.0,
0.0,
0.0,
0.0,
0.0,
0.0,
0.0,
0.0,
0.0,
0.0,
0.0,
0.0,
0.0,
0.0,
0.0,
0.0,
0.0,
0.0,
0.0,
0.0,
0.0,
0.0,
0.0,
0.0,
0.0,
0.0,
0.0,
0.0,
0.0,
0.0,
0.0,
0.0,
0.0,
0.0,
0.0,
0.0,
0.0,
0.0,
0.0,
0.0,
0.0,
0.0,
0.0,
0.0,
0.0,
0.0,
0.0,
0.0,
0.0,
0.0,
0.0,
0.0,
0.0,
0.0,
0.0,
0.0,
0.0,
0.0,
0.0,
0.0,
0.0,
0.0,
0.0,
0.0,
0.0,
0.0,
0.0,
0.0,
0.0,
0.0,
0.0,
0.0,
0.0,
0.0,
0.0,
0.0,
0.0,
0.0,
0.0,
0.0,
0.0,
0.0,
0.0,
0.0,
0.0,
0.0,
0.0,
0.0,
0.0,
0.0,
0.0,
0.0,
0.0,
0.0,
0.0,
0.0,
0.0,
0.0,
0.0,
0.0,
0.0,
0.0,
0.0,
0.0,
0.0,
0.0,
0.0,
0.0,
0.0,
0.0,
0.0,
0.0,
0.0,
0.0,
0.0,
0.0,
0.0,
0.0,
0.0,
0.0,
0.0,
0.0,
0.0,
0.0,
0.0,
0.0,
0.0,
0.0,
0.0,
0.0,
0.0,
0.0,
0.0,
0.0,
0.0,
0.0,
0.0,
0.0,
0.0,
0.0,
0.0,
0.0,
0.0,
0.0,
0.0,
0.0,
0.0,
0.0,
0.0,
0.0,
0.0,
0.0,
0.0,
0.0,
0.0,
0.0,
0.0,
0.0,
0.0,
0.0,
0.0,
0.0,
0.0,
0.0,
0.0,
0.0,
0.0,
0.0,
0.0,
0.0,
0.0,
0.0,
0.0,
0.0,
0.0,
0.0,
0.0,
0.0,
0.0,
0.0,
0.0,
0.0,
0.0,
0.0,
0.0,
0.0,
0.0,
0.0,
0.0,
0.0,
0.0,
0.0,
0.0,
0.0,
0.0,
0.0,
0.0,
0.0,
0.0,
0.0,
0.0,
0.0,
0.0,
0.0,
0.0,
0.0,
0.0,
0.0,
0.0,
0.0,
0.0,
0.0,
0.0,
0.0,
0.0,
0.0,
0.0,
0.0,
0.0,
0.0,
0.0,
0.0,
0.0,
0.0,
0.0,
0.0,
0.0,
0.0,
0.0,
0.0,
0.0,
0.0,
0.0,
0.0,
0.0,
0.0,
0.0,
0.0,
0.0,
0.0,
0.0,
0.0,
0.0,
0.0,
0.0,
0.0,
0.0,
0.0,
0.0,
0.0,
0.0,
0.0,
0.0,
0.0,
0.0,
0.0,
0.0,
0.0,
0.0,
0.0,
0.0,
0.0,
0.0,
0.0,
0.0,
0.0,
0.0,
0.0,
0.0,
0.0,
0.0,
0.0,
0.0,
0.0,
0.0,
0.0,
0.0,
0.0,
0.0,
0.0,
0.0,
0.0,
0.0,
0.0,
0.0,
0.0,
0.0,
0.0,
0.0,
0.0,
0.0,
0.0,
0.0,
0.0,
0.0,
0.0,
0.0,
0.0,
0.0,
0.0,
0.0,
0.0,
0.0,
0.0,
0.0,
0.0,
0.0,
0.0,
0.0,
0.0,
0.0,
0.0,
0.0,
0.0,
0.0,
0.0,
0.0,
0.0,
0.0,
0.0,
0.0,
0.0,
0.0,
0.0,
0.0,
0.0,
0.0,
0.0,
0.0,
0.0,
0.0,
0.0,
0.0,
0.0,
0.0,
0.0,
0.0,
0.0,
0.0,
0.0,
0.0,
0.0,
0.0,
0.0,
0.0,
0.0,
0.0,
0.0,
0.0,
0.0,
0.0,
0.0,
0.0,
0.0,
0.0,
0.0,
0.0,
0.0,
0.0,
0.0,
0.0,
0.0,
0.0,
0.0,
0.0,
0.0,
0.0,
0.0,
0.0,
0.0,
0.0,
0.0,
0.0,
0.0,
0.0,
0.0,
0.0,
0.0,
0.0,
0.0,
0.0,
0.0,
0.0,
0.0,
0.0,
0.0,
0.0,
0.0,
0.0,
0.0,
0.0,
0.0,
0.0,
0.0,
0.0,
0.0,
0.0,
0.0,
0.0,
0.0,
0.0,
0.0,
0.0,
0.0,
0.0,
0.0,
0.0,
0.0,
0.0,
0.0,
0.0,
0.0,
0.0,
0.0,
0.0,
0.0,
0.0,
0.0,
0.0,
0.0,
0.0,
0.0,
0.0,
0.0,
0.0,
0.0,
0.0,
0.0,
0.0,
0.0,
0.0,
0.0,
0.0,
0.0,
0.0,
0.0,
0.0,
0.0,
0.0,
0.0,
0.0,
0.0,
0.0,
0.0,
0.0,
0.0,
0.0,
0.0,
0.0,
0.0,
0.0,
0.0,
0.0,
0.0,
0.0,
0.0,
0.0,
0.0,
0.0,
0.0,
0.0,
0.0,
0.0,
0.0,
0.0,
0.0,
0.0,
0.0,
0.0,
0.0,
0.0,
0.0,
0.0,
0.0,
0.0,
0.0,
0.0,
0.0,
0.0,
0.0,
0.0,
0.0,
0.0,
0.0,
0.0,
0.0,
0.0,
0.0,
0.0,
0.0,
0.0,
0.0,
0.0,
0.0,
0.0,
0.0,
0.0,
0.0,
0.0,
0.0,
0.0,
0.0,
0.0,
0.0,
0.0,
0.0,
0.0,
0.0,
0.0,
0.0,
0.0,
0.0,
0.0,
0.0,
0.0,
0.0,
0.0,
0.0,
0.0,
0.0,
0.0,
0.0,
0.0,
0.0,
0.0,
0.0,
0.0,
0.0,
0.0,
0.0,
0.0,
0.0,
0.0,
0.0,
0.0,
0.0,
0.0,
0.0,
0.0,
0.0,
0.0,
0.0,
0.0,
0.0,
0.0,
0.0,
0.0,
0.0,
0.0,
0.0,
0.0,
0.0,
0.0,
0.0,
0.0,
0.0,
0.0,
0.0,
0.0,
0.0,
0.0,
0.0,
0.0,
0.0,
0.0,
0.0,
0.0,
0.0,
0.0,
0.0,
0.0,
0.0,
0.0,
0.0,
0.0,
0.0,
0.0,
0.0,
0.0,
0.0,
0.0,
0.0,
0.0,
0.0,
0.0,
0.0,
0.0,
0.0,
0.0,
0.0,
0.0,
0.0,
0.0,
0.0,
0.0,
0.0,
0.0,
0.0,
0.0,
0.0,
0.0,
0.0,
0.0,
0.0,
0.0,
0.0,
0.0,
0.0,
0.0,
0.0,
0.0,
0.0,
0.0,
0.0,
0.0,
0.0,
0.0,
0.0,
0.0,
0.0,
0.0,
0.0,
0.0,
0.0,
0.0,
0.0,
0.0,
0.0,
0.0,
0.0,
0.0,
0.0,
0.0,
0.0,
0.0,
0.0,
0.0,
0.0,
0.0,
0.0,
0.0,
0.0,
0.0,
0.0,
0.0,
0.0,
0.0,
0.0,
0.0,
0.0,
0.0,
0.0,
0.0,
0.0,
0.0,
0.0,
0.0,
0.0,
0.0,
0.0,
0.0,
0.0,
0.0,
0.0,
0.0,
0.0,
0.0,
0.0,
0.0,
0.0,
0.0,
0.0,
0.0,
0.0,
0.0,
0.0,
0.0,
0.0,
0.0,
0.0,
0.0,
0.0,
0.0,
0.0,
0.0,
0.0,
0.0,
0.0,
0.0,
0.0,
0.0,
0.0,
0.0,
0.0,
0.0,
0.0,
0.0,
0.0,
0.0,
0.0,
0.0,
0.0,
0.0,
0.0,
0.0,
0.0,
0.0,
0.0,
0.0,
0.0,
0.0,
0.0,
0.0,
0.0,
0.0,
0.0,
0.0,
0.0,
0.0,
0.0,
0.0,
0.0,
0.0,
0.0,
0.0,
0.0,
0.0,
0.0,
0.0,
0.0,
0.0,
0.0,
0.0,
0.0,
0.0,
0.0,
0.0,
0.0,
0.0,
0.0,
0.0,
0.0,
0.0,
0.0,
0.0,
0.0,
0.0,
0.0,
0.0,
0.0,
0.0,
0.0,
0.0,
0.0,
0.0,
0.0,
0.0,
0.0,
0.0,
0.0,
0.0,
0.0,
0.0,
0.0,
0.0,
0.0,
0.0,
0.0,
0.0,
0.0,
0.0,
0.0,
0.0,
0.0,
0.0,
0.0,
0.0,
0.0,
0.0,
0.0,
0.0,
0.0,
0.0,
0.0,
0.0,
0.0,
0.0,
0.0,
0.0,
0.0,
0.0,
0.0,
0.0,
0.0,
0.0,
0.0,
0.0,
0.0,
0.0,
0.0,
0.0,
0.0,
0.0,
0.0,
0.0,
0.0,
0.0,
0.0,
0.0,
0.0,
0.0,
0.0,
0.0,
0.0,
0.0,
0.0,
0.0,
0.0,
0.0,
0.0,
0.0,
0.0,
0.0,
0.0,
0.0,
0.0,
0.0,
0.0,
0.0,
0.0,
0.0,
0.0,
0.0,
0.0,
0.0,
0.0,
0.0,
0.0,
0.0,
0.0,
0.0,
0.0,
0.0,
0.0,
0.0,
0.0,
0.0,
0.0,
0.0,
0.0,
0.0,
0.0,
0.0,
0.0,
0.0,
0.0,
0.0,
0.0,
0.0,
0.0,
0.0,
0.0,
0.0,
0.0,
0.0,
0.0,
0.0,
0.0,
0.0,
0.0,
0.0,
0.0,
0.0,
0.0,
0.0,
0.0,
0.0,
0.0,
0.0,
0.0,
0.0,
0.0,
0.0,
0.0,
0.0,
0.0,
0.0,
0.0,
0.0,
0.0,
0.0,
0.0,
0.0,
0.0,
0.0,
0.0,
0.0,
0.0,
0.0,
0.0,
0.0,
0.0,
0.0,
0.0,
0.0,
0.0,
0.0,
0.0,
0.0,
0.0,
0.0,
0.0,
0.0,
0.0,
0.0,
0.0,
0.0,
0.0,
0.0,
0.0,
0.0,
0.0,
0.0,
0.0,
0.0,
0.0,
0.0,
0.0,
0.0,
0.0,
0.0,
0.0,
0.0,
0.0,
0.0,
0.0,
0.0,
0.0,
0.0,
0.0,
0.0,
0.0,
0.0,
0.0,
0.0,
0.0,
0.0,
0.0,
0.0,
0.0,
0.0,
0.0,
0.0,
0.0,
0.0,
0.0,
0.0,
0.0,
0.0,
0.0,
0.0,
0.0,
0.0,
0.0,
0.0,
0.0,
0.0,
0.0,
0.0,
0.0,
0.0,
0.0,
0.0,
0.0,
0.0,
0.0,
0.0,
0.0,
0.0,
