1.0499999523162842,
1.0499999523162842,
1.0499999523162842,
1.0860058069229126,
1.086399793624878,
1.086790919303894,
1.0870752334594727,
1.0872880220413208,
1.087411642074585,
1.0875177383422852,
1.0876058340072632,
1.087676763534546,
1.0876795053482056,
1.0877556800842285,
1.0877666473388672,
1.0878077745437622,
1.0878361463546753,
1.0878169536590576,
1.0878121852874756,
1.0878188610076904,
1.0878397226333618,
1.0878565311431885,
1.087860107421875,
1.0878463983535767,
1.0877994298934937,
1.0878064632415771,
1.087811827659607,
1.087836503982544,
1.0878331661224365,
1.087843418121338,
1.08784818649292,
1.0878121852874756,
1.087859869003296,
1.0878080129623413,
1.0878010988235474,
1.0878150463104248,
1.0877962112426758,
1.0877630710601807,
1.0877212285995483,
1.087695837020874,
1.0876632928848267,
1.0876216888427734,
1.0875961780548096,
1.0875822305679321,
1.0875874757766724,
1.0875835418701172,
1.0875672101974487,
1.0874923467636108,
1.0875256061553955,
1.0875126123428345,
1.087661623954773,
1.0880240201950073,
1.0881837606430054,
1.0883469581604004,
1.0884382724761963,
1.088351845741272,
1.0875836610794067,
1.087399959564209,
1.0873675346374512,
1.08733069896698,
1.0872721672058105,
1.0872746706008911,
1.08722984790802,
1.0871796607971191,
1.087146282196045,
1.0871150493621826,
1.0871142148971558,
1.0870460271835327,
1.0870084762573242,
1.0869687795639038,
1.086914300918579,
1.0868499279022217,
1.0868183374404907,
1.0867832899093628,
1.0866879224777222,
1.0867325067520142,
1.0866913795471191,
1.0866390466690063,
1.0866401195526123,
1.0865758657455444,
1.0865706205368042,
1.0865107774734497,
1.0865250825881958,
1.0864254236221313,
1.086410641670227,
1.0863733291625977,
1.0863327980041504,
1.0862890481948853,
1.086243748664856,
1.0862019062042236,
1.0861860513687134,
1.0861581563949585,
1.0861096382141113,
1.08609938621521,
1.0860602855682373,
1.0860083103179932,
1.085992693901062,
1.0859483480453491,
1.0858688354492188,
1.0858277082443237,
1.0857959985733032,
1.0857512950897217,
1.0857059955596924,
1.0856754779815674,
1.0856224298477173,
1.085561990737915,
1.0855293273925781,
1.0854779481887817,
1.0854074954986572,
1.0853910446166992,
1.085379958152771,
1.0853551626205444,
1.0853341817855835,
1.0852761268615723,
1.0852266550064087,
1.0851774215698242,
1.0851242542266846,
1.0850937366485596,
1.085023283958435,
1.0850099325180054,
1.0849775075912476,
1.0849058628082275,
1.084862470626831,
1.0848497152328491,
1.0847992897033691,
1.0847655534744263,
1.0846319198608398,
1.0846394300460815,
1.0845333337783813,
1.0845025777816772,
1.0844658613204956,
1.08441960811615,
1.08440363407135,
1.0842937231063843,
1.0842580795288086,
1.0841842889785767,
1.084113359451294,
1.0840650796890259,
1.0840071439743042,
1.0839816331863403,
1.0839608907699585,
1.083881139755249,
1.0838381052017212,
1.083788514137268,
1.0837223529815674,
1.0836374759674072,
1.0835939645767212,
1.0835224390029907,
1.0834980010986328,
1.0834627151489258,
1.0833795070648193,
1.0833486318588257,
1.0832685232162476,
1.0832690000534058,
1.0831648111343384,
1.0831408500671387,
1.083115577697754,
1.0830655097961426,
1.0829883813858032,
1.0828897953033447,
1.0828351974487305,
1.0827664136886597,
1.0826891660690308,
1.0826504230499268,
1.082601547241211,
1.0825656652450562,
1.0825886726379395,
1.0827263593673706,
1.0827614068984985,
1.0826561450958252,
1.0824778079986572,
1.082269549369812,
1.0821460485458374,
1.0820672512054443,
1.0821866989135742,
1.082290530204773,
1.082385778427124,
1.0823842287063599,
1.0823066234588623,
1.0822100639343262,
1.0821127891540527,
1.0819931030273438,
1.081703543663025,
1.0815203189849854,
1.081457495689392,
1.081349492073059,
1.0812970399856567,
1.0812345743179321,
1.0811598300933838,
1.08108651638031,
1.0810184478759766,
1.0809372663497925,
1.0809133052825928,
1.0809016227722168,
1.0809012651443481,
1.0809683799743652,
1.0810753107070923,
1.0810260772705078,
1.0808607339859009,
1.0806490182876587,
1.0804435014724731,
1.0803208351135254,
1.080411434173584,
1.0805937051773071,
1.0807164907455444,
1.08072030544281,
1.080693244934082,
1.0806621313095093,
1.080564260482788,
1.0804355144500732,
1.0801664590835571,
1.0798166990280151,
1.0795572996139526,
1.0794569253921509,
1.0794060230255127,
1.0793341398239136,
1.0792362689971924,
1.0791443586349487,
1.0790684223175049,
1.0790175199508667,
1.0789204835891724,
1.0789324045181274,
1.0788848400115967,
1.0789300203323364,
1.0789943933486938,
1.0790400505065918,
1.0788174867630005,
1.0785455703735352,
1.0782970190048218,
1.0781911611557007,
1.0781058073043823,
1.078186273574829,
1.0782930850982666,
1.0783127546310425,
1.0782743692398071,
1.0781992673873901,
1.0780962705612183,
1.077977180480957,
1.077796459197998,
1.0774598121643066,
1.0773138999938965,
1.0772329568862915,
1.0771472454071045,
1.077042579650879,
1.0769604444503784,
1.0768837928771973,
1.0767841339111328,
1.0767178535461426,
1.076672911643982,
1.0766123533248901,
1.0765670537948608,
1.0765849351882935,
1.0766476392745972,
1.0766340494155884,
1.0764800310134888,
1.0761343240737915,
1.0759649276733398,
1.0758161544799805,
1.0757207870483398,
1.0758426189422607,
1.0758764743804932,
1.0759021043777466,
1.0758644342422485,
1.0757938623428345,
1.0756908655166626,
1.0755788087844849,
1.075383186340332,
1.0749629735946655,
1.074763298034668,
1.0746136903762817,
1.0744543075561523,
1.0743695497512817,
1.0742732286453247,
1.0741522312164307,
1.074030876159668,
1.0739365816116333,
1.073824405670166,
1.0737371444702148,
1.073615312576294,
1.073582410812378,
1.0736244916915894,
1.0735963582992554,
1.0733554363250732,
1.0730905532836914,
1.0729809999465942,
1.0728538036346436,
1.0727055072784424,
1.072737455368042,
1.0727906227111816,
1.0728392601013184,
1.07286536693573,
1.072821855545044,
1.0727494955062866,
1.0726553201675415,
1.072474479675293,
1.0718908309936523,
1.0715779066085815,
1.071444034576416,
1.0712926387786865,
1.0711721181869507,
1.07106351852417,
1.0708861351013184,
1.0707614421844482,
1.0706311464309692,
1.0704737901687622,
1.0703425407409668,
1.0701848268508911,
1.0700666904449463,
1.0700101852416992,
1.0698081254959106,
1.0696995258331299,
1.0695178508758545,
1.0693765878677368,
1.069236159324646,
1.068779706954956,
1.0689579248428345,
1.0686676502227783,
1.0688304901123047,
1.0687936544418335,
1.0686843395233154,
1.068522572517395,
1.0684181451797485,
1.0682272911071777,
1.0677447319030762,
1.0675081014633179,
1.0673627853393555,
1.067118763923645,
1.0668727159500122,
1.0668236017227173,
1.0666425228118896,
1.066498041152954,
1.066253900527954,
1.0661119222640991,
1.0659501552581787,
1.0658713579177856,
1.0665045976638794,
1.0668573379516602,
1.0668326616287231,
1.066529393196106,
1.0665112733840942,
1.0663255453109741,
1.0659936666488647,
1.0660525560379028,
1.0661838054656982,
1.0659862756729126,
1.0662615299224854,
1.0662660598754883,
1.0660473108291626,
1.0661908388137817,
1.065891981124878,
1.0656707286834717,
1.065299153327942,
1.0645418167114258,
1.064347505569458,
1.0639126300811768,
1.0633691549301147,
1.063261866569519,
1.0630625486373901,
1.062927484512329,
1.062803030014038,
1.0621377229690552,
1.0621931552886963,
1.0621012449264526,
1.0618938207626343,
1.0614410638809204,
1.0613267421722412,
1.0613149404525757,
1.0609664916992188,
1.0607221126556396,
1.0603500604629517,
1.0600357055664062,
1.0600612163543701,
1.0602338314056396,
1.0600208044052124,
1.0600377321243286,
1.0594406127929688,
1.0595508813858032,
1.0595539808273315,
1.0593513250350952,
1.0589759349822998,
1.0582712888717651,
1.0579544305801392,
1.0574840307235718,
1.0571792125701904,
1.0569010972976685,
1.0564779043197632,
1.056201696395874,
1.055895447731018,
1.0556678771972656,
1.0551999807357788,
1.055133581161499,
1.0548120737075806,
1.054693341255188,
1.0544534921646118,
1.054108738899231,
1.0540070533752441,
1.0533560514450073,
1.0530692338943481,
1.0523637533187866,
1.0521612167358398,
1.0522199869155884,
1.0522593259811401,
1.052196741104126,
1.0519435405731201,
1.0517610311508179,
1.0515867471694946,
1.0512176752090454,
1.0509827136993408,
1.0504246950149536,
1.0496997833251953,
1.0490058660507202,
1.048806071281433,
1.0482286214828491,
1.0478034019470215,
1.0473034381866455,
1.0469614267349243,
1.0466115474700928,
1.0462628602981567,
1.0459160804748535,
1.0458744764328003,
1.0452960729599,
1.045046091079712,
1.044994592666626,
1.044676661491394,
1.0442131757736206,
1.0434800386428833,
1.0431004762649536,
1.0423179864883423,
1.041943073272705,
1.0419254302978516,
1.0417203903198242,
1.0416064262390137,
1.0410387516021729,
1.04084312915802,
1.0403659343719482,
1.0399199724197388,
1.0393873453140259,
1.038692593574524,
1.0379277467727661,
1.0371125936508179,
1.0364919900894165,
1.0358024835586548,
1.0352946519851685,
1.0347474813461304,
1.0340285301208496,
1.0336241722106934,
1.0329324007034302,
1.032349705696106,
1.0318660736083984,
1.0309187173843384,
1.0307087898254395,
1.0301378965377808,
1.0297300815582275,
1.0288699865341187,
1.0280823707580566,
1.0272103548049927,
1.0267750024795532,
1.026140809059143,
1.0256627798080444,
1.0248621702194214,
1.0243909358978271,
1.0239163637161255,
1.023205280303955,
1.0225363969802856,
1.0219337940216064,
1.021021842956543,
1.0203051567077637,
1.0191904306411743,
1.0183329582214355,
1.0173920392990112,
1.0164564847946167,
1.0158295631408691,
1.014899730682373,
1.0141711235046387,
1.0133591890335083,
1.0124680995941162,
1.011788249015808,
1.0110869407653809,
1.0102993249893188,
1.0092711448669434,
1.0085084438323975,
1.0077180862426758,
1.0068707466125488,
1.0061612129211426,
1.0050581693649292,
1.0045740604400635,
1.0036529302597046,
1.0031312704086304,
1.0027000904083252,
1.0020520687103271,
1.0014374256134033,
1.0007020235061646,
0.9999929070472717,
0.9991574883460999,
0.9982597827911377,
0.997329592704773,
0.996120035648346,
0.9951566457748413,
0.9940522909164429,
0.9929996132850647,
0.9920307993888855,
0.9911350607872009,
0.9902747273445129,
0.9879284501075745,
0.9867892265319824,
0.983375072479248,
0.9823935031890869,
0.9834174513816833,
0.9826282262802124,
0.9815501570701599,
0.9804653525352478,
0.9792848229408264,
0.9784064888954163,
0.9772676229476929,
0.9761059284210205,
0.9751117825508118,
0.9738290309906006,
0.972989022731781,
0.9720114469528198,
0.9709569215774536,
0.9701090455055237,
0.969069242477417,
0.9681152105331421,
0.967015266418457,
0.9660015106201172,
0.9648442268371582,
0.9633570313453674,
0.962077796459198,
0.9608961939811707,
0.9595500826835632,
0.9584878087043762,
0.9573664665222168,
0.9560999870300293,
0.9550247192382812,
0.9539686441421509,
0.9528264999389648,
0.9515873193740845,
0.9504496455192566,
0.9495069980621338,
0.9482993483543396,
0.947323739528656,
0.9460422396659851,
0.945044755935669,
0.9437426328659058,
0.9426082372665405,
0.9413211941719055,
0.9404515624046326,
0.9390623569488525,
0.9381861090660095,
0.9369670748710632,
0.9358962774276733,
0.9348813891410828,
0.9337241053581238,
0.9324513673782349,
0.9314700961112976,
0.9302595853805542,
0.9290463924407959,
0.9277054071426392,
0.9265759587287903,
0.9254381656646729,
0.9241414666175842,
0.9229534268379211,
0.92192143201828,
0.9207100868225098,
0.9194282293319702,
0.9183151125907898,
0.91707843542099,
0.9160348176956177,
0.9146981835365295,
0.9134687781333923,
0.9122945666313171,
0.911405086517334,
0.9102636575698853,
0.9090059995651245,
0.90788334608078,
0.9065012335777283,
0.9054401516914368,
0.9040435552597046,
0.9030648469924927,
0.9021352529525757,
0.900801956653595,
0.9000234007835388,
0.8989072442054749,
0.8977815508842468,
0.8965774774551392,
0.8954523205757141,
0.8942704796791077,
0.8929575681686401,
0.8920965790748596,
0.8908823132514954,
0.8893049359321594,
0.8878678679466248,
0.887244701385498,
0.8858830332756042,
0.884301483631134,
0.8831731081008911,
0.8824253678321838,
0.8810421228408813,
0.0,
0.0,
0.0,
0.0,
0.0,
0.0,
0.0,
0.0,
0.0,
0.0,
0.0,
0.0,
0.0,
0.0,
0.0,
0.0,
0.0,
0.0,
0.0,
0.0,
0.0,
0.0,
0.0,
0.0,
0.0,
0.0,
0.0,
0.0,
0.0,
0.0,
0.0,
0.0,
0.0,
0.0,
0.0,
0.0,
0.0,
0.0,
0.0,
0.0,
0.0,
0.0,
0.0,
0.0,
0.0,
0.0,
0.0,
0.0,
0.0,
0.0,
0.0,
0.0,
0.0,
0.0,
0.0,
0.0,
0.0,
0.0,
0.0,
0.0,
0.0,
0.0,
0.0,
0.0,
0.0,
0.0,
0.0,
0.0,
0.0,
0.0,
0.0,
0.0,
0.0,
0.0,
0.0,
0.0,
0.0,
0.0,
0.0,
0.0,
0.0,
0.0,
0.0,
0.0,
0.0,
0.0,
0.0,
0.0,
0.0,
0.0,
0.0,
0.0,
0.0,
0.0,
0.0,
0.0,
0.0,
0.0,
0.0,
0.0,
0.0,
0.0,
0.0,
0.0,
0.0,
0.0,
0.0,
0.0,
0.0,
0.0,
0.0,
0.0,
0.0,
0.0,
0.0,
0.0,
0.0,
0.0,
0.0,
0.0,
0.0,
0.0,
0.0,
0.0,
0.0,
0.0,
0.0,
0.0,
0.0,
0.0,
0.0,
0.0,
0.0,
0.0,
0.0,
0.0,
0.0,
0.0,
0.0,
0.0,
0.0,
0.0,
0.0,
0.0,
0.0,
0.0,
0.0,
0.0,
0.0,
0.0,
0.0,
0.0,
0.0,
0.0,
0.0,
0.0,
0.0,
0.0,
0.0,
0.0,
0.0,
0.0,
0.0,
0.0,
0.0,
0.0,
0.0,
0.0,
0.0,
0.0,
0.0,
0.0,
0.0,
0.0,
0.0,
0.0,
0.0,
0.0,
0.0,
0.0,
0.0,
0.0,
0.0,
0.0,
0.0,
0.0,
0.0,
0.0,
0.0,
0.0,
0.0,
0.0,
0.0,
0.0,
0.0,
0.0,
0.0,
0.0,
0.0,
0.0,
0.0,
0.0,
0.0,
0.0,
0.0,
0.0,
0.0,
0.0,
0.0,
0.0,
0.0,
0.0,
0.0,
0.0,
0.0,
0.0,
0.0,
0.0,
0.0,
0.0,
0.0,
0.0,
0.0,
0.0,
0.0,
0.0,
0.0,
0.0,
0.0,
0.0,
0.0,
0.0,
0.0,
0.0,
0.0,
0.0,
0.0,
0.0,
0.0,
0.0,
0.0,
0.0,
0.0,
0.0,
0.0,
0.0,
0.0,
0.0,
0.0,
0.0,
0.0,
0.0,
0.0,
0.0,
0.0,
0.0,
0.0,
0.0,
0.0,
0.0,
0.0,
0.0,
0.0,
0.0,
0.0,
0.0,
0.0,
0.0,
0.0,
0.0,
0.0,
0.0,
0.0,
0.0,
0.0,
0.0,
0.0,
0.0,
0.0,
0.0,
0.0,
0.0,
0.0,
0.0,
0.0,
0.0,
0.0,
0.0,
0.0,
0.0,
0.0,
0.0,
0.0,
0.0,
0.0,
0.0,
0.0,
0.0,
0.0,
0.0,
0.0,
0.0,
0.0,
0.0,
0.0,
0.0,
0.0,
0.0,
0.0,
0.0,
0.0,
0.0,
0.0,
0.0,
0.0,
0.0,
0.0,
0.0,
0.0,
0.0,
0.0,
0.0,
0.0,
0.0,
0.0,
0.0,
0.0,
0.0,
0.0,
0.0,
0.0,
0.0,
0.0,
0.0,
0.0,
0.0,
0.0,
0.0,
0.0,
0.0,
0.0,
0.0,
0.0,
0.0,
0.0,
0.0,
0.0,
0.0,
0.0,
0.0,
0.0,
0.0,
0.0,
0.0,
0.0,
0.0,
0.0,
0.0,
0.0,
0.0,
0.0,
0.0,
0.0,
0.0,
0.0,
0.0,
0.0,
0.0,
0.0,
0.0,
0.0,
0.0,
0.0,
0.0,
0.0,
0.0,
0.0,
0.0,
0.0,
0.0,
0.0,
0.0,
0.0,
0.0,
0.0,
0.0,
0.0,
0.0,
0.0,
0.0,
0.0,
0.0,
0.0,
0.0,
0.0,
0.0,
0.0,
0.0,
0.0,
0.0,
0.0,
0.0,
0.0,
0.0,
0.0,
0.0,
0.0,
0.0,
0.0,
0.0,
0.0,
0.0,
0.0,
0.0,
0.0,
0.0,
0.0,
0.0,
0.0,
0.0,
0.0,
0.0,
0.0,
0.0,
0.0,
0.0,
0.0,
0.0,
0.0,
0.0,
0.0,
0.0,
0.0,
0.0,
0.0,
0.0,
0.0,
0.0,
0.0,
0.0,
0.0,
0.0,
0.0,
0.0,
0.0,
0.0,
0.0,
0.0,
0.0,
0.0,
0.0,
0.0,
0.0,
0.0,
0.0,
0.0,
0.0,
0.0,
0.0,
0.0,
0.0,
0.0,
0.0,
0.0,
0.0,
0.0,
0.0,
0.0,
0.0,
0.0,
0.0,
0.0,
0.0,
0.0,
0.0,
0.0,
0.0,
0.0,
0.0,
0.0,
0.0,
0.0,
0.0,
0.0,
0.0,
0.0,
0.0,
0.0,
0.0,
0.0,
0.0,
0.0,
0.0,
0.0,
0.0,
0.0,
0.0,
0.0,
0.0,
0.0,
0.0,
0.0,
0.0,
0.0,
0.0,
0.0,
0.0,
0.0,
0.0,
0.0,
0.0,
0.0,
0.0,
0.0,
0.0,
0.0,
0.0,
0.0,
0.0,
0.0,
0.0,
0.0,
0.0,
0.0,
0.0,
0.0,
0.0,
0.0,
0.0,
0.0,
0.0,
0.0,
0.0,
0.0,
0.0,
0.0,
0.0,
0.0,
0.0,
0.0,
0.0,
0.0,
0.0,
0.0,
0.0,
0.0,
0.0,
0.0,
0.0,
0.0,
0.0,
0.0,
0.0,
0.0,
0.0,
0.0,
0.0,
0.0,
0.0,
0.0,
0.0,
0.0,
0.0,
0.0,
0.0,
0.0,
0.0,
0.0,
0.0,
0.0,
0.0,
0.0,
0.0,
0.0,
0.0,
0.0,
0.0,
0.0,
0.0,
0.0,
0.0,
0.0,
0.0,
0.0,
0.0,
0.0,
0.0,
0.0,
0.0,
0.0,
0.0,
0.0,
0.0,
0.0,
0.0,
0.0,
0.0,
0.0,
0.0,
0.0,
0.0,
0.0,
0.0,
0.0,
0.0,
0.0,
0.0,
0.0,
0.0,
0.0,
0.0,
0.0,
0.0,
0.0,
0.0,
0.0,
0.0,
0.0,
0.0,
0.0,
0.0,
0.0,
0.0,
0.0,
0.0,
0.0,
0.0,
0.0,
0.0,
0.0,
0.0,
0.0,
0.0,
0.0,
0.0,
0.0,
0.0,
0.0,
0.0,
0.0,
0.0,
0.0,
0.0,
0.0,
0.0,
0.0,
0.0,
0.0,
0.0,
0.0,
0.0,
0.0,
0.0,
0.0,
0.0,
0.0,
0.0,
0.0,
0.0,
0.0,
0.0,
0.0,
0.0,
0.0,
0.0,
0.0,
0.0,
0.0,
0.0,
0.0,
0.0,
0.0,
0.0,
0.0,
0.0,
0.0,
0.0,
0.0,
0.0,
0.0,
0.0,
0.0,
0.0,
0.0,
0.0,
0.0,
0.0,
0.0,
0.0,
0.0,
0.0,
0.0,
0.0,
0.0,
0.0,
0.0,
0.0,
0.0,
0.0,
0.0,
0.0,
0.0,
0.0,
0.0,
0.0,
0.0,
0.0,
0.0,
0.0,
0.0,
0.0,
0.0,
0.0,
0.0,
0.0,
0.0,
0.0,
0.0,
0.0,
0.0,
0.0,
0.0,
0.0,
0.0,
0.0,
0.0,
0.0,
0.0,
0.0,
0.0,
0.0,
0.0,
0.0,
0.0,
0.0,
0.0,
0.0,
0.0,
0.0,
0.0,
0.0,
0.0,
0.0,
0.0,
0.0,
0.0,
0.0,
0.0,
0.0,
0.0,
0.0,
0.0,
0.0,
0.0,
0.0,
0.0,
0.0,
0.0,
0.0,
0.0,
0.0,
0.0,
0.0,
0.0,
0.0,
0.0,
0.0,
0.0,
0.0,
0.0,
0.0,
0.0,
0.0,
0.0,
0.0,
0.0,
0.0,
0.0,
0.0,
0.0,
0.0,
0.0,
0.0,
0.0,
0.0,
0.0,
0.0,
0.0,
0.0,
0.0,
0.0,
0.0,
0.0,
0.0,
0.0,
0.0,
0.0,
0.0,
0.0,
0.0,
0.0,
0.0,
0.0,
0.0,
0.0,
0.0,
0.0,
0.0,
0.0,
0.0,
0.0,
0.0,
0.0,
0.0,
0.0,
0.0,
0.0,
0.0,
0.0,
0.0,
0.0,
0.0,
0.0,
0.0,
0.0,
0.0,
0.0,
0.0,
0.0,
0.0,
0.0,
0.0,
0.0,
0.0,
0.0,
0.0,
0.0,
0.0,
0.0,
0.0,
0.0,
0.0,
0.0,
0.0,
0.0,
0.0,
0.0,
0.0,
0.0,
0.0,
0.0,
0.0,
0.0,
0.0,
0.0,
0.0,
0.0,
0.0,
0.0,
0.0,
0.0,
0.0,
0.0,
0.0,
0.0,
0.0,
0.0,
0.0,
0.0,
0.0,
0.0,
0.0,
0.0,
0.0,
0.0,
0.0,
0.0,
0.0,
0.0,
0.0,
0.0,
0.0,
0.0,
0.0,
0.0,
0.0,
0.0,
0.0,
0.0,
0.0,
0.0,
0.0,
0.0,
0.0,
0.0,
0.0,
0.0,
0.0,
0.0,
0.0,
0.0,
0.0,
0.0,
0.0,
0.0,
0.0,
0.0,
0.0,
0.0,
0.0,
0.0,
0.0,
0.0,
0.0,
0.0,
0.0,
0.0,
0.0,
0.0,
0.0,
0.0,
0.0,
0.0,
0.0,
0.0,
0.0,
0.0,
0.0,
0.0,
0.0,
0.0,
0.0,
0.0,
0.0,
0.0,
0.0,
0.0,
0.0,
0.0,
0.0,
0.0,
0.0,
0.0,
0.0,
0.0,
0.0,
0.0,
0.0,
0.0,
0.0,
0.0,
0.0,
0.0,
0.0,
0.0,
0.0,
0.0,
0.0,
0.0,
0.0,
0.0,
0.0,
0.0,
0.0,
0.0,
0.0,
0.0,
0.0,
0.0,
0.0,
0.0,
0.0,
0.0,
0.0,
0.0,
0.0,
0.0,
0.0,
0.0,
0.0,
0.0,
0.0,
0.0,
0.0,
0.0,
0.0,
0.0,
0.0,
0.0,
0.0,
0.0,
0.0,
0.0,
0.0,
0.0,
0.0,
0.0,
0.0,
0.0,
0.0,
0.0,
0.0,
0.0,
0.0,
0.0,
0.0,
0.0,
0.0,
0.0,
0.0,
0.0,
0.0,
0.0,
0.0,
0.0,
0.0,
0.0,
0.0,
0.0,
0.0,
0.0,
0.0,
0.0,
0.0,
0.0,
0.0,
0.0,
0.0,
0.0,
0.0,
0.0,
0.0,
0.0,
0.0,
0.0,
0.0,
0.0,
0.0,
0.0,
0.0,
0.0,
0.0,
0.0,
0.0,
0.0,
0.0,
0.0,
0.0,
0.0,
0.0,
0.0,
0.0,
0.0,
0.0,
0.0,
0.0,
0.0,
0.0,
0.0,
0.0,
0.0,
0.0,
0.0,
0.0,
0.0,
0.0,
0.0,
0.0,
0.0,
0.0,
0.0,
0.0,
0.0,
0.0,
0.0,
0.0,
0.0,
0.0,
0.0,
0.0,
0.0,
0.0,
0.0,
0.0,
0.0,
0.0,
0.0,
0.0,
0.0,
0.0,
0.0,
0.0,
0.0,
0.0,
0.0,
0.0,
0.0,
0.0,
0.0,
0.0,
0.0,
0.0,
0.0,
0.0,
0.0,
0.0,
0.0,
0.0,
0.0,
0.0,
0.0,
0.0,
0.0,
0.0,
0.0,
0.0,
0.0,
0.0,
0.0,
0.0,
0.0,
0.0,
0.0,
0.0,
0.0,
0.0,
0.0,
0.0,
0.0,
0.0,
0.0,
0.0,
0.0,
0.0,
0.0,
0.0,
0.0,
0.0,
0.0,
0.0,
0.0,
0.0,
0.0,
0.0,
0.0,
0.0,
0.0,
0.0,
0.0,
0.0,
0.0,
0.0,
0.0,
0.0,
0.0,
0.0,
0.0,
0.0,
0.0,
0.0,
0.0,
0.0,
0.0,
0.0,
0.0,
0.0,
0.0,
0.0,
0.0,
0.0,
0.0,
0.0,
0.0,
0.0,
0.0,
0.0,
0.0,
0.0,
0.0,
0.0,
0.0,
0.0,
0.0,
0.0,
0.0,
0.0,
0.0,
0.0,
0.0,
0.0,
0.0,
0.0,
0.0,
0.0,
0.0,
0.0,
0.0,
0.0,
0.0,
0.0,
0.0,
0.0,
0.0,
0.0,
0.0,
0.0,
0.0,
0.0,
0.0,
0.0,
0.0,
0.0,
0.0,
0.0,
0.0,
0.0,
0.0,
0.0,
0.0,
0.0,
0.0,
0.0,
0.0,
0.0,
0.0,
0.0,
0.0,
0.0,
0.0,
0.0,
0.0,
0.0,
0.0,
0.0,
0.0,
0.0,
0.0,
0.0,
0.0,
0.0,
0.0,
0.0,
0.0,
0.0,
0.0,
0.0,
0.0,
0.0,
0.0,
0.0,
0.0,
0.0,
0.0,
0.0,
0.0,
0.0,
0.0,
0.0,
0.0,
0.0,
0.0,
0.0,
0.0,
0.0,
0.0,
0.0,
0.0,
0.0,
0.0,
0.0,
0.0,
0.0,
0.0,
0.0,
0.0,
0.0,
0.0,
0.0,
0.0,
0.0,
0.0,
0.0,
0.0,
0.0,
0.0,
0.0,
0.0,
0.0,
0.0,
0.0,
0.0,
0.0,
0.0,
0.0,
0.0,
0.0,
0.0,
0.0,
0.0,
0.0,
0.0,
0.0,
0.0,
0.0,
0.0,
0.0,
0.0,
0.0,
0.0,
0.0,
0.0,
0.0,
0.0,
0.0,
0.0,
0.0,
0.0,
0.0,
0.0,
0.0,
0.0,
0.0,
0.0,
0.0,
0.0,
0.0,
0.0,
0.0,
0.0,
0.0,
0.0,
0.0,
0.0,
0.0,
0.0,
0.0,
0.0,
0.0,
0.0,
0.0,
0.0,
0.0,
0.0,
0.0,
0.0,
0.0,
0.0,
0.0,
0.0,
0.0,
0.0,
0.0,
0.0,
0.0,
0.0,
0.0,
0.0,
0.0,
0.0,
0.0,
0.0,
0.0,
0.0,
0.0,
0.0,
0.0,
0.0,
0.0,
0.0,
0.0,
0.0,
0.0,
0.0,
0.0,
0.0,
0.0,
0.0,
0.0,
0.0,
0.0,
0.0,
0.0,
0.0,
0.0,
0.0,
0.0,
0.0,
0.0,
0.0,
0.0,
0.0,
0.0,
0.0,
0.0,
0.0,
0.0,
0.0,
0.0,
0.0,
0.0,
0.0,
0.0,
0.0,
0.0,
0.0,
0.0,
0.0,
0.0,
0.0,
0.0,
0.0,
0.0,
0.0,
0.0,
0.0,
0.0,
0.0,
0.0,
0.0,
0.0,
0.0,
0.0,
0.0,
0.0,
0.0,
0.0,
0.0,
0.0,
0.0,
0.0,
0.0,
0.0,
0.0,
0.0,
0.0,
0.0,
0.0,
0.0,
0.0,
0.0,
0.0,
0.0,
0.0,
0.0,
0.0,
0.0,
0.0,
0.0,
0.0,
0.0,
0.0,
0.0,
0.0,
0.0,
0.0,
0.0,
0.0,
0.0,
0.0,
0.0,
0.0,
0.0,
0.0,
0.0,
0.0,
0.0,
0.0,
0.0,
0.0,
0.0,
0.0,
0.0,
0.0,
0.0,
0.0,
0.0,
0.0,
0.0,
0.0,
0.0,
0.0,
0.0,
0.0,
0.0,
0.0,
0.0,
0.0,
0.0,
0.0,
0.0,
0.0,
0.0,
0.0,
0.0,
0.0,
0.0,
0.0,
0.0,
0.0,
0.0,
0.0,
0.0,
0.0,
0.0,
0.0,
0.0,
0.0,
0.0,
0.0,
0.0,
0.0,
0.0,
0.0,
0.0,
0.0,
0.0,
0.0,
0.0,
0.0,
0.0,
0.0,
0.0,
0.0,
0.0,
0.0,
0.0,
0.0,
0.0,
0.0,
0.0,
0.0,
0.0,
0.0,
0.0,
0.0,
0.0,
0.0,
0.0,
0.0,
0.0,
0.0,
0.0,
0.0,
0.0,
0.0,
0.0,
0.0,
0.0,
0.0,
0.0,
0.0,
0.0,
0.0,
0.0,
0.0,
0.0,
0.0,
0.0,
0.0,
0.0,
0.0,
0.0,
0.0,
0.0,
0.0,
0.0,
0.0,
0.0,
0.0,
0.0,
0.0,
0.0,
0.0,
0.0,
0.0,
0.0,
0.0,
0.0,
0.0,
0.0,
0.0,
0.0,
0.0,
0.0,
0.0,
0.0,
0.0,
0.0,
0.0,
0.0,
0.0,
0.0,
0.0,
0.0,
0.0,
0.0,
0.0,
0.0,
0.0,
0.0,
0.0,
0.0,
0.0,
0.0,
0.0,
0.0,
0.0,
0.0,
0.0,
0.0,
0.0,
0.0,
0.0,
0.0,
0.0,
0.0,
0.0,
0.0,
0.0,
0.0,
0.0,
0.0,
0.0,
0.0,
0.0,
0.0,
0.0,
0.0,
0.0,
0.0,
0.0,
0.0,
0.0,
0.0,
0.0,
0.0,
0.0,
0.0,
0.0,
0.0,
0.0,
0.0,
0.0,
0.0,
0.0,
0.0,
0.0,
0.0,
0.0,
0.0,
0.0,
0.0,
0.0,
0.0,
0.0,
0.0,
0.0,
0.0,
0.0,
0.0,
0.0,
0.0,
0.0,
0.0,
0.0,
0.0,
0.0,
0.0,
0.0,
0.0,
0.0,
0.0,
0.0,
0.0,
0.0,
0.0,
0.0,
0.0,
0.0,
0.0,
0.0,
0.0,
0.0,
0.0,
0.0,
0.0,
0.0,
0.0,
0.0,
0.0,
0.0,
0.0,
0.0,
0.0,
0.0,
0.0,
0.0,
0.0,
0.0,
0.0,
0.0,
0.0,
0.0,
0.0,
0.0,
0.0,
