1.0499999523162842,
1.0761265754699707,
1.0766531229019165,
1.0775996446609497,
1.0785231590270996,
1.0790976285934448,
1.0795068740844727,
1.0798841714859009,
1.079983115196228,
1.0801759958267212,
1.080355167388916,
1.0805001258850098,
1.0751689672470093,
1.0779788494110107,
1.0790152549743652,
1.0793882608413696,
1.0797621011734009,
1.079958200454712,
1.0801254510879517,
1.0802556276321411,
1.080281138420105,
1.0804558992385864,
1.0805715322494507,
1.0805753469467163,
1.0805809497833252,
1.0806713104248047,
1.0807229280471802,
1.080696702003479,
1.0807353258132935,
1.0807087421417236,
1.0807325839996338,
1.080806851387024,
1.0807945728302002,
1.0807950496673584,
1.0808621644973755,
1.0809428691864014,
1.0809543132781982,
1.0808953046798706,
1.0808743238449097,
1.0808746814727783,
1.0809391736984253,
1.0809144973754883,
1.0809885263442993,
1.0810154676437378,
1.0809204578399658,
1.080889105796814,
1.0809054374694824,
1.0809342861175537,
1.0809739828109741,
1.0809518098831177,
1.0809991359710693,
1.080979824066162,
1.0809922218322754,
1.080991506576538,
1.0809245109558105,
1.0809041261672974,
1.0809128284454346,
1.0808161497116089,
1.0808135271072388,
1.0808296203613281,
1.0808098316192627,
1.080796480178833,
1.0808322429656982,
1.0807602405548096,
1.0808088779449463,
1.0815447568893433,
1.081756353378296,
1.0819475650787354,
1.0820422172546387,
1.0820703506469727,
1.0809755325317383,
1.0807738304138184,
1.0806456804275513,
1.0805962085723877,
1.080567717552185,
1.0805426836013794,
1.08047616481781,
1.0804078578948975,
1.0804417133331299,
1.0803987979888916,
1.0803180932998657,
1.0802596807479858,
1.080227017402649,
1.08018958568573,
1.080146074295044,
1.0800886154174805,
1.0800747871398926,
1.0800480842590332,
1.080027461051941,
1.0799833536148071,
1.0799884796142578,
1.0799310207366943,
1.0799343585968018,
1.0798927545547485,
1.0798832178115845,
1.0798594951629639,
1.0798250436782837,
1.0797905921936035,
1.0797876119613647,
1.0797793865203857,
1.0796983242034912,
1.0796399116516113,
1.0796072483062744,
1.079581618309021,
1.0795468091964722,
1.0795331001281738,
1.0794854164123535,
1.0794520378112793,
1.0795190334320068,
1.0795178413391113,
1.079446792602539,
1.0794196128845215,
1.0793198347091675,
1.0793348550796509,
1.0793508291244507,
1.0792741775512695,
1.0792404413223267,
1.0792227983474731,
1.0791945457458496,
1.0791959762573242,
1.0791131258010864,
1.0791099071502686,
1.0790276527404785,
1.0789726972579956,
1.0789587497711182,
1.078959345817566,
1.0789295434951782,
1.0788861513137817,
1.0788458585739136,
1.07877516746521,
1.078715205192566,
1.0787618160247803,
1.0787273645401,
1.0786937475204468,
1.0785870552062988,
1.0785263776779175,
1.0784788131713867,
1.0784733295440674,
1.0783871412277222,
1.078317403793335,
1.0783098936080933,
1.0782487392425537,
1.0782389640808105,
1.0781967639923096,
1.0781124830245972,
1.07811439037323,
1.078041434288025,
1.078031063079834,
1.0780142545700073,
1.077898621559143,
1.077885389328003,
1.0778424739837646,
1.0778032541275024,
1.0778167247772217,
1.0777544975280762,
1.0777150392532349,
1.0776891708374023,
1.077632188796997,
1.0775632858276367,
1.0775264501571655,
1.0775362253189087,
1.0774776935577393,
1.0774563550949097,
1.0773886442184448,
1.077343225479126,
1.077341079711914,
1.0773292779922485,
1.0772827863693237,
1.07721745967865,
1.0772022008895874,
1.0771822929382324,
1.0771331787109375,
1.077069640159607,
1.0770201683044434,
1.0769492387771606,
1.0769195556640625,
1.0769155025482178,
1.0769109725952148,
1.076969027519226,
1.0771172046661377,
1.0771335363388062,
1.07704758644104,
1.076863169670105,
1.0766847133636475,
1.0766228437423706,
1.0765495300292969,
1.076697826385498,
1.076819658279419,
1.0768654346466064,
1.0768673419952393,
1.0768022537231445,
1.0767487287521362,
1.0766161680221558,
1.076446771621704,
1.0762046575546265,
1.0761531591415405,
1.0760788917541504,
1.0760427713394165,
1.075995683670044,
1.0759583711624146,
1.0759215354919434,
1.0758335590362549,
1.0757793188095093,
1.0757410526275635,
1.0757585763931274,
1.0757511854171753,
1.075819730758667,
1.075968623161316,
1.0759915113449097,
1.075852870941162,
1.075654149055481,
1.0754677057266235,
1.075340747833252,
1.0754327774047852,
1.0756831169128418,
1.0757931470870972,
1.0759272575378418,
1.0759162902832031,
1.0758665800094604,
1.075819492340088,
1.0756747722625732,
1.0754417181015015,
1.0750706195831299,
1.0749030113220215,
1.0748430490493774,
1.0747854709625244,
1.0747288465499878,
1.0746735334396362,
1.074618935585022,
1.0745903253555298,
1.0745446681976318,
1.0745652914047241,
1.0745759010314941,
1.074597954750061,
1.0747014284133911,
1.0748592615127563,
1.0748311281204224,
1.0745718479156494,
1.0743266344070435,
1.0742225646972656,
1.0741033554077148,
1.0741798877716064,
1.0743352174758911,
1.0744454860687256,
1.0744731426239014,
1.0744742155075073,
1.0744006633758545,
1.074324131011963,
1.0741976499557495,
1.0739072561264038,
1.0737603902816772,
1.0736762285232544,
1.0736446380615234,
1.0735570192337036,
1.073487401008606,
1.0734549760818481,
1.0733590126037598,
1.0733011960983276,
1.073228359222412,
1.0732625722885132,
1.0732526779174805,
1.073252558708191,
1.0733181238174438,
1.0734810829162598,
1.0733880996704102,
1.0731662511825562,
1.0729879140853882,
1.0728596448898315,
1.0728007555007935,
1.072865605354309,
1.0730255842208862,
1.073102355003357,
1.0731457471847534,
1.0731207132339478,
1.073079228401184,
1.0729823112487793,
1.0729541778564453,
1.072632908821106,
1.0724072456359863,
1.0723292827606201,
1.072280764579773,
1.072196125984192,
1.0721889734268188,
1.0721129179000854,
1.0720919370651245,
1.071973443031311,
1.07194185256958,
1.0718997716903687,
1.0718646049499512,
1.0718321800231934,
1.0719420909881592,
1.0719871520996094,
1.0718998908996582,
1.0716811418533325,
1.0716156959533691,
1.0715502500534058,
1.0714764595031738,
1.0715090036392212,
1.0715938806533813,
1.0717105865478516,
1.0717871189117432,
1.0718410015106201,
1.071839451789856,
1.071799397468567,
1.0717862844467163,
1.071442723274231,
1.0711452960968018,
1.0710716247558594,
1.0709573030471802,
1.0708420276641846,
1.0708314180374146,
1.0707799196243286,
1.0706782341003418,
1.0705909729003906,
1.070540189743042,
1.0704920291900635,
1.0703932046890259,
1.0703542232513428,
1.0703874826431274,
1.0702877044677734,
1.0702072381973267,
1.0702320337295532,
1.070155143737793,
1.0700713396072388,
1.0699442625045776,
1.0699944496154785,
1.0700340270996094,
1.06998610496521,
1.0700626373291016,
1.0700336694717407,
1.070000410079956,
1.0699797868728638,
1.0699489116668701,
1.0696700811386108,
1.0695581436157227,
1.0694661140441895,
1.0694011449813843,
1.0693228244781494,
1.069252610206604,
1.0692306756973267,
1.0691841840744019,
1.069119930267334,
1.069083333015442,
1.0689932107925415,
1.0689517259597778,
1.0698598623275757,
1.0703116655349731,
1.0705381631851196,
1.070550799369812,
1.0704684257507324,
1.070385217666626,
1.0703389644622803,
1.070375680923462,
1.0706074237823486,
1.0707917213439941,
1.070982813835144,
1.071028709411621,
1.0710983276367188,
1.0710934400558472,
1.0710744857788086,
1.0709898471832275,
1.070688247680664,
1.0703243017196655,
1.0700732469558716,
1.0698566436767578,
1.0697015523910522,
1.0696154832839966,
1.0695475339889526,
1.0694859027862549,
1.0694302320480347,
1.069413185119629,
1.0693271160125732,
1.0692323446273804,
1.0692168474197388,
1.0692784786224365,
1.0693317651748657,
1.0691670179367065,
1.0690205097198486,
1.0689598321914673,
1.0688289403915405,
1.0688533782958984,
1.0690643787384033,
1.0692166090011597,
1.0692987442016602,
1.069364309310913,
1.069400668144226,
1.0694494247436523,
1.0694001913070679,
1.0693899393081665,
1.069039225578308,
1.0687832832336426,
1.0685889720916748,
1.068436622619629,
1.0682787895202637,
1.0682140588760376,
1.0681660175323486,
1.0681143999099731,
1.0680806636810303,
1.0680164098739624,
1.0679596662521362,
1.0679749250411987,
1.0679974555969238,
1.0680464506149292,
1.0680345296859741,
1.0679222345352173,
1.067745327949524,
1.0676010847091675,
1.0674872398376465,
1.0675122737884521,
1.067676067352295,
1.0678104162216187,
1.06794011592865,
1.0679500102996826,
1.0679973363876343,
1.0679957866668701,
1.0679770708084106,
1.0678297281265259,
1.0675289630889893,
1.0672800540924072,
1.0670437812805176,
1.0669171810150146,
1.0668256282806396,
1.0667327642440796,
1.0666694641113281,
1.066603660583496,
1.0665688514709473,
1.0665714740753174,
1.0665459632873535,
1.0665119886398315,
1.0665708780288696,
1.0666242837905884,
1.0666136741638184,
1.066092848777771,
1.0662641525268555,
1.0661022663116455,
1.0659472942352295,
1.0659947395324707,
1.066164493560791,
1.0663625001907349,
1.066385269165039,
1.0664410591125488,
1.0664032697677612,
1.0663306713104248,
1.0663148164749146,
1.0660682916641235,
1.0651278495788574,
1.065532922744751,
1.06540048122406,
1.0652297735214233,
1.065065860748291,
1.065100073814392,
1.0649842023849487,
1.064963698387146,
1.0649352073669434,
1.0648818016052246,
1.0648828744888306,
1.0648777484893799,
1.0648730993270874,
1.0650100708007812,
1.064974069595337,
1.0645383596420288,
1.0646090507507324,
1.0643573999404907,
1.0643819570541382,
1.0644193887710571,
1.064185619354248,
1.064558506011963,
1.064447283744812,
1.0642709732055664,
1.064442753791809,
1.0645246505737305,
1.064483642578125,
1.0644376277923584,
1.063884973526001,
1.0635946989059448,
1.063543438911438,
1.0633907318115234,
1.0635226964950562,
1.0634746551513672,
1.0633867979049683,
1.0633339881896973,
1.063225269317627,
1.0632104873657227,
1.0631113052368164,
1.0625076293945312,
1.0629583597183228,
1.0624775886535645,
1.062811255455017,
1.0627704858779907,
1.0625261068344116,
1.062628984451294,
1.0625828504562378,
1.0625684261322021,
1.0623172521591187,
1.0626548528671265,
1.063128113746643,
1.063163161277771,
1.0633243322372437,
1.0630227327346802,
1.063257098197937,
1.0632189512252808,
1.0629196166992188,
1.0625617504119873,
1.062305212020874,
1.0617595911026,
1.061934471130371,
1.0615971088409424,
1.0613157749176025,
1.0601551532745361,
1.0595877170562744,
1.0572599172592163,
1.058918833732605,
1.058717966079712,
1.0590221881866455,
1.05912184715271,
1.0592145919799805,
1.0591061115264893,
1.05916428565979,
1.0590509176254272,
1.058980941772461,
1.0588597059249878,
1.0587824583053589,
1.058980941772461,
1.0590523481369019,
1.0589498281478882,
1.0590015649795532,
1.0588923692703247,
1.059051752090454,
1.0590295791625977,
1.058786392211914,
1.0584748983383179,
1.0580480098724365,
1.058039665222168,
1.0579047203063965,
1.0578681230545044,
1.0577199459075928,
1.0574086904525757,
1.057616949081421,
1.0575642585754395,
1.0574809312820435,
1.0573985576629639,
1.0573680400848389,
1.057352900505066,
1.0572937726974487,
1.0571796894073486,
1.0569883584976196,
1.0568889379501343,
1.0566996335983276,
1.0566867589950562,
1.0566900968551636,
1.0567543506622314,
1.0567758083343506,
1.0567851066589355,
1.0563026666641235,
1.0563870668411255,
1.05608332157135,
1.0564407110214233,
1.0562156438827515,
1.0559431314468384,
1.0557218790054321,
1.0557148456573486,
1.0551832914352417,
1.0555088520050049,
1.0554516315460205,
1.0552165508270264,
1.0552749633789062,
1.0549575090408325,
1.0550895929336548,
1.0549561977386475,
1.0549331903457642,
1.0548958778381348,
1.0549211502075195,
1.0543657541275024,
1.0545918941497803,
1.0545446872711182,
1.0544767379760742,
1.054382085800171,
1.0542949438095093,
1.0544356107711792,
1.0545878410339355,
1.0546597242355347,
1.054660677909851,
1.0543522834777832,
1.0543880462646484,
1.0544462203979492,
1.0543359518051147,
1.0536208152770996,
1.0535621643066406,
1.0531537532806396,
1.0530056953430176,
1.0528855323791504,
1.0530939102172852,
1.05233633518219,
1.0525047779083252,
1.0528277158737183,
1.0526554584503174,
1.0523892641067505,
1.0525566339492798,
1.0523066520690918,
1.0518662929534912,
1.0520747900009155,
1.052178978919983,
1.0517886877059937,
1.0516175031661987,
1.051821231842041,
1.0517919063568115,
1.0517717599868774,
1.0519429445266724,
1.0518715381622314,
1.0518516302108765,
1.0519694089889526,
1.051890254020691,
1.0513978004455566,
1.0513365268707275,
1.051269292831421,
1.0505919456481934,
1.05093514919281,
1.050421118736267,
1.0507224798202515,
1.0504165887832642,
1.0501807928085327,
1.0501290559768677,
1.0503605604171753,
1.0499060153961182,
1.0501432418823242,
1.050029993057251,
1.0500011444091797,
1.0497493743896484,
1.0493969917297363,
1.04910147190094,
1.0493189096450806,
1.0490443706512451,
1.0493065118789673,
1.0490752458572388,
1.049050211906433,
1.0489741563796997,
1.0488823652267456,
1.049031138420105,
1.0485506057739258,
1.0482842922210693,
1.0483275651931763,
1.0482709407806396,
1.048134207725525,
1.0483577251434326,
1.0477583408355713,
1.047601342201233,
1.0480271577835083,
1.046871542930603,
1.0474011898040771,
1.0473427772521973,
1.0475834608078003,
1.0468993186950684,
1.0471458435058594,
1.046724796295166,
1.0464640855789185,
1.0469083786010742,
1.0467121601104736,
1.0466517210006714,
1.0468146800994873,
1.0464730262756348,
1.0463758707046509,
1.0465657711029053,
1.0460957288742065,
1.0460513830184937,
1.0461736917495728,
1.0461082458496094,
1.045760154724121,
1.0453848838806152,
1.0458686351776123,
1.0456355810165405,
1.045554280281067,
1.0452278852462769,
1.0450090169906616,
1.045309066772461,
1.0449126958847046,
1.044631838798523,
1.0445243120193481,
1.0446792840957642,
1.0446555614471436,
1.0437493324279785,
1.044136881828308,
1.0441139936447144,
1.0436891317367554,
1.043351650238037,
1.0434516668319702,
1.0433982610702515,
1.0438146591186523,
1.043530821800232,
1.0435069799423218,
1.043291449546814,
1.0428293943405151,
1.0429500341415405,
1.042793869972229,
1.042516827583313,
1.0426342487335205,
1.043026089668274,
1.0423831939697266,
1.042263150215149,
1.042527437210083,
1.0425461530685425,
1.0417474508285522,
1.0420143604278564,
1.0419336557388306,
1.0417839288711548,
1.0413503646850586,
1.0415329933166504,
1.0415788888931274,
1.0409194231033325,
1.0414555072784424,
1.0410584211349487,
1.0410503149032593,
1.0408915281295776,
1.0404764413833618,
1.0402717590332031,
1.040156364440918,
1.0397981405258179,
1.039731740951538,
1.0402076244354248,
1.040066123008728,
1.0395004749298096,
1.0397260189056396,
1.039636254310608,
1.039618730545044,
1.0388623476028442,
1.0387959480285645,
1.0388160943984985,
1.039221167564392,
1.0389865636825562,
1.0384174585342407,
1.038320541381836,
1.0381547212600708,
1.0377634763717651,
1.037601113319397,
1.0382344722747803,
1.037637710571289,
1.0377821922302246,
1.0379338264465332,
1.0376640558242798,
1.0377002954483032,
1.0379891395568848,
1.0382859706878662,
1.037798523902893,
1.0376375913619995,
1.0374177694320679,
1.0373859405517578,
1.0374581813812256,
1.0375174283981323,
1.0373681783676147,
1.036984920501709,
1.036641001701355,
1.0367372035980225,
1.0366448163986206,
1.0367865562438965,
1.0373914241790771,
1.037208914756775,
1.0375369787216187,
1.0368340015411377,
1.0366954803466797,
1.0370287895202637,
1.0368874073028564,
1.0363597869873047,
1.0361149311065674,
1.0357378721237183,
1.0353046655654907,
1.035220980644226,
1.0351554155349731,
1.0349323749542236,
1.0349103212356567,
1.0342702865600586,
1.0341814756393433,
1.034066081047058,
1.0344679355621338,
1.0343990325927734,
1.0341389179229736,
1.0340360403060913,
1.03376305103302,
1.033703327178955,
1.033475399017334,
1.0334726572036743,
1.0329755544662476,
1.03354012966156,
1.0335997343063354,
1.0330557823181152,
1.0329519510269165,
1.032862901687622,
1.0331919193267822,
1.033171534538269,
1.0326539278030396,
1.0329526662826538,
1.0322847366333008,
1.0316983461380005,
1.0315881967544556,
1.0316855907440186,
1.031400442123413,
1.0314512252807617,
1.0304794311523438,
1.030368447303772,
1.0309386253356934,
1.030176043510437,
1.0300397872924805,
1.0298668146133423,
1.0302937030792236,
1.0299692153930664,
1.0294550657272339,
1.0297470092773438,
1.0295205116271973,
1.0290732383728027,
1.0289164781570435,
1.028989315032959,
1.028946042060852,
1.0284174680709839,
1.0285344123840332,
1.028646469116211,
1.0285686254501343,
1.028419017791748,
1.0284332036972046,
1.027734637260437,
1.0278043746948242,
1.0276702642440796,
1.0268625020980835,
1.0275505781173706,
1.026855230331421,
1.0264739990234375,
1.0268791913986206,
1.0261331796646118,
1.026174783706665,
1.0257363319396973,
1.0253803730010986,
1.0252426862716675,
1.0254775285720825,
1.0244910717010498,
1.0251964330673218,
1.024518370628357,
1.0247931480407715,
1.0242682695388794,
1.0242667198181152,
1.0240769386291504,
1.023972511291504,
1.0233135223388672,
1.0232877731323242,
1.023215889930725,
1.0233378410339355,
1.0227315425872803,
1.0225826501846313,
1.0226025581359863,
1.0224798917770386,
1.022729754447937,
1.0227254629135132,
1.0222444534301758,
1.0216420888900757,
1.0212197303771973,
1.0211679935455322,
1.0211288928985596,
1.0203347206115723,
1.0202529430389404,
1.0199174880981445,
1.0199815034866333,
1.018872857093811,
1.0190064907073975,
1.018975853919983,
1.0188056230545044,
1.0188493728637695,
1.018512487411499,
1.017917275428772,
1.0176478624343872,
1.017449975013733,
1.0172022581100464,
1.0171226263046265,
1.016831636428833,
1.0165952444076538,
1.0161941051483154,
1.0161166191101074,
1.0163980722427368,
1.0161961317062378,
1.0157870054244995,
1.0152679681777954,
1.0154422521591187,
1.0147649049758911,
1.0149792432785034,
1.0143063068389893,
1.0142509937286377,
1.0137282609939575,
1.012954831123352,
1.01292884349823,
1.0124619007110596,
1.0122982263565063,
1.0119856595993042,
1.0116305351257324,
1.0114502906799316,
1.011488676071167,
1.010894775390625,
1.0102471113204956,
1.0101796388626099,
1.0096901655197144,
1.0095984935760498,
1.008997917175293,
1.0092811584472656,
1.0088850259780884,
1.0081567764282227,
1.0081748962402344,
1.0075223445892334,
1.007996678352356,
1.00745689868927,
1.0071265697479248,
1.0070401430130005,
1.0069849491119385,
1.006230354309082,
1.0062648057937622,
1.0062648057937622,
1.0036101341247559,
1.0039538145065308,
1.0037883520126343,
1.0030145645141602,
1.0028576850891113,
1.0023175477981567,
1.0025050640106201,
1.0020023584365845,
1.0015960931777954,
1.0014076232910156,
1.0009946823120117,
0.9999258518218994,
0.9997304081916809,
0.9993018507957458,
0.9989774227142334,
0.9983009696006775,
0.9980385899543762,
0.9981088042259216,
0.997812032699585,
0.9977167844772339,
0.9972463846206665,
0.996816873550415,
0.9964300990104675,
0.9957960844039917,
0.9957703948020935,
0.9948693513870239,
0.9944912195205688,
0.9937171936035156,
0.9929947853088379,
0.9928850531578064,
0.9921126365661621,
0.991228461265564,
0.9911742806434631,
0.9906846880912781,
0.9905183911323547,
0.9897537231445312,
0.9894617199897766,
0.9887624382972717,
0.9885615110397339,
0.9881234765052795,
0.9871433973312378,
0.9868757724761963,
0.986751139163971,
0.985633909702301,
0.9853370785713196,
0.9848552346229553,
0.9837762117385864,
0.9837062358856201,
0.9829033017158508,
0.9824267029762268,
0.9820850491523743,
0.9817268252372742,
0.981791615486145,
0.9812609553337097,
0.9802373647689819,
0.9801133871078491,
0.9792162775993347,
0.9788922071456909,
0.9776747822761536,
0.9769372344017029,
0.976372480392456,
0.9754303097724915,
0.975220799446106,
0.9742091298103333,
0.9736590385437012,
0.9733757972717285,
0.9723668098449707,
0.971435010433197,
0.9706010818481445,
0.9701696038246155,
0.9697480797767639,
0.9691625237464905,
0.9670969247817993,
0.9660676717758179,
0.9669121503829956,
0.9653720855712891,
0.964016318321228,
0.9632816910743713,
0.9629045128822327,
0.9614385962486267,
0.9607146382331848,
0.9600152373313904,
0.9601399302482605,
0.9585452079772949,
0.9575837850570679,
0.9577685594558716,
0.9563888907432556,
0.9547170400619507,
0.9545301198959351,
0.9541962742805481,
0.9532029032707214,
0.9517017602920532,
0.9505685567855835,
0.9508460760116577,
0.9489113092422485,
0.9481136798858643,
0.9468619227409363,
0.9470497965812683,
0.9458501935005188,
0.9448758363723755,
0.9435797333717346,
0.942717969417572,
0.941525936126709,
0.9403947591781616,
0.9393925666809082,
0.9384638071060181,
0.9381852746009827,
0.9371873140335083,
0.9370035529136658,
0.935522735118866,
0.9349595308303833,
0.9337931275367737,
0.9327896237373352,
0.9319854378700256,
0.9310229420661926,
0.9300321936607361,
0.9291083812713623,
0.9278773665428162,
0.926670253276825,
0.9257649183273315,
0.9256152510643005,
0.9238751530647278,
0.9224608540534973,
0.9216127991676331,
0.9215601682662964,
0.9196223616600037,
0.9182979464530945,
0.9176158308982849,
0.9169412851333618,
0.9154210686683655,
0.9144423604011536,
0.914388120174408,
0.9129287004470825,
0.9117001295089722,
0.9107484817504883,
0.9099533557891846,
0.9084650278091431,
0.9069380164146423,
0.9061023592948914,
0.9058919548988342,
0.9040546417236328,
0.902798593044281,
0.9019811749458313,
0.9015825390815735,
0.9004168510437012,
0.8991405367851257,
0.8984518647193909,
0.897453248500824,
0.8962560296058655,
0.8949595093727112,
0.8937690854072571,
0.8933426141738892,
0.8920170664787292,
0.8906100392341614,
0.8896673321723938,
0.8889492154121399,
0.8870218396186829,
0.8862597942352295,
0.8851667046546936,
0.8842687010765076,
0.8830047845840454,
0.8821191787719727,
0.8811813592910767,
0.8805362582206726,
0.8805362582206726,
0.0,
0.0,
0.0,
0.0,
0.0,
0.0,
0.0,
0.0,
0.0,
0.0,
0.0,
0.0,
0.0,
0.0,
0.0,
0.0,
0.0,
0.0,
0.0,
0.0,
0.0,
0.0,
0.0,
0.0,
0.0,
0.0,
0.0,
0.0,
0.0,
0.0,
0.0,
0.0,
0.0,
0.0,
0.0,
0.0,
0.0,
0.0,
0.0,
0.0,
0.0,
0.0,
0.0,
0.0,
0.0,
0.0,
0.0,
0.0,
0.0,
0.0,
0.0,
0.0,
0.0,
0.0,
0.0,
0.0,
0.0,
0.0,
0.0,
0.0,
0.0,
0.0,
0.0,
0.0,
0.0,
0.0,
0.0,
0.0,
0.0,
0.0,
0.0,
0.0,
0.0,
0.0,
0.0,
0.0,
0.0,
0.0,
0.0,
0.0,
0.0,
0.0,
0.0,
0.0,
0.0,
0.0,
0.0,
0.0,
0.0,
0.0,
0.0,
0.0,
0.0,
0.0,
0.0,
0.0,
0.0,
0.0,
0.0,
0.0,
0.0,
0.0,
0.0,
0.0,
0.0,
0.0,
0.0,
0.0,
0.0,
0.0,
0.0,
0.0,
0.0,
0.0,
0.0,
0.0,
0.0,
0.0,
0.0,
0.0,
0.0,
0.0,
0.0,
0.0,
0.0,
0.0,
0.0,
0.0,
0.0,
0.0,
0.0,
0.0,
0.0,
0.0,
0.0,
0.0,
0.0,
0.0,
0.0,
0.0,
0.0,
0.0,
0.0,
0.0,
0.0,
0.0,
0.0,
0.0,
0.0,
0.0,
0.0,
0.0,
0.0,
0.0,
0.0,
0.0,
0.0,
0.0,
0.0,
0.0,
0.0,
0.0,
0.0,
0.0,
0.0,
0.0,
0.0,
0.0,
0.0,
0.0,
0.0,
0.0,
0.0,
0.0,
0.0,
0.0,
0.0,
0.0,
0.0,
0.0,
0.0,
0.0,
0.0,
0.0,
0.0,
0.0,
0.0,
0.0,
0.0,
0.0,
0.0,
0.0,
0.0,
0.0,
0.0,
0.0,
0.0,
0.0,
0.0,
0.0,
0.0,
0.0,
0.0,
0.0,
0.0,
0.0,
0.0,
0.0,
0.0,
0.0,
0.0,
0.0,
0.0,
0.0,
0.0,
0.0,
0.0,
0.0,
0.0,
0.0,
0.0,
0.0,
0.0,
0.0,
0.0,
0.0,
0.0,
0.0,
0.0,
0.0,
0.0,
0.0,
0.0,
0.0,
0.0,
0.0,
0.0,
0.0,
0.0,
0.0,
0.0,
0.0,
0.0,
0.0,
0.0,
0.0,
0.0,
0.0,
0.0,
0.0,
0.0,
0.0,
0.0,
0.0,
0.0,
0.0,
0.0,
0.0,
0.0,
0.0,
0.0,
0.0,
0.0,
0.0,
0.0,
0.0,
0.0,
0.0,
0.0,
0.0,
0.0,
0.0,
0.0,
0.0,
0.0,
0.0,
0.0,
0.0,
0.0,
0.0,
0.0,
0.0,
0.0,
0.0,
0.0,
0.0,
0.0,
0.0,
0.0,
0.0,
0.0,
0.0,
0.0,
0.0,
0.0,
0.0,
0.0,
0.0,
0.0,
0.0,
0.0,
0.0,
0.0,
0.0,
0.0,
0.0,
0.0,
0.0,
0.0,
0.0,
0.0,
0.0,
0.0,
0.0,
0.0,
0.0,
0.0,
0.0,
0.0,
0.0,
0.0,
0.0,
0.0,
0.0,
0.0,
0.0,
0.0,
0.0,
0.0,
0.0,
0.0,
0.0,
0.0,
0.0,
0.0,
0.0,
0.0,
0.0,
0.0,
0.0,
0.0,
0.0,
0.0,
0.0,
0.0,
0.0,
0.0,
0.0,
0.0,
0.0,
0.0,
0.0,
0.0,
0.0,
0.0,
0.0,
0.0,
0.0,
0.0,
0.0,
0.0,
0.0,
0.0,
0.0,
0.0,
0.0,
0.0,
0.0,
0.0,
0.0,
0.0,
0.0,
0.0,
0.0,
0.0,
0.0,
0.0,
0.0,
0.0,
0.0,
0.0,
0.0,
0.0,
0.0,
0.0,
0.0,
0.0,
0.0,
0.0,
0.0,
0.0,
0.0,
0.0,
0.0,
0.0,
0.0,
0.0,
0.0,
0.0,
0.0,
0.0,
0.0,
0.0,
0.0,
0.0,
0.0,
0.0,
0.0,
0.0,
0.0,
0.0,
0.0,
0.0,
0.0,
0.0,
0.0,
0.0,
0.0,
0.0,
0.0,
0.0,
0.0,
0.0,
0.0,
0.0,
0.0,
0.0,
0.0,
0.0,
0.0,
0.0,
0.0,
0.0,
0.0,
0.0,
0.0,
0.0,
0.0,
0.0,
0.0,
0.0,
0.0,
0.0,
0.0,
0.0,
0.0,
0.0,
0.0,
0.0,
0.0,
0.0,
0.0,
0.0,
0.0,
0.0,
0.0,
0.0,
0.0,
0.0,
0.0,
0.0,
0.0,
0.0,
0.0,
0.0,
0.0,
0.0,
0.0,
0.0,
0.0,
0.0,
0.0,
0.0,
0.0,
0.0,
0.0,
0.0,
0.0,
0.0,
0.0,
0.0,
0.0,
0.0,
0.0,
0.0,
0.0,
0.0,
0.0,
0.0,
0.0,
0.0,
0.0,
0.0,
0.0,
0.0,
0.0,
0.0,
0.0,
0.0,
0.0,
0.0,
0.0,
0.0,
0.0,
0.0,
0.0,
0.0,
0.0,
0.0,
0.0,
0.0,
0.0,
0.0,
0.0,
0.0,
0.0,
0.0,
0.0,
0.0,
0.0,
0.0,
0.0,
0.0,
0.0,
0.0,
0.0,
0.0,
0.0,
0.0,
0.0,
0.0,
0.0,
0.0,
0.0,
0.0,
0.0,
0.0,
0.0,
0.0,
0.0,
0.0,
0.0,
0.0,
0.0,
0.0,
0.0,
0.0,
0.0,
0.0,
0.0,
0.0,
0.0,
0.0,
0.0,
0.0,
0.0,
0.0,
0.0,
0.0,
0.0,
0.0,
0.0,
0.0,
0.0,
0.0,
0.0,
0.0,
0.0,
0.0,
0.0,
0.0,
0.0,
0.0,
0.0,
0.0,
0.0,
0.0,
0.0,
0.0,
0.0,
0.0,
0.0,
0.0,
0.0,
0.0,
0.0,
0.0,
0.0,
0.0,
0.0,
0.0,
0.0,
0.0,
0.0,
0.0,
0.0,
0.0,
0.0,
0.0,
0.0,
0.0,
0.0,
0.0,
0.0,
0.0,
0.0,
0.0,
0.0,
0.0,
0.0,
0.0,
0.0,
0.0,
0.0,
0.0,
0.0,
0.0,
0.0,
0.0,
0.0,
0.0,
0.0,
0.0,
0.0,
0.0,
0.0,
0.0,
0.0,
0.0,
0.0,
0.0,
0.0,
0.0,
0.0,
0.0,
0.0,
0.0,
0.0,
0.0,
0.0,
0.0,
0.0,
0.0,
0.0,
0.0,
0.0,
0.0,
0.0,
0.0,
0.0,
0.0,
0.0,
0.0,
0.0,
0.0,
0.0,
0.0,
0.0,
0.0,
0.0,
0.0,
0.0,
0.0,
0.0,
0.0,
0.0,
0.0,
0.0,
0.0,
0.0,
0.0,
0.0,
0.0,
0.0,
0.0,
0.0,
0.0,
0.0,
0.0,
0.0,
0.0,
0.0,
0.0,
0.0,
0.0,
0.0,
0.0,
0.0,
0.0,
0.0,
0.0,
0.0,
0.0,
0.0,
0.0,
0.0,
0.0,
0.0,
0.0,
0.0,
0.0,
0.0,
0.0,
0.0,
0.0,
0.0,
0.0,
0.0,
0.0,
0.0,
0.0,
0.0,
0.0,
0.0,
0.0,
0.0,
0.0,
0.0,
0.0,
0.0,
0.0,
0.0,
0.0,
0.0,
0.0,
0.0,
0.0,
0.0,
0.0,
0.0,
0.0,
0.0,
0.0,
0.0,
0.0,
0.0,
0.0,
0.0,
0.0,
0.0,
0.0,
0.0,
0.0,
0.0,
0.0,
0.0,
0.0,
0.0,
0.0,
0.0,
0.0,
0.0,
0.0,
0.0,
0.0,
0.0,
0.0,
0.0,
0.0,
0.0,
0.0,
0.0,
0.0,
0.0,
0.0,
0.0,
0.0,
0.0,
0.0,
0.0,
0.0,
0.0,
0.0,
0.0,
0.0,
0.0,
0.0,
0.0,
0.0,
0.0,
0.0,
0.0,
0.0,
0.0,
0.0,
0.0,
0.0,
0.0,
0.0,
0.0,
0.0,
0.0,
0.0,
0.0,
0.0,
0.0,
0.0,
0.0,
0.0,
0.0,
0.0,
0.0,
0.0,
0.0,
0.0,
0.0,
0.0,
0.0,
0.0,
0.0,
0.0,
0.0,
0.0,
0.0,
0.0,
0.0,
0.0,
0.0,
0.0,
0.0,
0.0,
0.0,
0.0,
0.0,
0.0,
0.0,
0.0,
0.0,
0.0,
0.0,
0.0,
0.0,
0.0,
0.0,
0.0,
0.0,
0.0,
0.0,
0.0,
0.0,
0.0,
0.0,
0.0,
0.0,
0.0,
0.0,
0.0,
0.0,
0.0,
0.0,
0.0,
0.0,
0.0,
0.0,
0.0,
0.0,
0.0,
0.0,
0.0,
0.0,
0.0,
0.0,
0.0,
0.0,
0.0,
0.0,
0.0,
0.0,
0.0,
0.0,
0.0,
0.0,
0.0,
0.0,
0.0,
0.0,
0.0,
0.0,
0.0,
0.0,
0.0,
0.0,
0.0,
0.0,
0.0,
0.0,
0.0,
0.0,
0.0,
0.0,
0.0,
0.0,
0.0,
0.0,
0.0,
0.0,
0.0,
0.0,
0.0,
0.0,
0.0,
0.0,
0.0,
0.0,
0.0,
0.0,
0.0,
0.0,
0.0,
0.0,
0.0,
0.0,
0.0,
0.0,
0.0,
0.0,
0.0,
0.0,
0.0,
0.0,
0.0,
0.0,
0.0,
0.0,
0.0,
0.0,
0.0,
0.0,
0.0,
0.0,
0.0,
0.0,
0.0,
0.0,
0.0,
0.0,
0.0,
0.0,
0.0,
0.0,
0.0,
0.0,
0.0,
0.0,
0.0,
0.0,
0.0,
0.0,
0.0,
0.0,
0.0,
0.0,
0.0,
0.0,
0.0,
0.0,
0.0,
0.0,
0.0,
0.0,
0.0,
0.0,
0.0,
0.0,
0.0,
0.0,
0.0,
0.0,
0.0,
0.0,
0.0,
0.0,
0.0,
0.0,
0.0,
0.0,
0.0,
0.0,
0.0,
0.0,
0.0,
0.0,
0.0,
0.0,
0.0,
0.0,
0.0,
0.0,
0.0,
0.0,
0.0,
0.0,
0.0,
0.0,
0.0,
0.0,
0.0,
0.0,
0.0,
0.0,
0.0,
0.0,
0.0,
0.0,
0.0,
0.0,
0.0,
0.0,
0.0,
0.0,
0.0,
0.0,
0.0,
0.0,
0.0,
0.0,
0.0,
0.0,
0.0,
0.0,
0.0,
0.0,
0.0,
0.0,
0.0,
0.0,
0.0,
0.0,
0.0,
0.0,
0.0,
0.0,
0.0,
0.0,
0.0,
0.0,
0.0,
0.0,
0.0,
0.0,
0.0,
0.0,
0.0,
0.0,
0.0,
0.0,
0.0,
0.0,
0.0,
0.0,
0.0,
0.0,
0.0,
0.0,
0.0,
0.0,
0.0,
0.0,
0.0,
0.0,
0.0,
0.0,
0.0,
0.0,
0.0,
0.0,
0.0,
0.0,
0.0,
0.0,
0.0,
0.0,
0.0,
0.0,
0.0,
0.0,
0.0,
0.0,
0.0,
0.0,
0.0,
0.0,
0.0,
0.0,
0.0,
0.0,
0.0,
0.0,
0.0,
0.0,
0.0,
0.0,
0.0,
0.0,
0.0,
0.0,
0.0,
0.0,
0.0,
0.0,
0.0,
0.0,
0.0,
0.0,
0.0,
0.0,
0.0,
0.0,
0.0,
0.0,
0.0,
0.0,
0.0,
0.0,
0.0,
0.0,
0.0,
0.0,
0.0,
0.0,
0.0,
0.0,
0.0,
0.0,
0.0,
0.0,
0.0,
0.0,
0.0,
0.0,
0.0,
0.0,
0.0,
0.0,
0.0,
0.0,
0.0,
0.0,
0.0,
0.0,
0.0,
0.0,
0.0,
0.0,
0.0,
0.0,
0.0,
0.0,
0.0,
0.0,
0.0,
0.0,
0.0,
0.0,
0.0,
0.0,
0.0,
0.0,
0.0,
0.0,
0.0,
0.0,
0.0,
0.0,
0.0,
0.0,
0.0,
0.0,
0.0,
0.0,
0.0,
0.0,
0.0,
0.0,
0.0,
0.0,
0.0,
0.0,
0.0,
0.0,
0.0,
0.0,
0.0,
0.0,
0.0,
0.0,
0.0,
0.0,
0.0,
0.0,
0.0,
0.0,
0.0,
0.0,
0.0,
0.0,
0.0,
0.0,
0.0,
0.0,
0.0,
0.0,
0.0,
0.0,
0.0,
0.0,
0.0,
0.0,
0.0,
0.0,
0.0,
0.0,
0.0,
0.0,
0.0,
0.0,
0.0,
0.0,
0.0,
0.0,
0.0,
0.0,
0.0,
0.0,
0.0,
0.0,
0.0,
0.0,
0.0,
0.0,
