1.0499999523162842,
1.0758358240127563,
1.0772602558135986,
1.0784051418304443,
1.0791821479797363,
1.079891562461853,
1.0803005695343018,
1.080636739730835,
1.0809099674224854,
1.0811011791229248,
1.0813106298446655,
1.0814111232757568,
1.077594518661499,
1.0787909030914307,
1.0797370672225952,
1.0803487300872803,
1.0809035301208496,
1.0811822414398193,
1.0814391374588013,
1.0814744234085083,
1.0817534923553467,
1.0817683935165405,
1.0818743705749512,
1.0819177627563477,
1.0819767713546753,
1.0820794105529785,
1.0821003913879395,
1.082139015197754,
1.082086443901062,
1.082047939300537,
1.081958293914795,
1.0819528102874756,
1.0819884538650513,
1.0819673538208008,
1.0819892883300781,
1.0819791555404663,
1.081918478012085,
1.0819323062896729,
1.0819237232208252,
1.0818783044815063,
1.0818461179733276,
1.0817997455596924,
1.0818506479263306,
1.0818357467651367,
1.0818721055984497,
1.0818665027618408,
1.0818620920181274,
1.0818060636520386,
1.0817480087280273,
1.0817346572875977,
1.0817946195602417,
1.0817475318908691,
1.0816847085952759,
1.081714391708374,
1.08163583278656,
1.0816138982772827,
1.0816006660461426,
1.0815460681915283,
1.0814461708068848,
1.0813820362091064,
1.0813696384429932,
1.081345796585083,
1.0812788009643555,
1.0812582969665527,
1.0812193155288696,
1.081131935119629,
1.080986738204956,
1.0811500549316406,
1.081343173980713,
1.0814363956451416,
1.081425428390503,
1.081199288368225,
1.0809478759765625,
1.0808550119400024,
1.080815315246582,
1.0807833671569824,
1.0807157754898071,
1.0807054042816162,
1.0806477069854736,
1.0805792808532715,
1.0805726051330566,
1.0804736614227295,
1.0803862810134888,
1.0803322792053223,
1.0802775621414185,
1.0801963806152344,
1.0800927877426147,
1.0800868272781372,
1.0799951553344727,
1.0798993110656738,
1.0798306465148926,
1.0797202587127686,
1.0797207355499268,
1.0796418190002441,
1.0795656442642212,
1.0795304775238037,
1.0794390439987183,
1.0794074535369873,
1.0793251991271973,
1.0792425870895386,
1.0791765451431274,
1.0791534185409546,
1.0790512561798096,
1.0789175033569336,
1.078858494758606,
1.078792691230774,
1.0786982774734497,
1.0786266326904297,
1.0785584449768066,
1.0785126686096191,
1.0784835815429688,
1.0784512758255005,
1.0783380270004272,
1.0782438516616821,
1.078157663345337,
1.0780998468399048,
1.0780779123306274,
1.077965497970581,
1.0779064893722534,
1.0778335332870483,
1.0777385234832764,
1.0777419805526733,
1.0775909423828125,
1.077507495880127,
1.077391505241394,
1.0771863460540771,
1.0770801305770874,
1.0771933794021606,
1.0771387815475464,
1.0770518779754639,
1.0769944190979004,
1.076889991760254,
1.0767658948898315,
1.076682686805725,
1.07657790184021,
1.0765248537063599,
1.0764492750167847,
1.076385498046875,
1.0763074159622192,
1.0762815475463867,
1.0762016773223877,
1.0760465860366821,
1.0758728981018066,
1.0758131742477417,
1.0756785869598389,
1.0756193399429321,
1.075524926185608,
1.0754631757736206,
1.0753964185714722,
1.0753049850463867,
1.0752029418945312,
1.0750879049301147,
1.0749742984771729,
1.0748909711837769,
1.0747970342636108,
1.074731469154358,
1.0746876001358032,
1.0746285915374756,
1.0745712518692017,
1.074498176574707,
1.0742700099945068,
1.0742039680480957,
1.07411527633667,
1.074082851409912,
1.073980450630188,
1.0738794803619385,
1.0737981796264648,
1.0737088918685913,
1.0736700296401978,
1.0736024379730225,
1.0735424757003784,
1.0734484195709229,
1.0733344554901123,
1.073272943496704,
1.0731374025344849,
1.073033094406128,
1.072942852973938,
1.0728089809417725,
1.0727190971374512,
1.0726306438446045,
1.072595238685608,
1.0725442171096802,
1.0726470947265625,
1.072643756866455,
1.0725700855255127,
1.072355031967163,
1.0721312761306763,
1.0720199346542358,
1.0718669891357422,
1.071897029876709,
1.0719953775405884,
1.0720365047454834,
1.0720229148864746,
1.0719541311264038,
1.0718549489974976,
1.0717239379882812,
1.0715749263763428,
1.07127845287323,
1.071179747581482,
1.0710632801055908,
1.070930004119873,
1.0708290338516235,
1.070683240890503,
1.0706076622009277,
1.0704500675201416,
1.0703308582305908,
1.0702186822891235,
1.0701178312301636,
1.0700780153274536,
1.0700559616088867,
1.0701180696487427,
1.0701950788497925,
1.0701264142990112,
1.0699374675750732,
1.0697295665740967,
1.0694822072982788,
1.0692853927612305,
1.069383978843689,
1.0695455074310303,
1.0696401596069336,
1.0696868896484375,
1.0696567296981812,
1.0695927143096924,
1.069469690322876,
1.0693256855010986,
1.0689700841903687,
1.0686019659042358,
1.0685027837753296,
1.0683510303497314,
1.0682047605514526,
1.0680618286132812,
1.0679258108139038,
1.0678187608718872,
1.0677103996276855,
1.0676121711730957,
1.06755793094635,
1.0675415992736816,
1.0674968957901,
1.0675303936004639,
1.0675959587097168,
1.067563772201538,
1.0672703981399536,
1.0669993162155151,
1.0668079853057861,
1.0666712522506714,
1.066623330116272,
1.066648244857788,
1.0667049884796143,
1.0667436122894287,
1.0666797161102295,
1.0665580034255981,
1.0664465427398682,
1.066306710243225,
1.0660436153411865,
1.0657036304473877,
1.0656561851501465,
1.065398931503296,
1.06538987159729,
1.0652440786361694,
1.0651143789291382,
1.064989447593689,
1.0648717880249023,
1.0647603273391724,
1.0646706819534302,
1.064621925354004,
1.0645802021026611,
1.0646048784255981,
1.0645805597305298,
1.0643715858459473,
1.0641392469406128,
1.0640945434570312,
1.0638844966888428,
1.0637677907943726,
1.063541054725647,
1.063666582107544,
1.0636956691741943,
1.0637365579605103,
1.063502550125122,
1.0636028051376343,
1.06349778175354,
1.063383936882019,
1.0632113218307495,
1.062811017036438,
1.0623743534088135,
1.062510371208191,
1.0624346733093262,
1.0622644424438477,
1.062138319015503,
1.06186842918396,
1.0618761777877808,
1.0617194175720215,
1.0616257190704346,
1.061492681503296,
1.0613560676574707,
1.0606133937835693,
1.0612273216247559,
1.0612314939498901,
1.0610253810882568,
1.0605740547180176,
1.0606133937835693,
1.0606415271759033,
1.0604275465011597,
1.0601325035095215,
1.0603468418121338,
1.060377597808838,
1.0602563619613647,
1.0598301887512207,
1.0602353811264038,
1.0601269006729126,
1.059225082397461,
1.0597050189971924,
1.0593812465667725,
1.0592643022537231,
1.0590897798538208,
1.0589491128921509,
1.0588116645812988,
1.0586484670639038,
1.0585182905197144,
1.0583984851837158,
1.0582222938537598,
1.0580593347549438,
1.0576839447021484,
1.057796835899353,
1.057771921157837,
1.057663083076477,
1.05717134475708,
1.0572991371154785,
1.0571694374084473,
1.0570133924484253,
1.0568815469741821,
1.056838035583496,
1.0568068027496338,
1.0567430257797241,
1.0566812753677368,
1.056617021560669,
1.0564937591552734,
1.0563796758651733,
1.0562256574630737,
1.0558316707611084,
1.0550674200057983,
1.055363655090332,
1.0553547143936157,
1.0550129413604736,
1.0550824403762817,
1.0549423694610596,
1.0548584461212158,
1.0546997785568237,
1.0545562505722046,
1.0543137788772583,
1.053921103477478,
1.0537656545639038,
1.0543533563613892,
1.0546023845672607,
1.0546525716781616,
1.0546530485153198,
1.0543895959854126,
1.0543920993804932,
1.054261565208435,
1.0539758205413818,
1.054222583770752,
1.0542017221450806,
1.0546213388442993,
1.054343581199646,
1.0542525053024292,
1.054547905921936,
1.054076075553894,
1.0541858673095703,
1.053908348083496,
1.0529648065567017,
1.0528557300567627,
1.0528465509414673,
1.0525017976760864,
1.0523523092269897,
1.052417278289795,
1.0523931980133057,
1.0520412921905518,
1.0514733791351318,
1.0518544912338257,
1.051324486732483,
1.0513525009155273,
1.051116943359375,
1.0508339405059814,
1.051000714302063,
1.050722360610962,
1.0500236749649048,
1.0506560802459717,
1.0503249168395996,
1.0503486394882202,
1.0504761934280396,
1.0507938861846924,
1.0508198738098145,
1.0506912469863892,
1.0500963926315308,
1.0498976707458496,
1.0501140356063843,
1.0500537157058716,
1.049636721611023,
1.0491575002670288,
1.0486869812011719,
1.0490549802780151,
1.0481258630752563,
1.047985315322876,
1.047927737236023,
1.0479345321655273,
1.0480964183807373,
1.0478572845458984,
1.0474979877471924,
1.0473366975784302,
1.0474684238433838,
1.0471864938735962,
1.047142744064331,
1.0469261407852173,
1.0467796325683594,
1.0466276407241821,
1.046015739440918,
1.046438217163086,
1.0461262464523315,
1.0462884902954102,
1.045706033706665,
1.0461488962173462,
1.045736312866211,
1.0456280708312988,
1.0457525253295898,
1.0452817678451538,
1.0445382595062256,
1.0445797443389893,
1.0443053245544434,
1.0436763763427734,
1.043846607208252,
1.0433528423309326,
1.0428071022033691,
1.0426956415176392,
1.043009877204895,
1.042688250541687,
1.0425670146942139,
1.0425105094909668,
1.042266607284546,
1.042367696762085,
1.041835904121399,
1.0416333675384521,
1.0417081117630005,
1.0409759283065796,
1.0409975051879883,
1.040360927581787,
1.0402235984802246,
1.0402628183364868,
1.0410041809082031,
1.040047287940979,
1.0400502681732178,
1.0402920246124268,
1.0397882461547852,
1.0392524003982544,
1.0396602153778076,
1.0392652750015259,
1.0382767915725708,
1.0380446910858154,
1.037724256515503,
1.037646770477295,
1.0371378660202026,
1.0371264219284058,
1.0360777378082275,
1.0359368324279785,
1.0362167358398438,
1.0356616973876953,
1.0355932712554932,
1.0352544784545898,
1.035189151763916,
1.034803867340088,
1.0346629619598389,
1.0338695049285889,
1.0336402654647827,
1.033339500427246,
1.0329351425170898,
1.0327202081680298,
1.0327926874160767,
1.0326334238052368,
1.0320736169815063,
1.0324952602386475,
1.0322983264923096,
1.031752109527588,
1.031788945198059,
1.0314737558364868,
1.0307867527008057,
1.030509352684021,
1.0297460556030273,
1.0294666290283203,
1.0293378829956055,
1.029083490371704,
1.0288095474243164,
1.0283938646316528,
1.0280073881149292,
1.0273189544677734,
1.0269474983215332,
1.0269272327423096,
1.0265744924545288,
1.0259019136428833,
1.0256911516189575,
1.0257219076156616,
1.0249978303909302,
1.0245001316070557,
1.0236228704452515,
1.0234416723251343,
1.0234063863754272,
1.0232157707214355,
1.0227962732315063,
1.0226082801818848,
1.0224826335906982,
1.0219473838806152,
1.0218207836151123,
1.0211392641067505,
1.0214409828186035,
1.0207953453063965,
1.020098328590393,
1.0195658206939697,
1.0189626216888428,
1.0186158418655396,
1.017863154411316,
1.0172555446624756,
1.0170077085494995,
1.015303134918213,
1.0137608051300049,
1.013033390045166,
1.01114022731781,
1.0124396085739136,
1.0108661651611328,
1.0115718841552734,
1.0109455585479736,
1.0100739002227783,
1.0100975036621094,
1.0093520879745483,
1.0089197158813477,
1.0079244375228882,
1.0071666240692139,
1.0066642761230469,
1.0061832666397095,
1.0061229467391968,
1.0050960779190063,
1.004691243171692,
1.0039212703704834,
1.0032528638839722,
1.001976728439331,
1.0022382736206055,
1.0013283491134644,
1.0005451440811157,
0.9995040893554688,
0.9986162185668945,
0.9982029795646667,
0.9972111582756042,
0.9964926242828369,
0.9961373209953308,
0.9947943091392517,
0.9940831661224365,
0.9929850101470947,
0.9924189448356628,
0.9917433857917786,
0.9905561208724976,
0.9896931648254395,
0.9894064664840698,
0.988383948802948,
0.9872806072235107,
0.986323893070221,
0.9852937459945679,
0.9844533205032349,
0.9834592342376709,
0.9824948906898499,
0.9819788336753845,
0.980672299861908,
0.9796141386032104,
0.9787400960922241,
0.9778482913970947,
0.9764019250869751,
0.9754535555839539,
0.9743815064430237,
0.9731082916259766,
0.9723859429359436,
0.9707590937614441,
0.9695276021957397,
0.9685652256011963,
0.9672460556030273,
0.966077983379364,
0.9649010896682739,
0.9635900259017944,
0.9621934294700623,
0.960894763469696,
0.9596834778785706,
0.9577858448028564,
0.9566797614097595,
0.9553099274635315,
0.9540311694145203,
0.9530318975448608,
0.9512178897857666,
0.9495739340782166,
0.9477573037147522,
0.9468821287155151,
0.9451299905776978,
0.9433475732803345,
0.941750705242157,
0.9407932162284851,
0.939182698726654,
0.937739908695221,
0.9358555674552917,
0.9349609017372131,
0.9331236481666565,
0.931442141532898,
0.9298124313354492,
0.928047239780426,
0.925657331943512,
0.9243208765983582,
0.922720193862915,
0.9215707182884216,
0.9191302061080933,
0.9178094863891602,
0.9156750440597534,
0.9144595861434937,
0.9129770398139954,
0.9109364151954651,
0.9090534448623657,
0.9078553915023804,
0.906434953212738,
0.9042004346847534,
0.9030708074569702,
0.90118008852005,
0.8997149467468262,
0.8979715704917908,
0.8960847854614258,
0.8944377899169922,
0.8927863240242004,
0.890872061252594,
0.8894832730293274,
0.8876193761825562,
0.886299729347229,
0.8844940066337585,
0.8831871151924133,
0.8814985752105713,
0.8800565004348755,
0.8800565004348755,
0.8800565004348755,
0.0,
0.0,
0.0,
0.0,
0.0,
0.0,
0.0,
0.0,
0.0,
0.0,
0.0,
0.0,
0.0,
0.0,
0.0,
0.0,
0.0,
0.0,
0.0,
0.0,
0.0,
0.0,
0.0,
0.0,
0.0,
0.0,
0.0,
0.0,
0.0,
0.0,
0.0,
0.0,
0.0,
0.0,
0.0,
0.0,
0.0,
0.0,
0.0,
0.0,
0.0,
0.0,
0.0,
0.0,
0.0,
0.0,
0.0,
0.0,
0.0,
0.0,
0.0,
0.0,
0.0,
0.0,
0.0,
0.0,
0.0,
0.0,
0.0,
0.0,
0.0,
0.0,
0.0,
0.0,
0.0,
0.0,
0.0,
0.0,
0.0,
0.0,
0.0,
0.0,
0.0,
0.0,
0.0,
0.0,
0.0,
0.0,
0.0,
0.0,
0.0,
0.0,
0.0,
0.0,
0.0,
0.0,
0.0,
0.0,
0.0,
0.0,
0.0,
0.0,
0.0,
0.0,
0.0,
0.0,
0.0,
0.0,
0.0,
0.0,
0.0,
0.0,
0.0,
0.0,
0.0,
0.0,
0.0,
0.0,
0.0,
0.0,
0.0,
0.0,
0.0,
0.0,
0.0,
0.0,
0.0,
0.0,
0.0,
0.0,
0.0,
0.0,
0.0,
0.0,
0.0,
0.0,
0.0,
0.0,
0.0,
0.0,
0.0,
0.0,
0.0,
0.0,
0.0,
0.0,
0.0,
0.0,
0.0,
0.0,
0.0,
0.0,
0.0,
0.0,
0.0,
0.0,
0.0,
0.0,
0.0,
0.0,
0.0,
0.0,
0.0,
0.0,
0.0,
0.0,
0.0,
0.0,
0.0,
0.0,
0.0,
0.0,
0.0,
0.0,
0.0,
0.0,
0.0,
0.0,
0.0,
0.0,
0.0,
0.0,
0.0,
0.0,
0.0,
0.0,
0.0,
0.0,
0.0,
0.0,
0.0,
0.0,
0.0,
0.0,
0.0,
0.0,
0.0,
0.0,
0.0,
0.0,
0.0,
0.0,
0.0,
0.0,
0.0,
0.0,
0.0,
0.0,
0.0,
0.0,
0.0,
0.0,
0.0,
0.0,
0.0,
0.0,
0.0,
0.0,
0.0,
0.0,
0.0,
0.0,
0.0,
0.0,
0.0,
0.0,
0.0,
0.0,
0.0,
0.0,
0.0,
0.0,
0.0,
0.0,
0.0,
0.0,
0.0,
0.0,
0.0,
0.0,
0.0,
0.0,
0.0,
0.0,
0.0,
0.0,
0.0,
0.0,
0.0,
0.0,
0.0,
0.0,
0.0,
0.0,
0.0,
0.0,
0.0,
0.0,
0.0,
0.0,
0.0,
0.0,
0.0,
0.0,
0.0,
0.0,
0.0,
0.0,
0.0,
0.0,
0.0,
0.0,
0.0,
0.0,
0.0,
0.0,
0.0,
0.0,
0.0,
0.0,
0.0,
0.0,
0.0,
0.0,
0.0,
0.0,
0.0,
0.0,
0.0,
0.0,
0.0,
0.0,
0.0,
0.0,
0.0,
0.0,
0.0,
0.0,
0.0,
0.0,
0.0,
0.0,
0.0,
0.0,
0.0,
0.0,
0.0,
0.0,
0.0,
0.0,
0.0,
0.0,
0.0,
0.0,
0.0,
0.0,
0.0,
0.0,
0.0,
0.0,
0.0,
0.0,
0.0,
0.0,
0.0,
0.0,
0.0,
0.0,
0.0,
0.0,
0.0,
0.0,
0.0,
0.0,
0.0,
0.0,
0.0,
0.0,
0.0,
0.0,
0.0,
0.0,
0.0,
0.0,
0.0,
0.0,
0.0,
0.0,
0.0,
0.0,
0.0,
0.0,
0.0,
0.0,
0.0,
0.0,
0.0,
0.0,
0.0,
0.0,
0.0,
0.0,
0.0,
0.0,
0.0,
0.0,
0.0,
0.0,
0.0,
0.0,
0.0,
0.0,
0.0,
0.0,
0.0,
0.0,
0.0,
0.0,
0.0,
0.0,
0.0,
0.0,
0.0,
0.0,
0.0,
0.0,
0.0,
0.0,
0.0,
0.0,
0.0,
0.0,
0.0,
0.0,
0.0,
0.0,
0.0,
0.0,
0.0,
0.0,
0.0,
0.0,
0.0,
0.0,
0.0,
0.0,
0.0,
0.0,
0.0,
0.0,
0.0,
0.0,
0.0,
0.0,
0.0,
0.0,
0.0,
0.0,
0.0,
0.0,
0.0,
0.0,
0.0,
0.0,
0.0,
0.0,
0.0,
0.0,
0.0,
0.0,
0.0,
0.0,
0.0,
0.0,
0.0,
0.0,
0.0,
0.0,
0.0,
0.0,
0.0,
0.0,
0.0,
0.0,
0.0,
0.0,
0.0,
0.0,
0.0,
0.0,
0.0,
0.0,
0.0,
0.0,
0.0,
0.0,
0.0,
0.0,
0.0,
0.0,
0.0,
0.0,
0.0,
0.0,
0.0,
0.0,
0.0,
0.0,
0.0,
0.0,
0.0,
0.0,
0.0,
0.0,
0.0,
0.0,
0.0,
0.0,
0.0,
0.0,
0.0,
0.0,
0.0,
0.0,
0.0,
0.0,
0.0,
0.0,
0.0,
0.0,
0.0,
0.0,
0.0,
0.0,
0.0,
0.0,
0.0,
0.0,
0.0,
0.0,
0.0,
0.0,
0.0,
0.0,
0.0,
0.0,
0.0,
0.0,
0.0,
0.0,
0.0,
0.0,
0.0,
0.0,
0.0,
0.0,
0.0,
0.0,
0.0,
0.0,
0.0,
0.0,
0.0,
0.0,
0.0,
0.0,
0.0,
0.0,
0.0,
0.0,
0.0,
0.0,
0.0,
0.0,
0.0,
0.0,
0.0,
0.0,
0.0,
0.0,
0.0,
0.0,
0.0,
0.0,
0.0,
0.0,
0.0,
0.0,
0.0,
0.0,
0.0,
0.0,
0.0,
0.0,
0.0,
0.0,
0.0,
0.0,
0.0,
0.0,
0.0,
0.0,
0.0,
0.0,
0.0,
0.0,
0.0,
0.0,
0.0,
0.0,
0.0,
0.0,
0.0,
0.0,
0.0,
0.0,
0.0,
0.0,
0.0,
0.0,
0.0,
0.0,
0.0,
0.0,
0.0,
0.0,
0.0,
0.0,
0.0,
0.0,
0.0,
0.0,
0.0,
0.0,
0.0,
0.0,
0.0,
0.0,
0.0,
0.0,
0.0,
0.0,
0.0,
0.0,
0.0,
0.0,
0.0,
0.0,
0.0,
0.0,
0.0,
0.0,
0.0,
0.0,
0.0,
0.0,
0.0,
0.0,
0.0,
0.0,
0.0,
0.0,
0.0,
0.0,
0.0,
0.0,
0.0,
0.0,
0.0,
0.0,
0.0,
0.0,
0.0,
0.0,
0.0,
0.0,
0.0,
0.0,
0.0,
0.0,
0.0,
0.0,
0.0,
0.0,
0.0,
0.0,
0.0,
0.0,
0.0,
0.0,
0.0,
0.0,
0.0,
0.0,
0.0,
0.0,
0.0,
0.0,
0.0,
0.0,
0.0,
0.0,
0.0,
0.0,
0.0,
0.0,
0.0,
0.0,
0.0,
0.0,
0.0,
0.0,
0.0,
0.0,
0.0,
0.0,
0.0,
0.0,
0.0,
0.0,
0.0,
0.0,
0.0,
0.0,
0.0,
0.0,
0.0,
0.0,
0.0,
0.0,
0.0,
0.0,
0.0,
0.0,
0.0,
0.0,
0.0,
0.0,
0.0,
0.0,
0.0,
0.0,
0.0,
0.0,
0.0,
0.0,
0.0,
0.0,
0.0,
0.0,
0.0,
0.0,
0.0,
0.0,
0.0,
0.0,
0.0,
0.0,
0.0,
0.0,
0.0,
0.0,
0.0,
0.0,
0.0,
0.0,
0.0,
0.0,
0.0,
0.0,
0.0,
0.0,
0.0,
0.0,
0.0,
0.0,
0.0,
0.0,
0.0,
0.0,
0.0,
0.0,
0.0,
0.0,
0.0,
0.0,
0.0,
0.0,
0.0,
0.0,
0.0,
0.0,
0.0,
0.0,
0.0,
0.0,
0.0,
0.0,
0.0,
0.0,
0.0,
0.0,
0.0,
0.0,
0.0,
0.0,
0.0,
0.0,
0.0,
0.0,
0.0,
0.0,
0.0,
0.0,
0.0,
0.0,
0.0,
0.0,
0.0,
0.0,
0.0,
0.0,
0.0,
0.0,
0.0,
0.0,
0.0,
0.0,
0.0,
0.0,
0.0,
0.0,
0.0,
0.0,
0.0,
0.0,
0.0,
0.0,
0.0,
0.0,
0.0,
0.0,
0.0,
0.0,
0.0,
0.0,
0.0,
0.0,
0.0,
0.0,
0.0,
0.0,
0.0,
0.0,
0.0,
0.0,
0.0,
0.0,
0.0,
0.0,
0.0,
0.0,
0.0,
0.0,
0.0,
0.0,
0.0,
0.0,
0.0,
0.0,
0.0,
0.0,
0.0,
0.0,
0.0,
0.0,
0.0,
0.0,
0.0,
0.0,
0.0,
0.0,
0.0,
0.0,
0.0,
0.0,
0.0,
0.0,
0.0,
0.0,
0.0,
0.0,
0.0,
0.0,
0.0,
0.0,
0.0,
0.0,
0.0,
0.0,
0.0,
0.0,
0.0,
0.0,
0.0,
0.0,
0.0,
0.0,
0.0,
0.0,
0.0,
0.0,
0.0,
0.0,
0.0,
0.0,
0.0,
0.0,
0.0,
0.0,
0.0,
0.0,
0.0,
0.0,
0.0,
0.0,
0.0,
0.0,
0.0,
0.0,
0.0,
0.0,
0.0,
0.0,
0.0,
0.0,
0.0,
0.0,
0.0,
0.0,
0.0,
0.0,
0.0,
0.0,
0.0,
0.0,
0.0,
0.0,
0.0,
0.0,
0.0,
0.0,
0.0,
0.0,
0.0,
0.0,
0.0,
0.0,
0.0,
0.0,
0.0,
0.0,
0.0,
0.0,
0.0,
0.0,
0.0,
0.0,
0.0,
0.0,
0.0,
0.0,
0.0,
0.0,
0.0,
0.0,
0.0,
0.0,
0.0,
0.0,
0.0,
0.0,
0.0,
0.0,
0.0,
0.0,
0.0,
0.0,
0.0,
0.0,
0.0,
0.0,
0.0,
0.0,
0.0,
0.0,
0.0,
0.0,
0.0,
0.0,
0.0,
0.0,
0.0,
0.0,
0.0,
0.0,
0.0,
0.0,
0.0,
0.0,
0.0,
0.0,
0.0,
0.0,
0.0,
0.0,
0.0,
0.0,
0.0,
0.0,
0.0,
0.0,
0.0,
0.0,
0.0,
0.0,
0.0,
0.0,
0.0,
0.0,
0.0,
0.0,
0.0,
0.0,
0.0,
0.0,
0.0,
0.0,
0.0,
0.0,
0.0,
0.0,
0.0,
0.0,
0.0,
0.0,
0.0,
0.0,
0.0,
0.0,
0.0,
0.0,
0.0,
0.0,
0.0,
0.0,
0.0,
0.0,
0.0,
0.0,
0.0,
0.0,
0.0,
0.0,
0.0,
0.0,
0.0,
0.0,
0.0,
0.0,
0.0,
0.0,
0.0,
0.0,
0.0,
0.0,
0.0,
0.0,
0.0,
0.0,
0.0,
0.0,
0.0,
0.0,
0.0,
0.0,
0.0,
0.0,
0.0,
0.0,
0.0,
0.0,
0.0,
0.0,
0.0,
0.0,
0.0,
0.0,
0.0,
0.0,
0.0,
0.0,
0.0,
0.0,
0.0,
0.0,
0.0,
0.0,
0.0,
0.0,
0.0,
0.0,
0.0,
0.0,
0.0,
0.0,
0.0,
0.0,
0.0,
0.0,
0.0,
0.0,
0.0,
0.0,
0.0,
0.0,
0.0,
0.0,
0.0,
0.0,
0.0,
0.0,
0.0,
0.0,
0.0,
0.0,
0.0,
0.0,
0.0,
0.0,
0.0,
0.0,
0.0,
0.0,
0.0,
0.0,
0.0,
0.0,
0.0,
0.0,
0.0,
0.0,
0.0,
0.0,
0.0,
0.0,
0.0,
0.0,
0.0,
0.0,
0.0,
0.0,
0.0,
0.0,
0.0,
0.0,
0.0,
0.0,
0.0,
0.0,
0.0,
0.0,
0.0,
0.0,
0.0,
0.0,
0.0,
0.0,
0.0,
0.0,
0.0,
0.0,
0.0,
0.0,
0.0,
0.0,
0.0,
0.0,
0.0,
0.0,
0.0,
0.0,
0.0,
0.0,
0.0,
0.0,
0.0,
0.0,
0.0,
0.0,
0.0,
0.0,
0.0,
0.0,
0.0,
0.0,
0.0,
0.0,
0.0,
0.0,
0.0,
0.0,
0.0,
0.0,
0.0,
0.0,
0.0,
0.0,
0.0,
0.0,
0.0,
0.0,
0.0,
0.0,
0.0,
0.0,
0.0,
0.0,
0.0,
0.0,
0.0,
0.0,
0.0,
0.0,
0.0,
0.0,
0.0,
0.0,
0.0,
0.0,
0.0,
0.0,
0.0,
0.0,
0.0,
0.0,
0.0,
0.0,
0.0,
0.0,
0.0,
0.0,
0.0,
0.0,
0.0,
0.0,
0.0,
0.0,
0.0,
0.0,
0.0,
0.0,
0.0,
0.0,
0.0,
0.0,
0.0,
0.0,
0.0,
0.0,
0.0,
0.0,
0.0,
0.0,
0.0,
0.0,
0.0,
0.0,
0.0,
0.0,
0.0,
0.0,
0.0,
0.0,
0.0,
0.0,
0.0,
0.0,
0.0,
0.0,
0.0,
0.0,
0.0,
0.0,
0.0,
0.0,
0.0,
0.0,
0.0,
0.0,
0.0,
0.0,
0.0,
0.0,
0.0,
0.0,
0.0,
0.0,
0.0,
0.0,
0.0,
0.0,
0.0,
0.0,
0.0,
0.0,
0.0,
0.0,
0.0,
0.0,
0.0,
0.0,
0.0,
0.0,
0.0,
0.0,
0.0,
0.0,
0.0,
0.0,
0.0,
0.0,
0.0,
0.0,
0.0,
0.0,
0.0,
0.0,
0.0,
0.0,
0.0,
0.0,
0.0,
0.0,
0.0,
0.0,
0.0,
0.0,
0.0,
0.0,
0.0,
0.0,
0.0,
0.0,
0.0,
0.0,
0.0,
0.0,
0.0,
0.0,
0.0,
0.0,
0.0,
0.0,
0.0,
0.0,
0.0,
0.0,
0.0,
0.0,
0.0,
0.0,
0.0,
0.0,
0.0,
0.0,
0.0,
0.0,
0.0,
0.0,
0.0,
0.0,
0.0,
0.0,
0.0,
0.0,
0.0,
0.0,
0.0,
0.0,
0.0,
0.0,
0.0,
0.0,
0.0,
0.0,
0.0,
0.0,
0.0,
0.0,
0.0,
0.0,
0.0,
0.0,
0.0,
0.0,
0.0,
0.0,
0.0,
0.0,
0.0,
0.0,
0.0,
0.0,
0.0,
0.0,
0.0,
0.0,
0.0,
0.0,
0.0,
0.0,
0.0,
0.0,
0.0,
0.0,
0.0,
0.0,
0.0,
0.0,
0.0,
0.0,
0.0,
0.0,
0.0,
0.0,
0.0,
0.0,
0.0,
0.0,
0.0,
0.0,
0.0,
0.0,
0.0,
0.0,
0.0,
0.0,
0.0,
0.0,
0.0,
0.0,
0.0,
0.0,
0.0,
0.0,
0.0,
0.0,
0.0,
0.0,
0.0,
0.0,
0.0,
0.0,
0.0,
0.0,
0.0,
0.0,
0.0,
0.0,
0.0,
0.0,
0.0,
0.0,
0.0,
0.0,
0.0,
0.0,
0.0,
0.0,
0.0,
0.0,
0.0,
0.0,
0.0,
0.0,
0.0,
0.0,
0.0,
0.0,
0.0,
0.0,
0.0,
0.0,
0.0,
0.0,
0.0,
0.0,
0.0,
0.0,
0.0,
0.0,
0.0,
0.0,
0.0,
0.0,
0.0,
0.0,
0.0,
0.0,
0.0,
0.0,
0.0,
0.0,
0.0,
0.0,
0.0,
0.0,
0.0,
0.0,
0.0,
0.0,
0.0,
0.0,
0.0,
0.0,
0.0,
0.0,
0.0,
0.0,
0.0,
0.0,
0.0,
0.0,
0.0,
0.0,
0.0,
0.0,
0.0,
0.0,
0.0,
0.0,
0.0,
0.0,
0.0,
0.0,
0.0,
0.0,
0.0,
0.0,
0.0,
0.0,
0.0,
0.0,
0.0,
0.0,
0.0,
0.0,
0.0,
0.0,
0.0,
0.0,
0.0,
0.0,
0.0,
0.0,
0.0,
0.0,
0.0,
0.0,
0.0,
0.0,
0.0,
0.0,
0.0,
0.0,
0.0,
0.0,
0.0,
0.0,
0.0,
0.0,
0.0,
0.0,
0.0,
0.0,
0.0,
0.0,
0.0,
0.0,
0.0,
0.0,
0.0,
0.0,
0.0,
0.0,
0.0,
0.0,
0.0,
0.0,
0.0,
0.0,
0.0,
0.0,
0.0,
0.0,
0.0,
0.0,
0.0,
0.0,
0.0,
0.0,
0.0,
0.0,
0.0,
0.0,
0.0,
0.0,
0.0,
0.0,
0.0,
0.0,
0.0,
0.0,
0.0,
0.0,
0.0,
0.0,
0.0,
0.0,
0.0,
0.0,
0.0,
0.0,
0.0,
0.0,
0.0,
0.0,
0.0,
0.0,
0.0,
0.0,
0.0,
0.0,
0.0,
0.0,
0.0,
0.0,
0.0,
0.0,
0.0,
0.0,
0.0,
0.0,
0.0,
0.0,
0.0,
0.0,
0.0,
0.0,
0.0,
0.0,
0.0,
0.0,
0.0,
0.0,
0.0,
0.0,
0.0,
0.0,
0.0,
0.0,
0.0,
0.0,
0.0,
0.0,
0.0,
0.0,
0.0,
0.0,
0.0,
0.0,
0.0,
0.0,
0.0,
0.0,
0.0,
0.0,
0.0,
0.0,
0.0,
0.0,
0.0,
0.0,
0.0,
0.0,
0.0,
0.0,
0.0,
0.0,
0.0,
0.0,
0.0,
0.0,
0.0,
0.0,
0.0,
0.0,
0.0,
0.0,
0.0,
0.0,
0.0,
0.0,
0.0,
0.0,
0.0,
