1.0499999523162842,
1.0499999523162842,
1.0499999523162842,
1.0959545373916626,
1.096473217010498,
1.096961259841919,
1.0972881317138672,
1.0974655151367188,
1.0974987745285034,
1.097586989402771,
1.0978453159332275,
1.0978041887283325,
1.0941755771636963,
1.0950852632522583,
1.096064805984497,
1.0964151620864868,
1.096756100654602,
1.097158670425415,
1.0973228216171265,
1.0948926210403442,
1.0975459814071655,
1.0962674617767334,
1.097585678100586,
1.0976200103759766,
1.0977654457092285,
1.0977190732955933,
1.0977792739868164,
1.097968578338623,
1.09786057472229,
1.0979046821594238,
1.0976418256759644,
1.0977647304534912,
1.0977504253387451,
1.0977731943130493,
1.0976111888885498,
1.0976314544677734,
1.0976473093032837,
1.0976091623306274,
1.0975884199142456,
1.0974602699279785,
1.097467303276062,
1.0975210666656494,
1.0974762439727783,
1.0975100994110107,
1.0975693464279175,
1.0976097583770752,
1.097594141960144,
1.0975606441497803,
1.0974960327148438,
1.0975028276443481,
1.097527027130127,
1.0975639820098877,
1.0974669456481934,
1.0974960327148438,
1.0973650217056274,
1.097359299659729,
1.097205638885498,
1.0972661972045898,
1.0972237586975098,
1.0971599817276,
1.0971213579177856,
1.097137689590454,
1.0971014499664307,
1.0971146821975708,
1.0970898866653442,
1.097035527229309,
1.0967544317245483,
1.0969488620758057,
1.0973016023635864,
1.0974993705749512,
1.0974698066711426,
1.0972579717636108,
1.096889615058899,
1.0967906713485718,
1.096733570098877,
1.0966535806655884,
1.0966217517852783,
1.0966060161590576,
1.096726894378662,
1.0965805053710938,
1.0965267419815063,
1.0965073108673096,
1.0964574813842773,
1.0964056253433228,
1.096373200416565,
1.0963093042373657,
1.0962820053100586,
1.0962471961975098,
1.0962960720062256,
1.0960513353347778,
1.096108078956604,
1.0960773229599,
1.0961447954177856,
1.0961519479751587,
1.0958847999572754,
1.095933198928833,
1.0958369970321655,
1.0958918333053589,
1.0958741903305054,
1.0957624912261963,
1.0957598686218262,
1.0956183671951294,
1.0955429077148438,
1.0954053401947021,
1.0953372716903687,
1.0953510999679565,
1.0952731370925903,
1.0952303409576416,
1.0952632427215576,
1.095534086227417,
1.0953189134597778,
1.0952519178390503,
1.095162034034729,
1.0951204299926758,
1.0950344800949097,
1.0950605869293213,
1.0950453281402588,
1.0949032306671143,
1.0948978662490845,
1.0949207544326782,
1.0948504209518433,
1.0948187112808228,
1.0947505235671997,
1.0947149991989136,
1.0946075916290283,
1.0944997072219849,
1.094345211982727,
1.0944526195526123,
1.0943745374679565,
1.0944256782531738,
1.0944262742996216,
1.0943597555160522,
1.094300389289856,
1.0943381786346436,
1.0941746234893799,
1.0941591262817383,
1.0939048528671265,
1.09409499168396,
1.0940150022506714,
1.093943476676941,
1.09392249584198,
1.093836784362793,
1.0937942266464233,
1.0936217308044434,
1.0936455726623535,
1.0933306217193604,
1.0934728384017944,
1.0934864282608032,
1.0934823751449585,
1.093416452407837,
1.0933349132537842,
1.0932321548461914,
1.0931833982467651,
1.0931051969528198,
1.0931212902069092,
1.093024492263794,
1.093031883239746,
1.092901587486267,
1.0930485725402832,
1.0927969217300415,
1.0927938222885132,
1.0927789211273193,
1.0927472114562988,
1.092724323272705,
1.0926271677017212,
1.0925112962722778,
1.0925164222717285,
1.0924360752105713,
1.0923572778701782,
1.0923739671707153,
1.092328429222107,
1.0922983884811401,
1.0922303199768066,
1.092161774635315,
1.092086911201477,
1.0920404195785522,
1.0920383930206299,
1.0918687582015991,
1.0918807983398438,
1.0918654203414917,
1.0918163061141968,
1.0917704105377197,
1.0920668840408325,
1.0922954082489014,
1.092061161994934,
1.0918256044387817,
1.0915467739105225,
1.0915451049804688,
1.0914137363433838,
1.0915008783340454,
1.0916807651519775,
1.0916942358016968,
1.0918012857437134,
1.0915701389312744,
1.091556429862976,
1.0917026996612549,
1.0914579629898071,
1.0910906791687012,
1.0909802913665771,
1.0909559726715088,
1.0908143520355225,
1.090909481048584,
1.0906797647476196,
1.0906733274459839,
1.0905829668045044,
1.0903844833374023,
1.0904289484024048,
1.0904918909072876,
1.090349793434143,
1.0904672145843506,
1.0906012058258057,
1.0907474756240845,
1.0906413793563843,
1.0905511379241943,
1.0903149843215942,
1.090051293373108,
1.0899572372436523,
1.0901761054992676,
1.0904550552368164,
1.0905874967575073,
1.0905678272247314,
1.0906404256820679,
1.0905388593673706,
1.0905497074127197,
1.0903611183166504,
1.0900322198867798,
1.0896271467208862,
1.0895013809204102,
1.0894477367401123,
1.0893610715866089,
1.0893176794052124,
1.0891778469085693,
1.0891706943511963,
1.0889912843704224,
1.0889928340911865,
1.089020013809204,
1.0889562368392944,
1.0888365507125854,
1.08916437625885,
1.0892918109893799,
1.0892692804336548,
1.0890427827835083,
1.0888004302978516,
1.0886167287826538,
1.088498592376709,
1.0884664058685303,
1.0886270999908447,
1.0887638330459595,
1.0887385606765747,
1.0888276100158691,
1.0887806415557861,
1.0886660814285278,
1.0885024070739746,
1.088388204574585,
1.0880764722824097,
1.0879175662994385,
1.087915062904358,
1.0878379344940186,
1.0878087282180786,
1.087708592414856,
1.087661623954773,
1.08759605884552,
1.0875248908996582,
1.0873746871948242,
1.0874396562576294,
1.08744215965271,
1.0874810218811035,
1.0875648260116577,
1.0876601934432983,
1.0873621702194214,
1.0872502326965332,
1.0869629383087158,
1.0868314504623413,
1.086902379989624,
1.0868884325027466,
1.087024211883545,
1.0870996713638306,
1.0870825052261353,
1.0870518684387207,
1.0870263576507568,
1.0868520736694336,
1.0867323875427246,
1.086441159248352,
1.086145281791687,
1.0862109661102295,
1.0861204862594604,
1.0860203504562378,
1.0858269929885864,
1.0859172344207764,
1.0857213735580444,
1.085697054862976,
1.0855529308319092,
1.0855878591537476,
1.0854980945587158,
1.085417628288269,
1.0856271982192993,
1.0855634212493896,
1.085425853729248,
1.085053563117981,
1.0851484537124634,
1.0850647687911987,
1.0849040746688843,
1.084890604019165,
1.0850121974945068,
1.0851526260375977,
1.0850809812545776,
1.0852680206298828,
1.085281491279602,
1.085310935974121,
1.085207223892212,
1.0849263668060303,
1.0845266580581665,
1.084316372871399,
1.084269642829895,
1.0840694904327393,
1.0840317010879517,
1.0839296579360962,
1.0838546752929688,
1.083815574645996,
1.0837247371673584,
1.083686113357544,
1.0836265087127686,
1.0835834741592407,
1.0835586786270142,
1.0834852457046509,
1.0833066701889038,
1.083348035812378,
1.0831516981124878,
1.083202838897705,
1.0831303596496582,
1.083029866218567,
1.0831083059310913,
1.082977056503296,
1.0830320119857788,
1.083093285560608,
1.0830323696136475,
1.0829745531082153,
1.0828657150268555,
1.0827628374099731,
1.0823801755905151,
1.0823321342468262,
1.0822778940200806,
1.0821939706802368,
1.08208167552948,
1.082029104232788,
1.0820116996765137,
1.0818692445755005,
1.0817763805389404,
1.0816271305084229,
1.0815792083740234,
1.08143949508667,
1.0817569494247437,
1.082226276397705,
1.0823423862457275,
1.0823478698730469,
1.082236647605896,
1.082107663154602,
1.0821582078933716,
1.082129716873169,
1.0823631286621094,
1.0825203657150269,
1.0826103687286377,
1.0828468799591064,
1.0828914642333984,
1.0829278230667114,
1.0828684568405151,
1.082815170288086,
1.0824140310287476,
1.0820300579071045,
1.0817084312438965,
1.0814449787139893,
1.0812944173812866,
1.0811448097229004,
1.0811148881912231,
1.0810149908065796,
1.0809131860733032,
1.0808675289154053,
1.0807915925979614,
1.0807231664657593,
1.0806410312652588,
1.0807033777236938,
1.0807148218154907,
1.0805491209030151,
1.0804451704025269,
1.0802730321884155,
1.0801620483398438,
1.0800646543502808,
1.0802295207977295,
1.080335259437561,
1.0805017948150635,
1.0804952383041382,
1.0806572437286377,
1.0806509256362915,
1.080660104751587,
1.0806080102920532,
1.0803712606430054,
1.0800561904907227,
1.0797630548477173,
1.0783405303955078,
1.0793753862380981,
1.0793225765228271,
1.079121470451355,
1.079014778137207,
1.078711748123169,
1.078866958618164,
1.0788965225219727,
1.0787172317504883,
1.0787262916564941,
1.0788652896881104,
1.0788501501083374,
1.0787063837051392,
1.0785073041915894,
1.0784807205200195,
1.078348159790039,
1.0781222581863403,
1.0781224966049194,
1.0783158540725708,
1.078472375869751,
1.0785807371139526,
1.0786042213439941,
1.0786234140396118,
1.0785728693008423,
1.0785635709762573,
1.0783628225326538,
1.0780692100524902,
1.077733039855957,
1.0775282382965088,
1.077336311340332,
1.0771013498306274,
1.0770269632339478,
1.0744967460632324,
1.0768895149230957,
1.0768442153930664,
1.0767260789871216,
1.0767662525177002,
1.0767019987106323,
1.076656699180603,
1.076812505722046,
1.0768084526062012,
1.0765724182128906,
1.0763651132583618,
1.0762158632278442,
1.0760834217071533,
1.075903296470642,
1.0761265754699707,
1.0762453079223633,
1.0763285160064697,
1.076368808746338,
1.0763664245605469,
1.0763170719146729,
1.0760509967803955,
1.0762150287628174,
1.0757702589035034,
1.0754488706588745,
1.0752168893814087,
1.0750120878219604,
1.074861764907837,
1.0747065544128418,
1.0746781826019287,
1.0746129751205444,
1.07445228099823,
1.0742954015731812,
1.074459195137024,
1.074269413948059,
1.074252963066101,
1.074269413948059,
1.0743005275726318,
1.0741697549819946,
1.0739341974258423,
1.0725775957107544,
1.0736552476882935,
1.0734647512435913,
1.073533535003662,
1.0735020637512207,
1.0737005472183228,
1.0736933946609497,
1.073639154434204,
1.073590874671936,
1.073559284210205,
1.0710361003875732,
1.0732985734939575,
1.072983980178833,
1.072729468345642,
1.0725349187850952,
1.0722216367721558,
1.07218599319458,
1.0720953941345215,
1.0718902349472046,
1.0718119144439697,
1.0717432498931885,
1.0712347030639648,
1.0714164972305298,
1.0713062286376953,
1.0713050365447998,
1.0707964897155762,
1.0710567235946655,
1.0709896087646484,
1.0708110332489014,
1.0707154273986816,
1.070556640625,
1.0706031322479248,
1.0708093643188477,
1.0704959630966187,
1.0696929693222046,
1.071242332458496,
1.0711817741394043,
1.0711613893508911,
1.0711004734039307,
1.0710020065307617,
1.070295810699463,
1.0701472759246826,
1.0697888135910034,
1.0693519115447998,
1.0681277513504028,
1.0692301988601685,
1.068796992301941,
1.066530704498291,
1.0660358667373657,
1.0640559196472168,
1.0655781030654907,
1.0651675462722778,
1.066852331161499,
1.066420555114746,
1.066362738609314,
1.066327691078186,
1.066001057624817,
1.0657315254211426,
1.0654224157333374,
1.0655262470245361,
1.0655412673950195,
1.0656366348266602,
1.0654984712600708,
1.065567135810852,
1.0654594898223877,
1.0654048919677734,
1.0654257535934448,
1.0653319358825684,
1.0648467540740967,
1.0644381046295166,
1.0640819072723389,
1.0639088153839111,
1.0637032985687256,
1.0635591745376587,
1.0609054565429688,
1.063157320022583,
1.0617954730987549,
1.0616669654846191,
1.0628248453140259,
1.061357021331787,
1.062499761581421,
1.0619767904281616,
1.0609508752822876,
1.0607978105545044,
1.0617386102676392,
1.0615432262420654,
1.061306118965149,
1.061050295829773,
1.0597178936004639,
1.0608713626861572,
1.0608547925949097,
1.0606549978256226,
1.0605907440185547,
1.0592488050460815,
1.0589442253112793,
1.0600658655166626,
1.059827208518982,
1.0594651699066162,
1.0591216087341309,
1.0577614307403564,
1.051182746887207,
1.0555787086486816,
1.058308720588684,
1.0580531358718872,
1.0578466653823853,
1.057655930519104,
1.0574142932891846,
1.053621768951416,
1.0566431283950806,
1.0567771196365356,
1.0565693378448486,
1.0566496849060059,
1.0562885999679565,
1.0548169612884521,
1.055826187133789,
1.0544586181640625,
1.0542665719985962,
1.055129885673523,
1.055155873298645,
1.0552599430084229,
1.055025577545166,
1.0551820993423462,
1.0544254779815674,
1.0546315908432007,
1.0544519424438477,
1.052342176437378,
1.0532052516937256,
1.0530517101287842,
1.0527851581573486,
1.051185965538025,
1.0520217418670654,
1.0519644021987915,
1.0516842603683472,
1.0507581233978271,
1.051040768623352,
1.0496121644973755,
1.050367832183838,
1.0504008531570435,
1.0497891902923584,
1.049987554550171,
1.047949194908142,
1.0490059852600098,
1.0491913557052612,
1.0485948324203491,
1.0485072135925293,
1.0481034517288208,
1.0482162237167358,
1.0477510690689087,
1.0479153394699097,
1.0465867519378662,
1.0471019744873047,
1.0444685220718384,
1.0453555583953857,
1.0464588403701782,
1.045954704284668,
1.0450466871261597,
1.0451500415802002,
1.0449215173721313,
1.0444790124893188,
1.0441011190414429,
1.0434826612472534,
1.0434448719024658,
1.0434415340423584,
1.042419195175171,
1.0426069498062134,
1.042171835899353,
1.0420030355453491,
1.0420740842819214,
1.041529655456543,
1.041101336479187,
1.0408835411071777,
1.0406081676483154,
1.0399253368377686,
1.0397268533706665,
1.039649248123169,
1.0388050079345703,
1.038069486618042,
1.0386903285980225,
1.0385148525238037,
1.038098692893982,
1.0379914045333862,
1.037568211555481,
1.0370676517486572,
1.0368356704711914,
1.0366097688674927,
1.0360385179519653,
1.035749912261963,
1.0357271432876587,
1.0350996255874634,
1.0347340106964111,
1.034131646156311,
1.0340771675109863,
1.033416748046875,
1.032767415046692,
1.0327264070510864,
1.0322763919830322,
1.032200574874878,
1.0310401916503906,
1.0312784910202026,
1.0308711528778076,
1.0299677848815918,
1.030029058456421,
1.0291869640350342,
1.0289373397827148,
1.0287748575210571,
1.0280637741088867,
1.0280834436416626,
1.0285404920578003,
1.0275806188583374,
1.027441382408142,
1.0264643430709839,
1.0261483192443848,
1.025759220123291,
1.0254769325256348,
1.0246168375015259,
1.0242434740066528,
1.0240834951400757,
1.0231879949569702,
1.0232294797897339,
1.0224565267562866,
1.0216673612594604,
1.021660327911377,
1.0214167833328247,
1.0205878019332886,
1.0204391479492188,
1.019094467163086,
1.019153118133545,
1.0189892053604126,
1.0183011293411255,
1.0164886713027954,
1.0174312591552734,
1.0164235830307007,
1.0163674354553223,
1.0158958435058594,
1.0154622793197632,
1.0149646997451782,
1.0143287181854248,
1.0139738321304321,
1.0134093761444092,
1.0129050016403198,
1.0125799179077148,
1.012041687965393,
1.0113719701766968,
1.0099493265151978,
1.0105475187301636,
1.0095912218093872,
1.008647084236145,
1.0077966451644897,
1.0082372426986694,
1.0077611207962036,
1.0066955089569092,
1.0062015056610107,
1.005800724029541,
1.0050208568572998,
1.0045770406723022,
1.0038068294525146,
1.0035483837127686,
1.0026905536651611,
1.002713680267334,
1.0012297630310059,
1.0009742975234985,
1.0004806518554688,
0.9996315836906433,
0.9987788200378418,
0.9984568953514099,
0.9980812072753906,
0.9969906806945801,
0.9967685341835022,
0.9961017370223999,
0.9954938888549805,
0.9948020577430725,
0.9940225481987,
0.9934806823730469,
0.9923449158668518,
0.9920881986618042,
0.9914455413818359,
0.9907637238502502,
0.9898314476013184,
0.9888945817947388,
0.9887092113494873,
0.9880502223968506,
0.9875389933586121,
0.9868443608283997,
0.9856922626495361,
0.9850612878799438,
0.9843328595161438,
0.983872652053833,
0.9831941723823547,
0.9825190305709839,
0.98192298412323,
0.9808890223503113,
0.9800254702568054,
0.9791726469993591,
0.9787233471870422,
0.9779433012008667,
0.9776458740234375,
0.9769068360328674,
0.9761329889297485,
0.9755545258522034,
0.9746145009994507,
0.9737407565116882,
0.9731103777885437,
0.9720730781555176,
0.9714593291282654,
0.9705521464347839,
0.9696428775787354,
0.9684762358665466,
0.967911958694458,
0.9665033221244812,
0.965821385383606,
0.9652878046035767,
0.9642778038978577,
0.963101327419281,
0.9625729918479919,
0.9617897272109985,
0.9607974886894226,
0.9601383805274963,
0.95902019739151,
0.9580352902412415,
0.9573200941085815,
0.9563614726066589,
0.9553934931755066,
0.9543535709381104,
0.9541046023368835,
0.9529035687446594,
0.95209139585495,
0.9510475993156433,
0.9504815340042114,
0.9496563673019409,
0.9489781260490417,
0.9478674530982971,
0.947208046913147,
0.9461868405342102,
0.9454213380813599,
0.9443596005439758,
0.9431740641593933,
0.9420047998428345,
0.9411988854408264,
0.9401262998580933,
0.9391840100288391,
0.93822181224823,
0.9374253153800964,
0.9365111589431763,
0.935234785079956,
0.9346277117729187,
0.9334568977355957,
0.9326336979866028,
0.9318584203720093,
0.9306682348251343,
0.9298520088195801,
0.9286391139030457,
0.9278450608253479,
0.9268192648887634,
0.9260640144348145,
0.924919843673706,
0.9239931106567383,
0.9228838682174683,
0.9220472574234009,
0.9213374257087708,
0.9204551577568054,
0.9194943904876709,
0.9187794923782349,
0.9179642796516418,
0.9168977737426758,
0.9155144095420837,
0.9150084853172302,
0.9140846729278564,
0.9126154184341431,
0.912000834941864,
0.9107407927513123,
0.9096567630767822,
0.9090770483016968,
0.907576322555542,
0.9064909219741821,
0.9059785604476929,
0.9045004844665527,
0.9037811756134033,
0.9028062224388123,
0.9018740057945251,
0.9009542465209961,
0.8998193740844727,
0.8991631865501404,
0.8980933427810669,
0.8969884514808655,
0.8958004117012024,
0.8947017192840576,
0.8938679099082947,
0.8927750587463379,
0.8918306827545166,
0.8907915353775024,
0.8899431824684143,
0.8890252113342285,
0.8881940245628357,
0.8872019052505493,
0.886284589767456,
0.8851712942123413,
0.8843725919723511,
0.8833142518997192,
0.8824502825737,
0.8811059594154358,
0.0,
0.0,
0.0,
0.0,
0.0,
0.0,
0.0,
0.0,
0.0,
0.0,
0.0,
0.0,
0.0,
0.0,
0.0,
0.0,
0.0,
0.0,
0.0,
0.0,
0.0,
0.0,
0.0,
0.0,
0.0,
0.0,
0.0,
0.0,
0.0,
0.0,
0.0,
0.0,
0.0,
0.0,
0.0,
0.0,
0.0,
0.0,
0.0,
0.0,
0.0,
0.0,
0.0,
0.0,
0.0,
0.0,
0.0,
0.0,
0.0,
0.0,
0.0,
0.0,
0.0,
0.0,
0.0,
0.0,
0.0,
0.0,
0.0,
0.0,
0.0,
0.0,
0.0,
0.0,
0.0,
0.0,
0.0,
0.0,
0.0,
0.0,
0.0,
0.0,
0.0,
0.0,
0.0,
0.0,
0.0,
0.0,
0.0,
0.0,
0.0,
0.0,
0.0,
0.0,
0.0,
0.0,
0.0,
0.0,
0.0,
0.0,
0.0,
0.0,
0.0,
0.0,
0.0,
0.0,
0.0,
0.0,
0.0,
0.0,
0.0,
0.0,
0.0,
0.0,
0.0,
0.0,
0.0,
0.0,
0.0,
0.0,
0.0,
0.0,
0.0,
0.0,
0.0,
0.0,
0.0,
0.0,
0.0,
0.0,
0.0,
0.0,
0.0,
0.0,
0.0,
0.0,
0.0,
0.0,
0.0,
0.0,
0.0,
0.0,
0.0,
0.0,
0.0,
0.0,
0.0,
0.0,
0.0,
0.0,
0.0,
0.0,
0.0,
0.0,
0.0,
0.0,
0.0,
0.0,
0.0,
0.0,
0.0,
0.0,
0.0,
0.0,
0.0,
0.0,
0.0,
0.0,
0.0,
0.0,
0.0,
0.0,
0.0,
0.0,
0.0,
0.0,
0.0,
0.0,
0.0,
0.0,
0.0,
0.0,
0.0,
0.0,
0.0,
0.0,
0.0,
0.0,
0.0,
0.0,
0.0,
0.0,
0.0,
0.0,
0.0,
0.0,
0.0,
0.0,
0.0,
0.0,
0.0,
0.0,
0.0,
0.0,
0.0,
0.0,
0.0,
0.0,
0.0,
0.0,
0.0,
0.0,
0.0,
0.0,
0.0,
0.0,
0.0,
0.0,
0.0,
0.0,
0.0,
0.0,
0.0,
0.0,
0.0,
0.0,
0.0,
0.0,
0.0,
0.0,
0.0,
0.0,
0.0,
0.0,
0.0,
0.0,
0.0,
0.0,
0.0,
0.0,
0.0,
0.0,
0.0,
0.0,
0.0,
0.0,
0.0,
0.0,
0.0,
0.0,
0.0,
0.0,
0.0,
0.0,
0.0,
0.0,
0.0,
0.0,
0.0,
0.0,
0.0,
0.0,
0.0,
0.0,
0.0,
0.0,
0.0,
0.0,
0.0,
0.0,
0.0,
0.0,
0.0,
0.0,
0.0,
0.0,
0.0,
0.0,
0.0,
0.0,
0.0,
0.0,
0.0,
0.0,
0.0,
0.0,
0.0,
0.0,
0.0,
0.0,
0.0,
0.0,
0.0,
0.0,
0.0,
0.0,
0.0,
0.0,
0.0,
0.0,
0.0,
0.0,
0.0,
0.0,
0.0,
0.0,
0.0,
0.0,
0.0,
0.0,
0.0,
0.0,
0.0,
0.0,
0.0,
0.0,
0.0,
0.0,
0.0,
0.0,
0.0,
0.0,
0.0,
0.0,
0.0,
0.0,
0.0,
0.0,
0.0,
0.0,
0.0,
0.0,
0.0,
0.0,
0.0,
0.0,
0.0,
0.0,
0.0,
0.0,
0.0,
0.0,
0.0,
0.0,
0.0,
0.0,
0.0,
0.0,
0.0,
0.0,
0.0,
0.0,
0.0,
0.0,
0.0,
0.0,
0.0,
0.0,
0.0,
0.0,
0.0,
0.0,
0.0,
0.0,
0.0,
0.0,
0.0,
0.0,
0.0,
0.0,
0.0,
0.0,
0.0,
0.0,
0.0,
0.0,
0.0,
0.0,
0.0,
0.0,
0.0,
0.0,
0.0,
0.0,
0.0,
0.0,
0.0,
0.0,
0.0,
0.0,
0.0,
0.0,
0.0,
0.0,
0.0,
0.0,
0.0,
0.0,
0.0,
0.0,
0.0,
0.0,
0.0,
0.0,
0.0,
0.0,
0.0,
0.0,
0.0,
0.0,
0.0,
0.0,
0.0,
0.0,
0.0,
0.0,
0.0,
0.0,
0.0,
0.0,
0.0,
0.0,
0.0,
0.0,
0.0,
0.0,
0.0,
0.0,
0.0,
0.0,
0.0,
0.0,
0.0,
0.0,
0.0,
0.0,
0.0,
0.0,
0.0,
0.0,
0.0,
0.0,
0.0,
0.0,
0.0,
0.0,
0.0,
0.0,
0.0,
0.0,
0.0,
0.0,
0.0,
0.0,
0.0,
0.0,
0.0,
0.0,
0.0,
0.0,
0.0,
0.0,
0.0,
0.0,
0.0,
0.0,
0.0,
0.0,
0.0,
0.0,
0.0,
0.0,
0.0,
0.0,
0.0,
0.0,
0.0,
0.0,
0.0,
0.0,
0.0,
0.0,
0.0,
0.0,
0.0,
0.0,
0.0,
0.0,
0.0,
0.0,
0.0,
0.0,
0.0,
0.0,
0.0,
0.0,
0.0,
0.0,
0.0,
0.0,
0.0,
0.0,
0.0,
0.0,
0.0,
0.0,
0.0,
0.0,
0.0,
0.0,
0.0,
0.0,
0.0,
0.0,
0.0,
0.0,
0.0,
0.0,
0.0,
0.0,
0.0,
0.0,
0.0,
0.0,
0.0,
0.0,
0.0,
0.0,
0.0,
0.0,
0.0,
0.0,
0.0,
0.0,
0.0,
0.0,
0.0,
0.0,
0.0,
0.0,
0.0,
0.0,
0.0,
0.0,
0.0,
0.0,
0.0,
0.0,
0.0,
0.0,
0.0,
0.0,
0.0,
0.0,
0.0,
0.0,
0.0,
0.0,
0.0,
0.0,
0.0,
0.0,
0.0,
0.0,
0.0,
0.0,
0.0,
0.0,
0.0,
0.0,
0.0,
0.0,
0.0,
0.0,
0.0,
0.0,
0.0,
0.0,
0.0,
0.0,
0.0,
0.0,
0.0,
0.0,
0.0,
0.0,
0.0,
0.0,
0.0,
0.0,
0.0,
0.0,
0.0,
0.0,
0.0,
0.0,
0.0,
0.0,
0.0,
0.0,
0.0,
0.0,
0.0,
0.0,
0.0,
0.0,
0.0,
0.0,
0.0,
0.0,
0.0,
0.0,
0.0,
0.0,
0.0,
0.0,
0.0,
0.0,
0.0,
0.0,
0.0,
0.0,
0.0,
0.0,
0.0,
0.0,
0.0,
0.0,
0.0,
0.0,
0.0,
0.0,
0.0,
0.0,
0.0,
0.0,
0.0,
0.0,
0.0,
0.0,
0.0,
0.0,
0.0,
0.0,
0.0,
0.0,
0.0,
0.0,
0.0,
0.0,
0.0,
0.0,
0.0,
0.0,
0.0,
0.0,
0.0,
0.0,
0.0,
0.0,
0.0,
0.0,
0.0,
0.0,
0.0,
0.0,
0.0,
0.0,
0.0,
0.0,
0.0,
0.0,
0.0,
0.0,
0.0,
0.0,
0.0,
0.0,
0.0,
0.0,
0.0,
0.0,
0.0,
0.0,
0.0,
0.0,
0.0,
0.0,
0.0,
0.0,
0.0,
0.0,
0.0,
0.0,
0.0,
0.0,
0.0,
0.0,
0.0,
0.0,
0.0,
0.0,
0.0,
0.0,
0.0,
0.0,
0.0,
0.0,
0.0,
0.0,
0.0,
0.0,
0.0,
0.0,
0.0,
0.0,
0.0,
0.0,
0.0,
0.0,
0.0,
0.0,
0.0,
0.0,
0.0,
0.0,
0.0,
0.0,
0.0,
0.0,
0.0,
0.0,
0.0,
0.0,
0.0,
0.0,
0.0,
0.0,
0.0,
0.0,
0.0,
0.0,
0.0,
0.0,
0.0,
0.0,
0.0,
0.0,
0.0,
0.0,
0.0,
0.0,
0.0,
0.0,
0.0,
0.0,
0.0,
0.0,
0.0,
0.0,
0.0,
0.0,
0.0,
0.0,
0.0,
0.0,
0.0,
0.0,
0.0,
0.0,
0.0,
0.0,
0.0,
0.0,
0.0,
0.0,
0.0,
0.0,
0.0,
0.0,
0.0,
0.0,
0.0,
0.0,
0.0,
0.0,
0.0,
0.0,
0.0,
0.0,
0.0,
0.0,
0.0,
0.0,
0.0,
0.0,
0.0,
0.0,
0.0,
0.0,
0.0,
0.0,
0.0,
0.0,
0.0,
0.0,
0.0,
0.0,
0.0,
0.0,
0.0,
0.0,
0.0,
0.0,
0.0,
0.0,
0.0,
0.0,
0.0,
0.0,
0.0,
0.0,
0.0,
0.0,
0.0,
0.0,
0.0,
0.0,
0.0,
0.0,
0.0,
0.0,
0.0,
0.0,
0.0,
0.0,
0.0,
0.0,
0.0,
0.0,
0.0,
0.0,
0.0,
0.0,
0.0,
0.0,
0.0,
0.0,
0.0,
0.0,
0.0,
0.0,
0.0,
0.0,
0.0,
0.0,
0.0,
0.0,
0.0,
0.0,
0.0,
0.0,
0.0,
0.0,
0.0,
0.0,
0.0,
0.0,
0.0,
0.0,
0.0,
0.0,
0.0,
0.0,
0.0,
0.0,
0.0,
0.0,
0.0,
0.0,
0.0,
0.0,
0.0,
0.0,
0.0,
0.0,
0.0,
0.0,
0.0,
0.0,
0.0,
0.0,
0.0,
0.0,
0.0,
0.0,
0.0,
0.0,
0.0,
0.0,
0.0,
0.0,
0.0,
0.0,
0.0,
0.0,
0.0,
0.0,
0.0,
0.0,
0.0,
0.0,
0.0,
0.0,
0.0,
0.0,
0.0,
0.0,
0.0,
0.0,
0.0,
0.0,
0.0,
0.0,
0.0,
0.0,
0.0,
0.0,
0.0,
0.0,
0.0,
0.0,
0.0,
0.0,
0.0,
0.0,
0.0,
0.0,
0.0,
0.0,
0.0,
0.0,
0.0,
0.0,
0.0,
0.0,
0.0,
0.0,
0.0,
0.0,
0.0,
0.0,
0.0,
0.0,
0.0,
0.0,
0.0,
0.0,
0.0,
0.0,
0.0,
0.0,
0.0,
0.0,
0.0,
0.0,
0.0,
0.0,
0.0,
0.0,
0.0,
0.0,
0.0,
0.0,
0.0,
0.0,
0.0,
0.0,
0.0,
0.0,
0.0,
0.0,
0.0,
0.0,
0.0,
0.0,
0.0,
0.0,
0.0,
0.0,
0.0,
0.0,
0.0,
0.0,
0.0,
0.0,
0.0,
0.0,
0.0,
0.0,
0.0,
0.0,
0.0,
0.0,
0.0,
0.0,
0.0,
0.0,
0.0,
0.0,
0.0,
0.0,
0.0,
0.0,
0.0,
0.0,
0.0,
0.0,
0.0,
0.0,
0.0,
0.0,
0.0,
0.0,
0.0,
0.0,
0.0,
0.0,
0.0,
0.0,
0.0,
0.0,
0.0,
0.0,
0.0,
0.0,
0.0,
0.0,
0.0,
0.0,
0.0,
0.0,
0.0,
0.0,
0.0,
0.0,
0.0,
0.0,
0.0,
0.0,
0.0,
0.0,
0.0,
0.0,
0.0,
0.0,
0.0,
0.0,
0.0,
0.0,
0.0,
0.0,
0.0,
0.0,
0.0,
0.0,
0.0,
0.0,
0.0,
0.0,
0.0,
0.0,
0.0,
0.0,
0.0,
0.0,
0.0,
0.0,
0.0,
0.0,
0.0,
0.0,
0.0,
0.0,
0.0,
0.0,
0.0,
0.0,
0.0,
0.0,
0.0,
0.0,
0.0,
0.0,
0.0,
0.0,
0.0,
0.0,
0.0,
0.0,
0.0,
0.0,
0.0,
0.0,
0.0,
0.0,
0.0,
0.0,
0.0,
0.0,
0.0,
0.0,
0.0,
0.0,
0.0,
0.0,
0.0,
0.0,
0.0,
0.0,
0.0,
0.0,
0.0,
0.0,
0.0,
0.0,
0.0,
0.0,
0.0,
0.0,
0.0,
0.0,
0.0,
0.0,
0.0,
0.0,
0.0,
0.0,
0.0,
0.0,
0.0,
0.0,
0.0,
0.0,
0.0,
0.0,
0.0,
0.0,
0.0,
0.0,
0.0,
0.0,
0.0,
0.0,
0.0,
0.0,
0.0,
0.0,
0.0,
0.0,
0.0,
0.0,
0.0,
0.0,
0.0,
0.0,
0.0,
0.0,
0.0,
0.0,
0.0,
0.0,
0.0,
0.0,
0.0,
0.0,
0.0,
0.0,
0.0,
0.0,
0.0,
0.0,
0.0,
0.0,
0.0,
0.0,
0.0,
0.0,
0.0,
0.0,
0.0,
0.0,
0.0,
0.0,
0.0,
0.0,
0.0,
0.0,
0.0,
0.0,
0.0,
0.0,
0.0,
0.0,
0.0,
0.0,
0.0,
0.0,
0.0,
0.0,
0.0,
0.0,
0.0,
0.0,
0.0,
0.0,
0.0,
0.0,
0.0,
0.0,
0.0,
0.0,
0.0,
0.0,
0.0,
0.0,
0.0,
0.0,
0.0,
0.0,
0.0,
0.0,
0.0,
0.0,
0.0,
0.0,
0.0,
0.0,
0.0,
0.0,
0.0,
0.0,
0.0,
0.0,
0.0,
0.0,
0.0,
0.0,
0.0,
0.0,
0.0,
0.0,
0.0,
0.0,
0.0,
0.0,
0.0,
0.0,
0.0,
0.0,
0.0,
0.0,
0.0,
0.0,
0.0,
0.0,
0.0,
0.0,
0.0,
0.0,
0.0,
0.0,
0.0,
0.0,
0.0,
0.0,
0.0,
0.0,
0.0,
0.0,
0.0,
0.0,
0.0,
0.0,
0.0,
0.0,
0.0,
0.0,
0.0,
0.0,
0.0,
0.0,
0.0,
0.0,
0.0,
0.0,
0.0,
0.0,
0.0,
0.0,
0.0,
0.0,
0.0,
0.0,
0.0,
0.0,
0.0,
0.0,
0.0,
0.0,
0.0,
0.0,
0.0,
0.0,
0.0,
0.0,
0.0,
0.0,
0.0,
0.0,
0.0,
0.0,
0.0,
0.0,
0.0,
0.0,
0.0,
0.0,
0.0,
0.0,
0.0,
0.0,
0.0,
0.0,
0.0,
0.0,
0.0,
0.0,
0.0,
0.0,
0.0,
0.0,
0.0,
0.0,
0.0,
0.0,
0.0,
0.0,
0.0,
0.0,
0.0,
0.0,
0.0,
0.0,
0.0,
0.0,
0.0,
0.0,
0.0,
0.0,
0.0,
0.0,
0.0,
0.0,
0.0,
0.0,
0.0,
0.0,
0.0,
0.0,
0.0,
0.0,
0.0,
0.0,
0.0,
0.0,
0.0,
0.0,
0.0,
0.0,
0.0,
0.0,
0.0,
0.0,
0.0,
0.0,
0.0,
0.0,
0.0,
0.0,
0.0,
0.0,
0.0,
0.0,
0.0,
0.0,
0.0,
0.0,
0.0,
0.0,
0.0,
0.0,
0.0,
0.0,
0.0,
0.0,
0.0,
0.0,
0.0,
0.0,
0.0,
0.0,
0.0,
0.0,
0.0,
0.0,
0.0,
0.0,
0.0,
0.0,
0.0,
0.0,
0.0,
0.0,
0.0,
0.0,
0.0,
0.0,
0.0,
0.0,
0.0,
0.0,
0.0,
0.0,
0.0,
0.0,
0.0,
0.0,
0.0,
0.0,
0.0,
0.0,
0.0,
0.0,
0.0,
