1.0499999523162842,
1.0499999523162842,
1.0499999523162842,
1.0842299461364746,
1.0847102403640747,
1.0852640867233276,
1.0857620239257812,
1.0860055685043335,
1.0863637924194336,
1.0866315364837646,
1.0867990255355835,
1.0870345830917358,
1.0871809720993042,
1.0872156620025635,
1.0871214866638184,
1.087317943572998,
1.0873794555664062,
1.0875041484832764,
1.0875157117843628,
1.0875693559646606,
1.0876187086105347,
1.0877124071121216,
1.087665319442749,
1.0877374410629272,
1.087738275527954,
1.0877628326416016,
1.0877859592437744,
1.0877866744995117,
1.0879238843917847,
1.087928056716919,
1.087941288948059,
1.0879294872283936,
1.0879720449447632,
1.0879274606704712,
1.0879639387130737,
1.0880112648010254,
1.0880398750305176,
1.0880635976791382,
1.0880573987960815,
1.0880646705627441,
1.0880976915359497,
1.088086485862732,
1.0880244970321655,
1.0879619121551514,
1.0880111455917358,
1.0880553722381592,
1.088066577911377,
1.0880634784698486,
1.088086485862732,
1.088084101676941,
1.0881288051605225,
1.088478446006775,
1.0886950492858887,
1.0888646841049194,
1.0889499187469482,
1.0888633728027344,
1.088283896446228,
1.0883187055587769,
1.0883173942565918,
1.088348150253296,
1.0883431434631348,
1.0883257389068604,
1.0883680582046509,
1.0883663892745972,
1.0883843898773193,
1.088322639465332,
1.0882971286773682,
1.088249921798706,
1.0883100032806396,
1.0882537364959717,
1.08826744556427,
1.0882211923599243,
1.088204264640808,
1.0881727933883667,
1.0881227254867554,
1.088094711303711,
1.0881171226501465,
1.0880589485168457,
1.0880404710769653,
1.088049292564392,
1.088003158569336,
1.0879771709442139,
1.0880091190338135,
1.0880287885665894,
1.0878466367721558,
1.0878968238830566,
1.087886929512024,
1.087780475616455,
1.0878149271011353,
1.0877758264541626,
1.0877765417099,
1.0877366065979004,
1.0877336263656616,
1.087725043296814,
1.0876563787460327,
1.0877317190170288,
1.0876859426498413,
1.0876646041870117,
1.0876713991165161,
1.0876312255859375,
1.087660312652588,
1.0876280069351196,
1.087553858757019,
1.0875611305236816,
1.0875115394592285,
1.0874407291412354,
1.0875030755996704,
1.0873278379440308,
1.0872458219528198,
1.0871517658233643,
1.0873664617538452,
1.0873597860336304,
1.0873459577560425,
1.0873292684555054,
1.0872238874435425,
1.0872232913970947,
1.0871829986572266,
1.087105393409729,
1.08717679977417,
1.087141990661621,
1.0871810913085938,
1.0872355699539185,
1.0871773958206177,
1.0871495008468628,
1.0870261192321777,
1.0869066715240479,
1.086841344833374,
1.0868219137191772,
1.0867624282836914,
1.0866878032684326,
1.0867160558700562,
1.0866726636886597,
1.0866115093231201,
1.0865600109100342,
1.0865159034729004,
1.0863462686538696,
1.0863100290298462,
1.0863091945648193,
1.0862672328948975,
1.0863174200057983,
1.086283802986145,
1.0863068103790283,
1.0861880779266357,
1.0861880779266357,
1.0861141681671143,
1.086118459701538,
1.086063265800476,
1.0859882831573486,
1.0859957933425903,
1.0859754085540771,
1.085981011390686,
1.0859498977661133,
1.0859060287475586,
1.0858877897262573,
1.0858126878738403,
1.0858073234558105,
1.085698127746582,
1.0857038497924805,
1.0856600999832153,
1.085566520690918,
1.0855827331542969,
1.085512399673462,
1.0855354070663452,
1.0855515003204346,
1.0856666564941406,
1.0857597589492798,
1.0857254266738892,
1.0855576992034912,
1.0853577852249146,
1.0853271484375,
1.0852129459381104,
1.0853043794631958,
1.0854285955429077,
1.0855083465576172,
1.085566520690918,
1.0855225324630737,
1.0854498147964478,
1.0853805541992188,
1.0852655172348022,
1.0849761962890625,
1.0850740671157837,
1.0849961042404175,
1.0849604606628418,
1.084893822669983,
1.0848662853240967,
1.084815502166748,
1.0847223997116089,
1.0846608877182007,
1.0846569538116455,
1.084543228149414,
1.0845530033111572,
1.0846222639083862,
1.0847336053848267,
1.084789752960205,
1.084788203239441,
1.084585189819336,
1.0844348669052124,
1.0843700170516968,
1.0842944383621216,
1.0845149755477905,
1.0847282409667969,
1.0848091840744019,
1.0848668813705444,
1.0848504304885864,
1.0847967863082886,
1.0847067832946777,
1.0845296382904053,
1.0841782093048096,
1.084010124206543,
1.0839393138885498,
1.0838276147842407,
1.0837955474853516,
1.0837416648864746,
1.0837066173553467,
1.0836544036865234,
1.0823084115982056,
1.0835175514221191,
1.0835286378860474,
1.0835375785827637,
1.083604097366333,
1.0837894678115845,
1.0837892293930054,
1.083664894104004,
1.083444356918335,
1.0832500457763672,
1.0832022428512573,
1.0831294059753418,
1.083278775215149,
1.0834060907363892,
1.083451509475708,
1.0834057331085205,
1.0833956003189087,
1.083348035812378,
1.0832232236862183,
1.0830663442611694,
1.0828171968460083,
1.0828349590301514,
1.082756519317627,
1.0827062129974365,
1.082627296447754,
1.0825779438018799,
1.0824718475341797,
1.08236825466156,
1.0823723077774048,
1.082345962524414,
1.0823347568511963,
1.082322597503662,
1.0823664665222168,
1.082493543624878,
1.0825490951538086,
1.0823585987091064,
1.082179069519043,
1.0820502042770386,
1.0819846391677856,
1.0819240808486938,
1.0820825099945068,
1.0821545124053955,
1.0822323560714722,
1.0822405815124512,
1.0822103023529053,
1.0821653604507446,
1.0821110010147095,
1.0818746089935303,
1.0816349983215332,
1.0816245079040527,
1.0815608501434326,
1.0815043449401855,
1.08145010471344,
1.0813690423965454,
1.081321358680725,
1.0812079906463623,
1.0811817646026611,
1.0811203718185425,
1.081057071685791,
1.0810222625732422,
1.0810612440109253,
1.0811434984207153,
1.081120491027832,
1.0809599161148071,
1.0808441638946533,
1.0808085203170776,
1.0807231664657593,
1.0807182788848877,
1.080816388130188,
1.0809365510940552,
1.0809955596923828,
1.0810325145721436,
1.081026315689087,
1.0810341835021973,
1.0809962749481201,
1.0807833671569824,
1.0804363489151,
1.080275058746338,
1.080161452293396,
1.0801448822021484,
1.0800957679748535,
1.0800296068191528,
1.0799715518951416,
1.079909086227417,
1.079925537109375,
1.0798468589782715,
1.0797827243804932,
1.0797487497329712,
1.0797418355941772,
1.0797150135040283,
1.0796273946762085,
1.0796319246292114,
1.079534649848938,
1.0795001983642578,
1.079404354095459,
1.0793993473052979,
1.0794333219528198,
1.0794670581817627,
1.0794929265975952,
1.0794689655303955,
1.079440712928772,
1.079397439956665,
1.0794079303741455,
1.0792006254196167,
1.0790036916732788,
1.0789414644241333,
1.0789204835891724,
1.078848123550415,
1.0787783861160278,
1.0786937475204468,
1.0786750316619873,
1.07862389087677,
1.0785952806472778,
1.0785226821899414,
1.0784918069839478,
1.078655481338501,
1.0791761875152588,
1.0794646739959717,
1.0795576572418213,
1.0790257453918457,
1.079315185546875,
1.0792622566223145,
1.0792574882507324,
1.0794402360916138,
1.0784931182861328,
1.0798656940460205,
1.0800156593322754,
1.0800881385803223,
1.0801650285720825,
1.0800857543945312,
1.0801106691360474,
1.0798112154006958,
1.0794404745101929,
1.0791324377059937,
1.0788956880569458,
1.078771948814392,
1.0786564350128174,
1.0785863399505615,
1.0785062313079834,
1.0784615278244019,
1.0784105062484741,
1.0783753395080566,
1.0782829523086548,
1.0782513618469238,
1.078263282775879,
1.0783226490020752,
1.0782102346420288,
1.0780943632125854,
1.078019618988037,
1.077894926071167,
1.0778398513793945,
1.0780035257339478,
1.0781307220458984,
1.078230619430542,
1.0783017873764038,
1.0783803462982178,
1.0783871412277222,
1.0783934593200684,
1.078370213508606,
1.07810640335083,
1.077831745147705,
1.0776135921478271,
1.0774271488189697,
1.0772649049758911,
1.0771756172180176,
1.0770888328552246,
1.077085018157959,
1.0769932270050049,
1.0769615173339844,
1.0769165754318237,
1.0769113302230835,
1.0768488645553589,
1.0769193172454834,
1.07695734500885,
1.076877236366272,
1.0767300128936768,
1.0765684843063354,
1.076425313949585,
1.0763680934906006,
1.0765323638916016,
1.07664155960083,
1.0768102407455444,
1.076898217201233,
1.0769031047821045,
1.076925277709961,
1.0769004821777344,
1.076870083808899,
1.076582431793213,
1.0762977600097656,
1.0760490894317627,
1.0758846998214722,
1.075746774673462,
1.0756402015686035,
1.075556755065918,
1.0754908323287964,
1.0754265785217285,
1.075400948524475,
1.0746599435806274,
1.0752837657928467,
1.0753109455108643,
1.0754082202911377,
1.0748485326766968,
1.0751149654388428,
1.0751621723175049,
1.0750068426132202,
1.074877381324768,
1.0747852325439453,
1.0736796855926514,
1.0750972032546997,
1.0751794576644897,
1.0752778053283691,
1.0752543210983276,
1.075243592262268,
1.0752273797988892,
1.0751404762268066,
1.074869990348816,
1.0746147632598877,
1.0744032859802246,
1.0742032527923584,
1.0740586519241333,
1.0739879608154297,
1.0739483833312988,
1.073898196220398,
1.0738379955291748,
1.0737709999084473,
1.0737491846084595,
1.0737009048461914,
1.0736812353134155,
1.073782205581665,
1.0738062858581543,
1.0736877918243408,
1.0734634399414062,
1.0733747482299805,
1.0732460021972656,
1.0732067823410034,
1.0732778310775757,
1.073373794555664,
1.0734422206878662,
1.0734361410140991,
1.073470950126648,
1.0734269618988037,
1.0733733177185059,
1.0733895301818848,
1.0731492042541504,
1.072722315788269,
1.072695255279541,
1.0725197792053223,
1.0724356174468994,
1.072340726852417,
1.0722798109054565,
1.0721771717071533,
1.072099208831787,
1.0720207691192627,
1.0719534158706665,
1.071887731552124,
1.0718340873718262,
1.07173752784729,
1.0716679096221924,
1.0716114044189453,
1.0715433359146118,
1.071450114250183,
1.0713680982589722,
1.0712897777557373,
1.0715136528015137,
1.0708911418914795,
1.0716311931610107,
1.0716031789779663,
1.0719832181930542,
1.072020173072815,
1.072044849395752,
1.0720113515853882,
1.0714434385299683,
1.071333408355713,
1.071077823638916,
1.070854902267456,
1.0706874132156372,
1.0706127882003784,
1.0702401399612427,
1.069492220878601,
1.0692073106765747,
1.0665286779403687,
1.0676581859588623,
1.068383812904358,
1.0698648691177368,
1.068821668624878,
1.0686875581741333,
1.0686603784561157,
1.0686010122299194,
1.0685769319534302,
1.0684664249420166,
1.0683434009552002,
1.06838858127594,
1.068450927734375,
1.0684674978256226,
1.068552851676941,
1.0685439109802246,
1.0685378313064575,
1.068527340888977,
1.0685442686080933,
1.0683550834655762,
1.0680255889892578,
1.0677413940429688,
1.0675872564315796,
1.0674737691879272,
1.0674097537994385,
1.0673164129257202,
1.0672430992126465,
1.0671626329421997,
1.067114233970642,
1.0670536756515503,
1.0669758319854736,
1.0669386386871338,
1.066932201385498,
1.0669410228729248,
1.0668110847473145,
1.0666558742523193,
1.0665802955627441,
1.0664925575256348,
1.066422700881958,
1.066346287727356,
1.0664607286453247,
1.0664726495742798,
1.066489815711975,
1.0664652585983276,
1.0664418935775757,
1.0663272142410278,
1.0655720233917236,
1.0660018920898438,
1.0655641555786133,
1.065630316734314,
1.0653510093688965,
1.065459132194519,
1.063977837562561,
1.0653053522109985,
1.0652520656585693,
1.0651638507843018,
1.0650885105133057,
1.065014362335205,
1.0648983716964722,
1.064838171005249,
1.0648081302642822,
1.0648415088653564,
1.0647796392440796,
1.0642504692077637,
1.0645592212677002,
1.0645291805267334,
1.0644562244415283,
1.0642668008804321,
1.064385175704956,
1.064504623413086,
1.064584493637085,
1.0646132230758667,
1.0646336078643799,
1.0645664930343628,
1.064545750617981,
1.064361333847046,
1.0640352964401245,
1.063645839691162,
1.0636550188064575,
1.0634748935699463,
1.0633435249328613,
1.063248634338379,
1.063177466392517,
1.0630682706832886,
1.0630005598068237,
1.0628931522369385,
1.062841534614563,
1.0627588033676147,
1.0626628398895264,
1.062610149383545,
1.0626202821731567,
1.0624679327011108,
1.0624778270721436,
1.062158226966858,
1.0622838735580444,
1.0619256496429443,
1.062124252319336,
1.0622373819351196,
1.0622762441635132,
1.0622376203536987,
1.0621672868728638,
1.0620858669281006,
1.0619803667068481,
1.0618394613265991,
1.061510443687439,
1.0614123344421387,
1.060914397239685,
1.0612168312072754,
1.0611615180969238,
1.0610716342926025,
1.060931921005249,
1.0608799457550049,
1.0607833862304688,
1.0606871843338013,
1.0605180263519287,
1.0601563453674316,
1.059738278388977,
1.0596305131912231,
1.0600184202194214,
1.0599149465560913,
1.0600333213806152,
1.0599173307418823,
1.0598386526107788,
1.0596587657928467,
1.059478521347046,
1.059422254562378,
1.0593922138214111,
1.0590646266937256,
1.059191107749939,
1.0591198205947876,
1.0590020418167114,
1.0589061975479126,
1.0588626861572266,
1.0586005449295044,
1.0586410760879517,
1.0584784746170044,
1.0584691762924194,
1.0581927299499512,
1.058257818222046,
1.0580857992172241,
1.0580048561096191,
1.0579324960708618,
1.0577317476272583,
1.0576828718185425,
1.057599425315857,
1.0573266744613647,
1.057187795639038,
1.0571331977844238,
1.0572282075881958,
1.0571677684783936,
1.057096242904663,
1.0569283962249756,
1.0564771890640259,
1.056577444076538,
1.0563229322433472,
1.0565693378448486,
1.0562564134597778,
1.0562260150909424,
1.0562232732772827,
1.0560534000396729,
1.055707573890686,
1.0556219816207886,
1.0557783842086792,
1.0553512573242188,
1.0554324388504028,
1.0551327466964722,
1.0548832416534424,
1.0551217794418335,
1.0550541877746582,
1.0547864437103271,
1.0547971725463867,
1.0534987449645996,
1.0540271997451782,
1.0538108348846436,
1.0540704727172852,
1.0532530546188354,
1.053924798965454,
1.053046703338623,
1.0520095825195312,
1.0536783933639526,
1.0534589290618896,
1.053213357925415,
1.0531466007232666,
1.0531632900238037,
1.0530390739440918,
1.0529115200042725,
1.0527533292770386,
1.052581548690796,
1.05233895778656,
1.0522478818893433,
1.051795244216919,
1.0516995191574097,
1.0520254373550415,
1.0518172979354858,
1.0517255067825317,
1.0512324571609497,
1.0515069961547852,
1.0513112545013428,
1.0512003898620605,
1.0505225658416748,
1.050873875617981,
1.0507652759552002,
1.0506436824798584,
1.0505973100662231,
1.050201654434204,
1.0503069162368774,
1.0501247644424438,
1.0496327877044678,
1.049401044845581,
1.0493777990341187,
1.048820972442627,
1.0485858917236328,
1.0486544370651245,
1.048871636390686,
1.048959493637085,
1.0482407808303833,
1.0483317375183105,
1.0477485656738281,
1.0476917028427124,
1.0475172996520996,
1.0468136072158813,
1.0475943088531494,
1.0471827983856201,
1.0472910404205322,
1.0472809076309204,
1.0467907190322876,
1.047215461730957,
1.0467385053634644,
1.046753168106079,
1.0463333129882812,
1.0464444160461426,
1.046546220779419,
1.046297550201416,
1.045773983001709,
1.0461421012878418,
1.045261025428772,
1.0450485944747925,
1.0447335243225098,
1.0452570915222168,
1.0456026792526245,
1.0444190502166748,
1.0446264743804932,
1.0451991558074951,
1.0448644161224365,
1.0447940826416016,
1.0449341535568237,
1.0444928407669067,
1.0443098545074463,
1.0435433387756348,
1.0425111055374146,
1.042851448059082,
1.0428296327590942,
1.0423641204833984,
1.0421470403671265,
1.0423375368118286,
1.0416786670684814,
1.0416826009750366,
1.0411877632141113,
1.0413564443588257,
1.041418433189392,
1.0409064292907715,
1.0405205488204956,
1.0404034852981567,
1.040218710899353,
1.0402737855911255,
1.0396140813827515,
1.0396701097488403,
1.0394834280014038,
1.0393487215042114,
1.0395927429199219,
1.0393388271331787,
1.0389564037322998,
1.0387585163116455,
1.0390093326568604,
1.0382527112960815,
1.038077473640442,
1.0379725694656372,
1.0372905731201172,
1.0370382070541382,
1.0365880727767944,
1.0366284847259521,
1.0364179611206055,
1.0363081693649292,
1.035457730293274,
1.035895586013794,
1.0354797840118408,
1.0354012250900269,
1.0348589420318604,
1.0345617532730103,
1.0341352224349976,
1.0343419313430786,
1.0331839323043823,
1.0333130359649658,
1.0325556993484497,
1.0325183868408203,
1.0326820611953735,
1.0327489376068115,
1.0326311588287354,
1.0324232578277588,
1.0323081016540527,
1.0323060750961304,
1.0318905115127563,
1.0322144031524658,
1.031838297843933,
1.0315604209899902,
1.0303574800491333,
1.0303593873977661,
1.0296225547790527,
1.029469609260559,
1.029798984527588,
1.0290625095367432,
1.028122901916504,
1.0289485454559326,
1.0278921127319336,
1.027418613433838,
1.0274593830108643,
1.0279161930084229,
1.0268586874008179,
1.0263099670410156,
1.0262258052825928,
1.0263677835464478,
1.0261602401733398,
1.0253827571868896,
1.0250171422958374,
1.0247148275375366,
1.0251582860946655,
1.0239977836608887,
1.02415931224823,
1.023840069770813,
1.0239697694778442,
1.0230166912078857,
1.0233124494552612,
1.0223629474639893,
1.0221757888793945,
1.021810531616211,
1.0213857889175415,
1.0211849212646484,
1.0198650360107422,
1.0196465253829956,
1.0194278955459595,
1.0193729400634766,
1.0193488597869873,
1.0184553861618042,
1.01832115650177,
1.0184115171432495,
1.0173728466033936,
1.016365885734558,
1.0173054933547974,
1.0164918899536133,
1.0162482261657715,
1.0142046213150024,
1.0145354270935059,
1.0152628421783447,
1.0145049095153809,
1.014190912246704,
1.014061450958252,
1.013232946395874,
1.0127673149108887,
1.0122344493865967,
1.0125095844268799,
1.0122277736663818,
1.011043667793274,
1.011109709739685,
1.0103979110717773,
1.0101872682571411,
1.0097588300704956,
1.0089764595031738,
1.0087145566940308,
1.008474349975586,
1.0078531503677368,
1.0065959692001343,
1.007093071937561,
1.006166934967041,
1.0065118074417114,
1.0057313442230225,
1.0048490762710571,
1.0047430992126465,
1.0038683414459229,
1.0040309429168701,
1.002950668334961,
1.0025601387023926,
1.0019580125808716,
1.0018792152404785,
1.0011534690856934,
1.0010675191879272,
1.0008810758590698,
1.0006672143936157,
1.0001477003097534,
1.000047206878662,
0.9994321465492249,
0.9990519285202026,
1.0063142776489258,
0.9978283643722534,
0.9977598190307617,
0.9967191219329834,
0.9966150522232056,
0.99605393409729,
0.9957332015037537,
0.9945635199546814,
0.9945776462554932,
0.9939486384391785,
0.9932636022567749,
0.993104100227356,
0.9920963644981384,
0.9921177625656128,
0.9910544753074646,
0.9903795719146729,
0.9904940128326416,
0.9894583225250244,
0.9890313744544983,
0.9889162182807922,
0.9879310131072998,
0.9877379536628723,
0.9875073432922363,
0.9869455099105835,
0.9867174625396729,
0.9855950474739075,
0.9851387739181519,
0.9847086668014526,
0.9843664169311523,
0.983790934085846,
0.982959508895874,
0.982315719127655,
0.9822443127632141,
0.9814432859420776,
0.9809468388557434,
0.9804282784461975,
0.9793313145637512,
0.9794135689735413,
0.9785927534103394,
0.9782500863075256,
0.9778225421905518,
0.9772876501083374,
0.9768559336662292,
0.975782573223114,
0.9758263826370239,
0.9751529097557068,
0.9745807647705078,
0.9740594625473022,
0.973407506942749,
0.9732504487037659,
0.9731223583221436,
0.9729132652282715,
0.9723094701766968,
0.9718446731567383,
0.971583902835846,
0.9712753891944885,
0.9703508019447327,
0.9696903228759766,
0.968914806842804,
0.9679848551750183,
0.967953085899353,
0.9673703908920288,
0.9669004678726196,
0.9659692049026489,
0.9655522108078003,
0.9653873443603516,
0.9647660851478577,
0.9644340872764587,
0.963590681552887,
0.9632346034049988,
0.9624252915382385,
0.9617569446563721,
0.9596956372261047,
0.9596506357192993,
0.9600998163223267,
0.9583960771560669,
0.9572083950042725,
0.9579759240150452,
0.9562216997146606,
0.9553654193878174,
0.9549851417541504,
0.9557654857635498,
0.9539209604263306,
0.9529813528060913,
0.9526928067207336,
0.9527603983879089,
0.9516516327857971,
0.950745701789856,
0.950476348400116,
0.9485495090484619,
0.948246419429779,
0.9475628733634949,
0.9477249979972839,
0.9464238882064819,
0.9448971748352051,
0.9443267583847046,
0.9445497989654541,
0.9425742626190186,
0.9424065351486206,
0.9413965940475464,
0.9408662915229797,
0.9398488998413086,
0.9381598234176636,
0.9374592900276184,
0.9372449517250061,
0.9371412992477417,
0.9365105032920837,
0.9364981055259705,
0.9347376823425293,
0.9343901872634888,
0.9334927797317505,
0.932472825050354,
0.9318143725395203,
0.9310830235481262,
0.9304550290107727,
0.9298334121704102,
0.928837776184082,
0.927924633026123,
0.9271405935287476,
0.926767885684967,
0.9249671697616577,
0.9240792393684387,
0.9238725304603577,
0.9234403371810913,
0.9215652942657471,
0.9207485914230347,
0.9209159016609192,
0.9191791415214539,
0.9179707169532776,
0.9178329706192017,
0.9175670146942139,
0.9152750968933105,
0.9147199988365173,
0.914326012134552,
0.9136439561843872,
0.9120023250579834,
0.9107449650764465,
0.910316526889801,
0.9093354940414429,
0.9082351326942444,
0.9072393178939819,
0.9067642092704773,
0.9058166742324829,
0.9041852355003357,
0.9036293625831604,
0.9032358527183533,
0.9018702507019043,
0.9008650183677673,
0.8998526334762573,
0.8992873430252075,
0.8977532386779785,
0.8966550230979919,
0.8950564861297607,
0.895066499710083,
0.8932834267616272,
0.8918038010597229,
0.8909929394721985,
0.8900991678237915,
0.8888878226280212,
0.8880967497825623,
0.8871036171913147,
0.8860551714897156,
0.8843746781349182,
0.8850411176681519,
0.8830187320709229,
0.8820538520812988,
0.8809283971786499,
0.0,
0.0,
0.0,
0.0,
0.0,
0.0,
0.0,
0.0,
0.0,
0.0,
0.0,
0.0,
0.0,
0.0,
0.0,
0.0,
0.0,
0.0,
0.0,
0.0,
0.0,
0.0,
0.0,
0.0,
0.0,
0.0,
0.0,
0.0,
0.0,
0.0,
0.0,
0.0,
0.0,
0.0,
0.0,
0.0,
0.0,
0.0,
0.0,
0.0,
0.0,
0.0,
0.0,
0.0,
0.0,
0.0,
0.0,
0.0,
0.0,
0.0,
0.0,
0.0,
0.0,
0.0,
0.0,
0.0,
0.0,
0.0,
0.0,
0.0,
0.0,
0.0,
0.0,
0.0,
0.0,
0.0,
0.0,
0.0,
0.0,
0.0,
0.0,
0.0,
0.0,
0.0,
0.0,
0.0,
0.0,
0.0,
0.0,
0.0,
0.0,
0.0,
0.0,
0.0,
0.0,
0.0,
0.0,
0.0,
0.0,
0.0,
0.0,
0.0,
0.0,
0.0,
0.0,
0.0,
0.0,
0.0,
0.0,
0.0,
0.0,
0.0,
0.0,
0.0,
0.0,
0.0,
0.0,
0.0,
0.0,
0.0,
0.0,
0.0,
0.0,
0.0,
0.0,
0.0,
0.0,
0.0,
0.0,
0.0,
0.0,
0.0,
0.0,
0.0,
0.0,
0.0,
0.0,
0.0,
0.0,
0.0,
0.0,
0.0,
0.0,
0.0,
0.0,
0.0,
0.0,
0.0,
0.0,
0.0,
0.0,
0.0,
0.0,
0.0,
0.0,
0.0,
0.0,
0.0,
0.0,
0.0,
0.0,
0.0,
0.0,
0.0,
0.0,
0.0,
0.0,
0.0,
0.0,
0.0,
0.0,
0.0,
0.0,
0.0,
0.0,
0.0,
0.0,
0.0,
0.0,
0.0,
0.0,
0.0,
0.0,
0.0,
0.0,
0.0,
0.0,
0.0,
0.0,
0.0,
0.0,
0.0,
0.0,
0.0,
0.0,
0.0,
0.0,
0.0,
0.0,
0.0,
0.0,
0.0,
0.0,
0.0,
0.0,
0.0,
0.0,
0.0,
0.0,
0.0,
0.0,
0.0,
0.0,
0.0,
0.0,
0.0,
0.0,
0.0,
0.0,
0.0,
0.0,
0.0,
0.0,
0.0,
0.0,
0.0,
0.0,
0.0,
0.0,
0.0,
0.0,
0.0,
0.0,
0.0,
0.0,
0.0,
0.0,
0.0,
0.0,
0.0,
0.0,
0.0,
0.0,
0.0,
0.0,
0.0,
0.0,
0.0,
0.0,
0.0,
0.0,
0.0,
0.0,
0.0,
0.0,
0.0,
0.0,
0.0,
0.0,
0.0,
0.0,
0.0,
0.0,
0.0,
0.0,
0.0,
0.0,
0.0,
0.0,
0.0,
0.0,
0.0,
0.0,
0.0,
0.0,
0.0,
0.0,
0.0,
0.0,
0.0,
0.0,
0.0,
0.0,
0.0,
0.0,
0.0,
0.0,
0.0,
0.0,
0.0,
0.0,
0.0,
0.0,
0.0,
0.0,
0.0,
0.0,
0.0,
0.0,
0.0,
0.0,
0.0,
0.0,
0.0,
0.0,
0.0,
0.0,
0.0,
0.0,
0.0,
0.0,
0.0,
0.0,
0.0,
0.0,
0.0,
0.0,
0.0,
0.0,
0.0,
0.0,
0.0,
0.0,
0.0,
0.0,
0.0,
0.0,
0.0,
0.0,
0.0,
0.0,
0.0,
0.0,
0.0,
0.0,
0.0,
0.0,
0.0,
0.0,
0.0,
0.0,
0.0,
0.0,
0.0,
0.0,
0.0,
0.0,
0.0,
0.0,
0.0,
0.0,
0.0,
0.0,
0.0,
0.0,
0.0,
0.0,
0.0,
0.0,
0.0,
0.0,
0.0,
0.0,
0.0,
0.0,
0.0,
0.0,
0.0,
0.0,
0.0,
0.0,
0.0,
0.0,
0.0,
0.0,
0.0,
0.0,
0.0,
0.0,
0.0,
0.0,
0.0,
0.0,
0.0,
0.0,
0.0,
0.0,
0.0,
0.0,
0.0,
0.0,
0.0,
0.0,
0.0,
0.0,
0.0,
0.0,
0.0,
0.0,
0.0,
0.0,
0.0,
0.0,
0.0,
0.0,
0.0,
0.0,
0.0,
0.0,
0.0,
0.0,
0.0,
0.0,
0.0,
0.0,
0.0,
0.0,
0.0,
0.0,
0.0,
0.0,
0.0,
0.0,
0.0,
0.0,
0.0,
0.0,
0.0,
0.0,
0.0,
0.0,
0.0,
0.0,
0.0,
0.0,
0.0,
0.0,
0.0,
0.0,
0.0,
0.0,
0.0,
0.0,
0.0,
0.0,
0.0,
0.0,
0.0,
0.0,
0.0,
0.0,
0.0,
0.0,
0.0,
0.0,
0.0,
0.0,
0.0,
0.0,
0.0,
0.0,
0.0,
0.0,
0.0,
0.0,
0.0,
0.0,
0.0,
0.0,
0.0,
0.0,
0.0,
0.0,
0.0,
0.0,
0.0,
0.0,
0.0,
0.0,
0.0,
0.0,
0.0,
0.0,
0.0,
0.0,
0.0,
0.0,
0.0,
0.0,
0.0,
0.0,
0.0,
0.0,
0.0,
0.0,
0.0,
0.0,
0.0,
0.0,
0.0,
0.0,
0.0,
0.0,
0.0,
0.0,
0.0,
0.0,
0.0,
0.0,
0.0,
0.0,
0.0,
0.0,
0.0,
0.0,
0.0,
0.0,
0.0,
0.0,
0.0,
0.0,
0.0,
0.0,
0.0,
0.0,
0.0,
0.0,
0.0,
0.0,
0.0,
0.0,
0.0,
0.0,
0.0,
0.0,
0.0,
0.0,
0.0,
0.0,
0.0,
0.0,
0.0,
0.0,
0.0,
0.0,
0.0,
0.0,
0.0,
0.0,
0.0,
0.0,
0.0,
0.0,
0.0,
0.0,
0.0,
0.0,
0.0,
0.0,
0.0,
0.0,
0.0,
0.0,
0.0,
0.0,
0.0,
0.0,
0.0,
0.0,
0.0,
0.0,
0.0,
0.0,
0.0,
0.0,
0.0,
0.0,
0.0,
0.0,
0.0,
0.0,
0.0,
0.0,
0.0,
0.0,
0.0,
0.0,
0.0,
0.0,
0.0,
0.0,
0.0,
0.0,
0.0,
0.0,
0.0,
0.0,
0.0,
0.0,
0.0,
0.0,
0.0,
0.0,
0.0,
0.0,
0.0,
0.0,
0.0,
0.0,
0.0,
0.0,
0.0,
0.0,
0.0,
0.0,
0.0,
0.0,
0.0,
0.0,
0.0,
0.0,
0.0,
0.0,
0.0,
0.0,
0.0,
0.0,
0.0,
0.0,
0.0,
0.0,
0.0,
0.0,
0.0,
0.0,
0.0,
0.0,
0.0,
0.0,
0.0,
0.0,
0.0,
0.0,
0.0,
0.0,
0.0,
0.0,
0.0,
0.0,
0.0,
0.0,
0.0,
0.0,
0.0,
0.0,
0.0,
0.0,
0.0,
0.0,
0.0,
0.0,
0.0,
0.0,
0.0,
0.0,
0.0,
0.0,
0.0,
0.0,
0.0,
0.0,
0.0,
0.0,
0.0,
0.0,
0.0,
0.0,
0.0,
0.0,
0.0,
0.0,
0.0,
0.0,
0.0,
0.0,
0.0,
0.0,
0.0,
0.0,
0.0,
0.0,
0.0,
0.0,
0.0,
0.0,
0.0,
0.0,
0.0,
0.0,
0.0,
0.0,
0.0,
0.0,
0.0,
0.0,
0.0,
0.0,
0.0,
0.0,
0.0,
0.0,
0.0,
0.0,
0.0,
0.0,
0.0,
0.0,
0.0,
0.0,
0.0,
0.0,
0.0,
0.0,
0.0,
0.0,
0.0,
0.0,
0.0,
0.0,
0.0,
0.0,
0.0,
0.0,
0.0,
0.0,
0.0,
0.0,
0.0,
0.0,
0.0,
0.0,
0.0,
0.0,
0.0,
0.0,
0.0,
0.0,
0.0,
0.0,
0.0,
0.0,
0.0,
0.0,
0.0,
0.0,
0.0,
0.0,
0.0,
0.0,
0.0,
0.0,
0.0,
0.0,
0.0,
0.0,
0.0,
0.0,
0.0,
0.0,
0.0,
0.0,
0.0,
0.0,
0.0,
0.0,
0.0,
0.0,
0.0,
0.0,
0.0,
0.0,
0.0,
0.0,
0.0,
0.0,
0.0,
0.0,
0.0,
0.0,
0.0,
0.0,
0.0,
0.0,
0.0,
0.0,
0.0,
0.0,
0.0,
0.0,
0.0,
0.0,
0.0,
0.0,
0.0,
0.0,
0.0,
0.0,
0.0,
0.0,
0.0,
0.0,
0.0,
0.0,
0.0,
0.0,
0.0,
0.0,
0.0,
0.0,
0.0,
0.0,
0.0,
0.0,
0.0,
0.0,
0.0,
0.0,
0.0,
0.0,
0.0,
0.0,
0.0,
0.0,
0.0,
0.0,
0.0,
0.0,
0.0,
0.0,
0.0,
0.0,
0.0,
0.0,
0.0,
0.0,
0.0,
0.0,
0.0,
0.0,
0.0,
0.0,
0.0,
0.0,
0.0,
0.0,
0.0,
0.0,
0.0,
0.0,
0.0,
0.0,
0.0,
0.0,
0.0,
0.0,
0.0,
0.0,
0.0,
0.0,
0.0,
0.0,
0.0,
0.0,
0.0,
0.0,
0.0,
0.0,
0.0,
0.0,
0.0,
0.0,
0.0,
0.0,
0.0,
0.0,
0.0,
0.0,
0.0,
0.0,
0.0,
0.0,
0.0,
0.0,
0.0,
0.0,
0.0,
0.0,
0.0,
0.0,
0.0,
0.0,
0.0,
0.0,
0.0,
0.0,
0.0,
0.0,
0.0,
0.0,
0.0,
0.0,
0.0,
0.0,
0.0,
0.0,
0.0,
0.0,
0.0,
0.0,
0.0,
0.0,
0.0,
0.0,
0.0,
0.0,
0.0,
0.0,
0.0,
0.0,
0.0,
0.0,
0.0,
0.0,
0.0,
0.0,
0.0,
0.0,
0.0,
0.0,
0.0,
0.0,
0.0,
0.0,
0.0,
0.0,
0.0,
0.0,
0.0,
0.0,
0.0,
0.0,
0.0,
0.0,
0.0,
0.0,
0.0,
0.0,
0.0,
0.0,
0.0,
0.0,
0.0,
0.0,
0.0,
0.0,
0.0,
0.0,
0.0,
0.0,
0.0,
0.0,
0.0,
0.0,
0.0,
0.0,
0.0,
0.0,
0.0,
0.0,
0.0,
0.0,
0.0,
0.0,
0.0,
0.0,
0.0,
0.0,
0.0,
0.0,
0.0,
0.0,
0.0,
0.0,
0.0,
0.0,
0.0,
0.0,
0.0,
0.0,
0.0,
0.0,
0.0,
0.0,
0.0,
0.0,
0.0,
0.0,
0.0,
0.0,
0.0,
0.0,
0.0,
0.0,
0.0,
0.0,
0.0,
0.0,
0.0,
0.0,
0.0,
0.0,
0.0,
0.0,
0.0,
0.0,
0.0,
0.0,
0.0,
0.0,
0.0,
0.0,
0.0,
0.0,
0.0,
0.0,
0.0,
0.0,
0.0,
0.0,
0.0,
0.0,
0.0,
0.0,
0.0,
0.0,
0.0,
0.0,
0.0,
0.0,
0.0,
0.0,
0.0,
0.0,
0.0,
0.0,
0.0,
0.0,
0.0,
0.0,
0.0,
0.0,
0.0,
0.0,
0.0,
0.0,
0.0,
0.0,
0.0,
0.0,
0.0,
0.0,
0.0,
0.0,
0.0,
0.0,
0.0,
0.0,
0.0,
0.0,
0.0,
0.0,
0.0,
0.0,
0.0,
0.0,
0.0,
0.0,
0.0,
0.0,
0.0,
0.0,
0.0,
0.0,
0.0,
0.0,
0.0,
0.0,
0.0,
0.0,
0.0,
0.0,
0.0,
0.0,
0.0,
0.0,
0.0,
0.0,
0.0,
0.0,
0.0,
0.0,
0.0,
0.0,
0.0,
0.0,
0.0,
0.0,
0.0,
0.0,
0.0,
0.0,
0.0,
0.0,
0.0,
0.0,
0.0,
0.0,
0.0,
0.0,
0.0,
0.0,
0.0,
0.0,
0.0,
0.0,
0.0,
0.0,
0.0,
0.0,
0.0,
0.0,
0.0,
0.0,
0.0,
0.0,
0.0,
0.0,
0.0,
0.0,
0.0,
0.0,
0.0,
0.0,
0.0,
0.0,
0.0,
0.0,
0.0,
0.0,
0.0,
0.0,
0.0,
0.0,
0.0,
0.0,
0.0,
0.0,
0.0,
0.0,
0.0,
0.0,
0.0,
0.0,
0.0,
0.0,
0.0,
0.0,
0.0,
0.0,
0.0,
0.0,
0.0,
0.0,
0.0,
0.0,
0.0,
0.0,
0.0,
0.0,
0.0,
0.0,
0.0,
0.0,
0.0,
0.0,
0.0,
0.0,
0.0,
0.0,
0.0,
0.0,
0.0,
0.0,
0.0,
0.0,
0.0,
0.0,
0.0,
0.0,
0.0,
0.0,
0.0,
0.0,
0.0,
0.0,
0.0,
0.0,
0.0,
0.0,
0.0,
0.0,
0.0,
0.0,
0.0,
0.0,
0.0,
0.0,
0.0,
0.0,
0.0,
0.0,
0.0,
0.0,
0.0,
0.0,
0.0,
0.0,
0.0,
0.0,
0.0,
0.0,
0.0,
0.0,
0.0,
0.0,
0.0,
0.0,
0.0,
0.0,
0.0,
0.0,
0.0,
0.0,
0.0,
0.0,
0.0,
0.0,
0.0,
0.0,
0.0,
0.0,
