1.0680432319641113,
1.0717047452926636,
1.0729292631149292,
1.073948621749878,
1.0743829011917114,
1.0746265649795532,
1.0749247074127197,
1.0749026536941528,
1.07498300075531,
1.0752142667770386,
1.0750402212142944,
1.0751992464065552,
1.0753803253173828,
1.075316309928894,
1.0754894018173218,
1.0755834579467773,
1.0754432678222656,
1.075715184211731,
1.0759285688400269,
1.0756508111953735,
1.0758544206619263,
1.0758695602416992,
1.0756266117095947,
1.0757254362106323,
1.0757337808609009,
1.075715184211731,
1.0758576393127441,
1.0758126974105835,
1.0758455991744995,
1.075867772102356,
1.0755780935287476,
1.0756736993789673,
1.0757553577423096,
1.0753848552703857,
1.075609803199768,
1.0756255388259888,
1.0753941535949707,
1.0757242441177368,
1.0756471157073975,
1.0754826068878174,
1.07562255859375,
1.0756374597549438,
1.0754560232162476,
1.075624704360962,
1.0754610300064087,
1.0753562450408936,
1.075406789779663,
1.075199842453003,
1.0751293897628784,
1.0751930475234985,
1.074986219406128,
1.075060486793518,
1.075092077255249,
1.074719786643982,
1.0748693943023682,
1.0749101638793945,
1.0744717121124268,
1.0745710134506226,
1.0745247602462769,
1.0742824077606201,
1.0744898319244385,
1.074537992477417,
1.074211835861206,
1.0741883516311646,
1.0741461515426636,
1.0740227699279785,
1.074159860610962,
1.074006199836731,
1.073899745941162,
1.0739115476608276,
1.0736615657806396,
1.0735774040222168,
1.0736156702041626,
1.073354721069336,
1.0733704566955566,
1.073330044746399,
1.0730830430984497,
1.0730249881744385,
1.0730578899383545,
1.072624921798706,
1.072766661643982,
1.0727150440216064,
1.0723406076431274,
1.0723785161972046,
1.0723247528076172,
1.072189450263977,
1.0722330808639526,
1.0722235441207886,
1.071933388710022,
1.0719244480133057,
1.0718268156051636,
1.071503758430481,
1.0715093612670898,
1.0712920427322388,
1.071302890777588,
1.0712395906448364,
1.0709071159362793,
1.070887804031372,
1.0708354711532593,
1.0705184936523438,
1.0705413818359375,
1.0705591440200806,
1.070120096206665,
1.0702539682388306,
1.0701171159744263,
1.0696496963500977,
1.0698096752166748,
1.069771647453308,
1.069359540939331,
1.0682014226913452,
1.069472074508667,
1.069214940071106,
1.0692424774169922,
1.0690611600875854,
1.0687999725341797,
1.0687830448150635,
1.068530797958374,
1.0682867765426636,
1.068215250968933,
1.0679547786712646,
1.067905068397522,
1.0678290128707886,
1.0675034523010254,
1.067471981048584,
1.0673907995224,
1.0670186281204224,
1.0669423341751099,
1.066739559173584,
1.0665229558944702,
1.0665644407272339,
1.0665125846862793,
1.0661193132400513,
1.0660581588745117,
1.0659661293029785,
1.0658149719238281,
1.06562340259552,
1.0655490159988403,
1.0652920007705688,
1.065232515335083,
1.0649975538253784,
1.0648812055587769,
1.0647693872451782,
1.0644946098327637,
1.0642958879470825,
1.0643328428268433,
1.0638476610183716,
1.0638681650161743,
1.063813328742981,
1.0633436441421509,
1.063443899154663,
1.0632988214492798,
1.0628799200057983,
1.0628235340118408,
1.0626938343048096,
1.0622891187667847,
1.06230890750885,
1.0620304346084595,
1.0618293285369873,
1.0618215799331665,
1.0616594552993774,
1.061386227607727,
1.061336636543274,
1.0598883628845215,
1.060910940170288,
1.0607587099075317,
1.0604139566421509,
1.0603373050689697,
1.0601364374160767,
1.059760570526123,
1.0596704483032227,
1.0595670938491821,
1.059173345565796,
1.059249997138977,
1.0591847896575928,
1.0587252378463745,
1.0587390661239624,
1.058547019958496,
1.0581212043762207,
1.0580687522888184,
1.057977557182312,
1.0575356483459473,
1.0574445724487305,
1.0572165250778198,
1.0570378303527832,
1.056918978691101,
1.0566858053207397,
1.0564113855361938,
1.0561848878860474,
1.0559754371643066,
1.0559183359146118,
1.0558356046676636,
1.0553562641143799,
1.0553240776062012,
1.0551413297653198,
1.054667353630066,
1.0546706914901733,
1.0545769929885864,
1.0540560483932495,
1.0540895462036133,
1.0538452863693237,
1.053361177444458,
1.053341269493103,
1.0531002283096313,
1.0527452230453491,
1.052546501159668,
1.0522838830947876,
1.0520838499069214,
1.0520234107971191,
1.0518035888671875,
1.0515506267547607,
1.0513875484466553,
1.0508042573928833,
1.0509120225906372,
1.0507428646087646,
1.0503979921340942,
1.0489929914474487,
1.0500675439834595,
1.0494344234466553,
1.0492808818817139,
1.0491900444030762,
1.0488169193267822,
1.0480358600616455,
1.0484356880187988,
1.0478296279907227,
1.0479854345321655,
1.0476861000061035,
1.0473140478134155,
1.0470205545425415,
1.0470609664916992,
1.0466711521148682,
1.046575665473938,
1.0462440252304077,
1.046026349067688,
1.0459049940109253,
1.0456202030181885,
1.0452947616577148,
1.0447406768798828,
1.044695258140564,
1.0445497035980225,
1.044330358505249,
1.0439547300338745,
1.043610692024231,
1.0434222221374512,
1.0430009365081787,
1.0428721904754639,
1.042644739151001,
1.0422409772872925,
1.0414024591445923,
1.0414069890975952,
1.0414069890975952,
1.0382325649261475,
1.0388545989990234,
1.0390828847885132,
1.0395913124084473,
1.0391095876693726,
1.0390043258666992,
1.0386180877685547,
1.03847336769104,
1.038620114326477,
1.0383447408676147,
1.037394404411316,
1.0378414392471313,
1.0377044677734375,
1.037347674369812,
1.0369707345962524,
1.0369480848312378,
1.0367757081985474,
1.0362911224365234,
1.0356837511062622,
1.0346711874008179,
1.0354118347167969,
1.0349316596984863,
1.0349102020263672,
1.0346455574035645,
1.0343244075775146,
1.0338832139968872,
1.0335489511489868,
1.0331432819366455,
1.033018946647644,
1.032705307006836,
1.032313585281372,
1.032522439956665,
1.0318448543548584,
1.032130241394043,
1.0312641859054565,
1.0314085483551025,
1.0308531522750854,
1.02932608127594,
1.0301448106765747,
1.0296071767807007,
1.0288493633270264,
1.0289310216903687,
1.0282092094421387,
1.0278503894805908,
1.0274869203567505,
1.0278319120407104,
1.0273215770721436,
1.0271618366241455,
1.0262409448623657,
1.026262879371643,
1.026243805885315,
1.0253316164016724,
1.025105357170105,
1.0248565673828125,
1.024417757987976,
1.0234506130218506,
1.023488163948059,
1.0225563049316406,
1.0227160453796387,
1.0224615335464478,
1.0220439434051514,
1.0221192836761475,
1.0213475227355957,
1.020383358001709,
1.0191267728805542,
1.0194562673568726,
1.0196698904037476,
1.019007921218872,
1.0190247297286987,
1.0184601545333862,
1.0178191661834717,
1.0174250602722168,
1.016987681388855,
1.016704797744751,
1.0162371397018433,
1.0152926445007324,
1.0153452157974243,
1.015006422996521,
1.0136748552322388,
1.0141750574111938,
1.0138708353042603,
1.0127732753753662,
1.0122545957565308,
1.0115407705307007,
1.01140558719635,
1.0113614797592163,
1.0107786655426025,
1.0103172063827515,
1.0093685388565063,
1.0089505910873413,
1.0083842277526855,
1.0065501928329468,
1.007538080215454,
1.0068169832229614,
1.0062742233276367,
1.0055179595947266,
1.0054901838302612,
1.0046015977859497,
1.0041297674179077,
1.0035403966903687,
1.0024431943893433,
1.002435326576233,
1.0016628503799438,
1.0014913082122803,
1.0009738206863403,
1.0002471208572388,
0.9997453689575195,
0.9989831447601318,
0.9988247156143188,
0.9978975057601929,
0.9973118305206299,
0.997004508972168,
0.995980978012085,
0.99549800157547,
0.9950652122497559,
0.9939252734184265,
0.9931303858757019,
0.9930331110954285,
0.9925521612167358,
0.9920472502708435,
0.9914163947105408,
0.9906155467033386,
0.9898726344108582,
0.9892171621322632,
0.9886086583137512,
0.9875403046607971,
0.987186849117279,
0.9863978624343872,
0.985408365726471,
0.9853039979934692,
0.9844856262207031,
0.9835779070854187,
0.9827687740325928,
0.981886625289917,
0.9818389415740967,
0.9806589484214783,
0.9798237085342407,
0.979242742061615,
0.9788824319839478,
0.9786453247070312,
0.9773712754249573,
0.9768821597099304,
0.9754495024681091,
0.9752252101898193,
0.9745540022850037,
0.9734753966331482,
0.9713707566261292,
0.9724487066268921,
0.9716123938560486,
0.9705605506896973,
0.9700612425804138,
0.9691163897514343,
0.9682672023773193,
0.9675239324569702,
0.9668354988098145,
0.9659489989280701,
0.9650359153747559,
0.964339017868042,
0.9631884098052979,
0.962855339050293,
0.9618837237358093,
0.9608190655708313,
0.9600377082824707,
0.959285318851471,
0.957798182964325,
0.957046389579773,
0.9562092423439026,
0.9557894468307495,
0.9547880291938782,
0.9535272717475891,
0.9527446627616882,
0.9520022869110107,
0.9510405659675598,
0.9501652121543884,
0.9493348598480225,
0.9483477473258972,
0.9473117589950562,
0.9464888572692871,
0.9455839991569519,
0.9444062113761902,
0.9436983466148376,
0.942629873752594,
0.9415317177772522,
0.940805971622467,
0.9394710063934326,
0.9388003349304199,
0.9373578429222107,
0.9367468357086182,
0.9352967739105225,
0.9343722462654114,
0.9335921406745911,
0.9323678612709045,
0.931050717830658,
0.9303563833236694,
0.9292317032814026,
0.9276740550994873,
0.9264751672744751,
0.9256975650787354,
0.9242098331451416,
0.9229946136474609,
0.9218094348907471,
0.9205324053764343,
0.9194704294204712,
0.918040931224823,
0.9164557456970215,
0.9152871370315552,
0.9135532975196838,
0.9120762944221497,
0.9108759760856628,
0.9091870784759521,
0.9074190258979797,
0.9060527682304382,
0.9042353630065918,
0.9025538563728333,
0.9007083177566528,
0.8993245959281921,
0.8969834446907043,
0.8954079151153564,
0.8938028812408447,
0.891472578048706,
0.8898070454597473,
0.8882946372032166,
0.8862265944480896,
0.8845854997634888,
0.8827731609344482,
0.8811173439025879,
0.8790347576141357,
0.8773017525672913,
0.875376284122467,
0.8732421398162842,
0.8713869452476501,
0.869390070438385,
0.867275059223175,
0.8653564453125,
0.8636201620101929,
0.8614072203636169,
0.8594532608985901,
0.8575752973556519,
0.8554131388664246,
0.8536618947982788,
0.8516668081283569,
0.8495335578918457,
0.8478402495384216,
0.8459520936012268,
0.8438603281974792,
0.8420875668525696,
0.8401341438293457,
0.8382312059402466,
0.8364242911338806,
0.8346036672592163,
0.8325192928314209,
0.8306612372398376,
0.8288912177085876,
0.8270426392555237,
0.8250901103019714,
0.8250901103019714,
0.0,
0.0,
0.0,
0.0,
0.0,
0.0,
0.0,
0.0,
0.0,
0.0,
0.0,
0.0,
0.0,
0.0,
0.0,
0.0,
0.0,
0.0,
0.0,
0.0,
0.0,
0.0,
0.0,
0.0,
0.0,
0.0,
0.0,
0.0,
0.0,
0.0,
0.0,
0.0,
0.0,
0.0,
0.0,
0.0,
0.0,
0.0,
0.0,
0.0,
0.0,
0.0,
0.0,
0.0,
0.0,
0.0,
0.0,
0.0,
0.0,
0.0,
0.0,
0.0,
0.0,
0.0,
0.0,
0.0,
0.0,
0.0,
0.0,
0.0,
0.0,
0.0,
0.0,
0.0,
0.0,
0.0,
0.0,
0.0,
0.0,
0.0,
0.0,
0.0,
0.0,
0.0,
0.0,
0.0,
0.0,
0.0,
0.0,
0.0,
0.0,
0.0,
0.0,
0.0,
0.0,
0.0,
0.0,
0.0,
0.0,
0.0,
0.0,
0.0,
0.0,
0.0,
0.0,
0.0,
0.0,
0.0,
0.0,
0.0,
0.0,
0.0,
0.0,
0.0,
0.0,
0.0,
0.0,
0.0,
0.0,
0.0,
0.0,
0.0,
0.0,
0.0,
0.0,
0.0,
0.0,
0.0,
0.0,
0.0,
0.0,
0.0,
0.0,
0.0,
0.0,
0.0,
0.0,
0.0,
0.0,
0.0,
0.0,
0.0,
0.0,
0.0,
0.0,
0.0,
0.0,
0.0,
0.0,
0.0,
0.0,
0.0,
0.0,
0.0,
0.0,
0.0,
0.0,
0.0,
0.0,
0.0,
0.0,
0.0,
0.0,
0.0,
0.0,
0.0,
0.0,
0.0,
0.0,
0.0,
0.0,
0.0,
0.0,
0.0,
0.0,
0.0,
0.0,
0.0,
0.0,
0.0,
0.0,
0.0,
0.0,
0.0,
0.0,
0.0,
0.0,
0.0,
0.0,
0.0,
0.0,
0.0,
0.0,
0.0,
0.0,
0.0,
0.0,
0.0,
0.0,
0.0,
0.0,
0.0,
0.0,
0.0,
0.0,
0.0,
0.0,
0.0,
0.0,
0.0,
0.0,
0.0,
0.0,
0.0,
0.0,
0.0,
0.0,
0.0,
0.0,
0.0,
0.0,
0.0,
0.0,
0.0,
0.0,
0.0,
0.0,
0.0,
0.0,
0.0,
0.0,
0.0,
0.0,
0.0,
0.0,
0.0,
0.0,
0.0,
0.0,
0.0,
0.0,
0.0,
0.0,
0.0,
0.0,
0.0,
0.0,
0.0,
0.0,
0.0,
0.0,
0.0,
0.0,
0.0,
0.0,
0.0,
0.0,
0.0,
0.0,
0.0,
0.0,
0.0,
0.0,
0.0,
0.0,
0.0,
0.0,
0.0,
0.0,
0.0,
0.0,
0.0,
0.0,
0.0,
0.0,
0.0,
0.0,
0.0,
0.0,
0.0,
0.0,
0.0,
0.0,
0.0,
0.0,
0.0,
0.0,
0.0,
0.0,
0.0,
0.0,
0.0,
0.0,
0.0,
0.0,
0.0,
0.0,
0.0,
0.0,
0.0,
0.0,
0.0,
0.0,
0.0,
0.0,
0.0,
0.0,
0.0,
0.0,
0.0,
0.0,
0.0,
0.0,
0.0,
0.0,
0.0,
0.0,
0.0,
0.0,
0.0,
0.0,
0.0,
0.0,
0.0,
0.0,
0.0,
0.0,
0.0,
0.0,
0.0,
0.0,
0.0,
0.0,
0.0,
0.0,
0.0,
0.0,
0.0,
0.0,
0.0,
0.0,
0.0,
0.0,
0.0,
0.0,
0.0,
0.0,
0.0,
0.0,
0.0,
0.0,
0.0,
0.0,
0.0,
0.0,
0.0,
0.0,
0.0,
0.0,
0.0,
0.0,
0.0,
0.0,
0.0,
0.0,
0.0,
0.0,
0.0,
0.0,
0.0,
0.0,
0.0,
0.0,
0.0,
0.0,
0.0,
0.0,
0.0,
0.0,
0.0,
0.0,
0.0,
0.0,
0.0,
0.0,
0.0,
0.0,
0.0,
0.0,
0.0,
0.0,
0.0,
0.0,
0.0,
0.0,
0.0,
0.0,
0.0,
0.0,
0.0,
0.0,
0.0,
0.0,
0.0,
0.0,
0.0,
0.0,
0.0,
0.0,
0.0,
0.0,
0.0,
0.0,
0.0,
0.0,
0.0,
0.0,
0.0,
0.0,
0.0,
0.0,
0.0,
0.0,
0.0,
0.0,
0.0,
0.0,
0.0,
0.0,
0.0,
0.0,
0.0,
0.0,
0.0,
0.0,
0.0,
0.0,
0.0,
0.0,
0.0,
0.0,
0.0,
0.0,
0.0,
0.0,
0.0,
0.0,
0.0,
0.0,
0.0,
0.0,
0.0,
0.0,
0.0,
0.0,
0.0,
0.0,
0.0,
0.0,
0.0,
0.0,
0.0,
0.0,
0.0,
0.0,
0.0,
0.0,
0.0,
0.0,
0.0,
0.0,
0.0,
0.0,
0.0,
0.0,
0.0,
0.0,
0.0,
0.0,
0.0,
0.0,
0.0,
0.0,
0.0,
0.0,
0.0,
0.0,
0.0,
0.0,
0.0,
0.0,
0.0,
0.0,
0.0,
0.0,
0.0,
0.0,
0.0,
0.0,
0.0,
0.0,
0.0,
0.0,
0.0,
0.0,
0.0,
0.0,
0.0,
0.0,
0.0,
0.0,
0.0,
0.0,
0.0,
0.0,
0.0,
0.0,
0.0,
0.0,
0.0,
0.0,
0.0,
0.0,
0.0,
0.0,
0.0,
0.0,
0.0,
0.0,
0.0,
0.0,
0.0,
0.0,
0.0,
0.0,
0.0,
0.0,
0.0,
0.0,
0.0,
0.0,
0.0,
0.0,
0.0,
0.0,
0.0,
0.0,
0.0,
0.0,
0.0,
0.0,
0.0,
0.0,
0.0,
0.0,
0.0,
0.0,
0.0,
0.0,
0.0,
0.0,
0.0,
0.0,
0.0,
0.0,
0.0,
0.0,
0.0,
0.0,
0.0,
0.0,
0.0,
0.0,
0.0,
0.0,
0.0,
0.0,
0.0,
0.0,
0.0,
0.0,
0.0,
0.0,
0.0,
0.0,
0.0,
0.0,
0.0,
0.0,
0.0,
0.0,
0.0,
0.0,
0.0,
0.0,
0.0,
0.0,
0.0,
0.0,
0.0,
0.0,
0.0,
0.0,
0.0,
0.0,
0.0,
0.0,
0.0,
0.0,
0.0,
0.0,
0.0,
0.0,
0.0,
0.0,
0.0,
0.0,
0.0,
0.0,
0.0,
0.0,
0.0,
0.0,
0.0,
0.0,
0.0,
0.0,
0.0,
0.0,
0.0,
0.0,
0.0,
0.0,
0.0,
0.0,
0.0,
0.0,
0.0,
0.0,
0.0,
0.0,
0.0,
0.0,
0.0,
0.0,
0.0,
0.0,
0.0,
0.0,
0.0,
0.0,
0.0,
0.0,
0.0,
0.0,
0.0,
0.0,
0.0,
0.0,
0.0,
0.0,
0.0,
0.0,
0.0,
0.0,
0.0,
0.0,
0.0,
0.0,
0.0,
0.0,
0.0,
0.0,
0.0,
0.0,
0.0,
0.0,
0.0,
0.0,
0.0,
0.0,
0.0,
0.0,
0.0,
0.0,
0.0,
0.0,
0.0,
0.0,
0.0,
0.0,
0.0,
0.0,
0.0,
0.0,
0.0,
0.0,
0.0,
0.0,
0.0,
0.0,
0.0,
0.0,
0.0,
0.0,
0.0,
0.0,
0.0,
0.0,
0.0,
0.0,
0.0,
0.0,
0.0,
0.0,
0.0,
0.0,
0.0,
0.0,
0.0,
0.0,
0.0,
0.0,
0.0,
0.0,
0.0,
0.0,
0.0,
0.0,
0.0,
0.0,
0.0,
0.0,
0.0,
0.0,
0.0,
0.0,
0.0,
0.0,
0.0,
0.0,
0.0,
0.0,
0.0,
0.0,
0.0,
0.0,
0.0,
0.0,
0.0,
0.0,
0.0,
0.0,
0.0,
0.0,
0.0,
0.0,
0.0,
0.0,
0.0,
0.0,
0.0,
0.0,
0.0,
0.0,
0.0,
0.0,
0.0,
0.0,
0.0,
0.0,
0.0,
0.0,
0.0,
0.0,
0.0,
0.0,
0.0,
0.0,
0.0,
0.0,
0.0,
0.0,
0.0,
0.0,
0.0,
0.0,
0.0,
0.0,
0.0,
0.0,
0.0,
0.0,
0.0,
0.0,
0.0,
0.0,
0.0,
0.0,
0.0,
0.0,
0.0,
0.0,
0.0,
0.0,
0.0,
0.0,
0.0,
0.0,
0.0,
0.0,
0.0,
0.0,
0.0,
0.0,
0.0,
0.0,
0.0,
0.0,
0.0,
0.0,
0.0,
0.0,
0.0,
0.0,
0.0,
0.0,
0.0,
0.0,
0.0,
0.0,
0.0,
0.0,
0.0,
0.0,
0.0,
0.0,
0.0,
0.0,
0.0,
0.0,
0.0,
0.0,
0.0,
0.0,
0.0,
0.0,
0.0,
0.0,
0.0,
0.0,
0.0,
0.0,
0.0,
0.0,
0.0,
0.0,
0.0,
0.0,
0.0,
0.0,
0.0,
0.0,
0.0,
0.0,
0.0,
0.0,
0.0,
0.0,
0.0,
0.0,
0.0,
0.0,
0.0,
0.0,
0.0,
0.0,
0.0,
0.0,
0.0,
0.0,
0.0,
0.0,
0.0,
0.0,
0.0,
0.0,
0.0,
0.0,
0.0,
0.0,
0.0,
0.0,
0.0,
0.0,
0.0,
0.0,
0.0,
0.0,
0.0,
0.0,
0.0,
0.0,
0.0,
0.0,
0.0,
0.0,
0.0,
0.0,
0.0,
0.0,
0.0,
0.0,
0.0,
0.0,
0.0,
0.0,
0.0,
0.0,
0.0,
0.0,
0.0,
0.0,
0.0,
0.0,
0.0,
0.0,
0.0,
0.0,
0.0,
0.0,
0.0,
0.0,
0.0,
0.0,
0.0,
0.0,
0.0,
0.0,
0.0,
0.0,
0.0,
0.0,
0.0,
0.0,
0.0,
0.0,
0.0,
0.0,
0.0,
0.0,
0.0,
0.0,
0.0,
0.0,
0.0,
0.0,
0.0,
0.0,
0.0,
0.0,
0.0,
0.0,
0.0,
0.0,
0.0,
0.0,
0.0,
0.0,
0.0,
0.0,
0.0,
0.0,
0.0,
0.0,
0.0,
0.0,
0.0,
0.0,
0.0,
0.0,
0.0,
0.0,
0.0,
0.0,
0.0,
0.0,
0.0,
0.0,
0.0,
0.0,
0.0,
0.0,
0.0,
0.0,
0.0,
0.0,
0.0,
0.0,
0.0,
0.0,
0.0,
0.0,
0.0,
0.0,
0.0,
0.0,
0.0,
0.0,
0.0,
0.0,
0.0,
0.0,
0.0,
0.0,
0.0,
0.0,
0.0,
0.0,
0.0,
0.0,
0.0,
0.0,
0.0,
0.0,
0.0,
0.0,
0.0,
0.0,
0.0,
0.0,
0.0,
0.0,
0.0,
0.0,
0.0,
0.0,
0.0,
0.0,
0.0,
0.0,
0.0,
0.0,
0.0,
0.0,
0.0,
0.0,
0.0,
0.0,
0.0,
0.0,
0.0,
0.0,
0.0,
0.0,
0.0,
0.0,
0.0,
0.0,
0.0,
0.0,
0.0,
0.0,
0.0,
0.0,
0.0,
0.0,
0.0,
0.0,
0.0,
0.0,
0.0,
0.0,
0.0,
0.0,
0.0,
0.0,
0.0,
0.0,
0.0,
0.0,
0.0,
0.0,
0.0,
0.0,
0.0,
0.0,
0.0,
0.0,
0.0,
0.0,
0.0,
0.0,
0.0,
0.0,
0.0,
0.0,
0.0,
0.0,
0.0,
0.0,
0.0,
0.0,
0.0,
0.0,
0.0,
0.0,
0.0,
0.0,
0.0,
0.0,
0.0,
0.0,
0.0,
0.0,
0.0,
0.0,
0.0,
0.0,
0.0,
0.0,
0.0,
0.0,
0.0,
0.0,
0.0,
0.0,
0.0,
0.0,
0.0,
0.0,
0.0,
0.0,
0.0,
0.0,
0.0,
0.0,
0.0,
0.0,
0.0,
0.0,
0.0,
0.0,
0.0,
0.0,
0.0,
0.0,
0.0,
0.0,
0.0,
0.0,
0.0,
0.0,
0.0,
0.0,
0.0,
0.0,
0.0,
0.0,
0.0,
0.0,
0.0,
0.0,
0.0,
0.0,
0.0,
0.0,
0.0,
0.0,
0.0,
0.0,
0.0,
0.0,
0.0,
0.0,
0.0,
0.0,
0.0,
0.0,
0.0,
0.0,
0.0,
0.0,
0.0,
0.0,
0.0,
0.0,
0.0,
0.0,
0.0,
0.0,
0.0,
0.0,
0.0,
0.0,
0.0,
0.0,
0.0,
0.0,
0.0,
0.0,
0.0,
0.0,
0.0,
0.0,
0.0,
0.0,
0.0,
0.0,
0.0,
0.0,
0.0,
0.0,
0.0,
0.0,
0.0,
0.0,
0.0,
0.0,
0.0,
0.0,
0.0,
0.0,
0.0,
0.0,
0.0,
0.0,
0.0,
0.0,
0.0,
0.0,
0.0,
0.0,
0.0,
0.0,
0.0,
0.0,
0.0,
0.0,
0.0,
0.0,
0.0,
0.0,
0.0,
0.0,
0.0,
0.0,
0.0,
0.0,
0.0,
0.0,
0.0,
0.0,
0.0,
0.0,
0.0,
0.0,
0.0,
0.0,
0.0,
0.0,
0.0,
0.0,
0.0,
0.0,
0.0,
0.0,
0.0,
0.0,
0.0,
0.0,
0.0,
0.0,
0.0,
0.0,
0.0,
0.0,
0.0,
0.0,
0.0,
0.0,
0.0,
0.0,
0.0,
0.0,
0.0,
0.0,
0.0,
0.0,
0.0,
0.0,
0.0,
0.0,
0.0,
0.0,
0.0,
0.0,
0.0,
0.0,
0.0,
0.0,
0.0,
0.0,
0.0,
0.0,
0.0,
0.0,
0.0,
0.0,
0.0,
0.0,
0.0,
0.0,
0.0,
0.0,
0.0,
0.0,
0.0,
0.0,
0.0,
0.0,
0.0,
0.0,
0.0,
0.0,
0.0,
0.0,
0.0,
0.0,
0.0,
0.0,
0.0,
0.0,
0.0,
0.0,
0.0,
0.0,
0.0,
0.0,
0.0,
0.0,
0.0,
0.0,
0.0,
0.0,
0.0,
0.0,
0.0,
0.0,
0.0,
0.0,
0.0,
0.0,
0.0,
0.0,
0.0,
0.0,
0.0,
0.0,
0.0,
0.0,
0.0,
0.0,
0.0,
0.0,
0.0,
0.0,
0.0,
0.0,
0.0,
0.0,
0.0,
0.0,
0.0,
0.0,
0.0,
0.0,
0.0,
0.0,
0.0,
0.0,
0.0,
0.0,
0.0,
0.0,
0.0,
0.0,
0.0,
0.0,
0.0,
0.0,
0.0,
0.0,
0.0,
0.0,
0.0,
0.0,
0.0,
0.0,
0.0,
0.0,
0.0,
0.0,
0.0,
0.0,
0.0,
0.0,
0.0,
0.0,
0.0,
0.0,
0.0,
0.0,
0.0,
0.0,
0.0,
0.0,
0.0,
0.0,
0.0,
0.0,
0.0,
0.0,
0.0,
0.0,
0.0,
0.0,
0.0,
0.0,
0.0,
0.0,
0.0,
0.0,
0.0,
0.0,
0.0,
0.0,
0.0,
0.0,
0.0,
0.0,
0.0,
0.0,
0.0,
0.0,
0.0,
0.0,
0.0,
0.0,
0.0,
0.0,
0.0,
0.0,
0.0,
0.0,
0.0,
0.0,
0.0,
0.0,
0.0,
0.0,
0.0,
0.0,
0.0,
0.0,
0.0,
0.0,
0.0,
0.0,
0.0,
0.0,
0.0,
0.0,
0.0,
0.0,
0.0,
0.0,
0.0,
0.0,
0.0,
0.0,
0.0,
0.0,
0.0,
0.0,
0.0,
0.0,
0.0,
0.0,
0.0,
0.0,
0.0,
0.0,
0.0,
0.0,
0.0,
0.0,
0.0,
0.0,
0.0,
0.0,
0.0,
0.0,
0.0,
0.0,
0.0,
0.0,
0.0,
0.0,
0.0,
0.0,
0.0,
0.0,
0.0,
0.0,
0.0,
0.0,
0.0,
0.0,
0.0,
0.0,
0.0,
0.0,
0.0,
0.0,
0.0,
0.0,
0.0,
0.0,
0.0,
0.0,
0.0,
0.0,
0.0,
0.0,
0.0,
0.0,
0.0,
0.0,
0.0,
0.0,
0.0,
0.0,
0.0,
0.0,
0.0,
0.0,
0.0,
0.0,
0.0,
0.0,
0.0,
0.0,
0.0,
0.0,
0.0,
0.0,
0.0,
0.0,
0.0,
0.0,
0.0,
0.0,
0.0,
0.0,
0.0,
0.0,
0.0,
0.0,
0.0,
0.0,
0.0,
0.0,
0.0,
0.0,
0.0,
0.0,
0.0,
0.0,
0.0,
0.0,
0.0,
0.0,
0.0,
0.0,
0.0,
0.0,
0.0,
0.0,
0.0,
0.0,
0.0,
0.0,
0.0,
0.0,
0.0,
0.0,
0.0,
0.0,
0.0,
0.0,
0.0,
0.0,
0.0,
0.0,
0.0,
0.0,
0.0,
0.0,
0.0,
0.0,
0.0,
0.0,
0.0,
0.0,
0.0,
0.0,
0.0,
0.0,
0.0,
0.0,
0.0,
0.0,
0.0,
0.0,
0.0,
0.0,
0.0,
0.0,
0.0,
0.0,
0.0,
0.0,
0.0,
0.0,
0.0,
0.0,
0.0,
0.0,
0.0,
0.0,
0.0,
0.0,
0.0,
0.0,
0.0,
0.0,
0.0,
0.0,
0.0,
0.0,
0.0,
0.0,
0.0,
0.0,
0.0,
0.0,
0.0,
0.0,
0.0,
0.0,
0.0,
0.0,
0.0,
0.0,
0.0,
0.0,
0.0,
0.0,
0.0,
0.0,
0.0,
0.0,
0.0,
0.0,
0.0,
0.0,
0.0,
0.0,
0.0,
0.0,
0.0,
0.0,
0.0,
0.0,
0.0,
0.0,
0.0,
0.0,
0.0,
0.0,
0.0,
0.0,
0.0,
0.0,
0.0,
0.0,
0.0,
0.0,
0.0,
0.0,
0.0,
0.0,
0.0,
0.0,
0.0,
0.0,
0.0,
0.0,
0.0,
0.0,
0.0,
0.0,
0.0,
0.0,
0.0,
0.0,
0.0,
0.0,
0.0,
0.0,
0.0,
0.0,
0.0,
0.0,
0.0,
0.0,
0.0,
0.0,
0.0,
0.0,
0.0,
0.0,
0.0,
0.0,
0.0,
0.0,
0.0,
0.0,
0.0,
0.0,
0.0,
0.0,
0.0,
0.0,
0.0,
0.0,
0.0,
0.0,
0.0,
0.0,
0.0,
0.0,
0.0,
0.0,
0.0,
0.0,
0.0,
0.0,
0.0,
0.0,
0.0,
0.0,
0.0,
0.0,
0.0,
0.0,
0.0,
0.0,
0.0,
0.0,
0.0,
0.0,
0.0,
0.0,
0.0,
0.0,
0.0,
0.0,
0.0,
0.0,
0.0,
0.0,
0.0,
0.0,
0.0,
0.0,
0.0,
0.0,
0.0,
0.0,
0.0,
0.0,
0.0,
0.0,
0.0,
0.0,
0.0,
0.0,
0.0,
0.0,
0.0,
0.0,
0.0,
0.0,
0.0,
0.0,
0.0,
