1.0610169172286987,
1.063838005065918,
1.064846396446228,
1.0660769939422607,
1.065549612045288,
1.0661731958389282,
1.0668461322784424,
1.065901756286621,
1.0666027069091797,
1.066969633102417,
1.0659064054489136,
1.0667542219161987,
1.0672396421432495,
1.065350890159607,
1.0670790672302246,
1.06730055809021,
1.0666112899780273,
1.0672612190246582,
1.067609429359436,
1.0670642852783203,
1.0675266981124878,
1.0670504570007324,
1.0666474103927612,
1.0670139789581299,
1.0663038492202759,
1.0668694972991943,
1.0669796466827393,
1.066224217414856,
1.0669907331466675,
1.0669476985931396,
1.0655815601348877,
1.066319227218628,
1.0665743350982666,
1.0653966665267944,
1.066021203994751,
1.066318392753601,
1.0658187866210938,
1.0665078163146973,
1.0665045976638794,
1.066144347190857,
1.0662122964859009,
1.0655794143676758,
1.065861463546753,
1.066104769706726,
1.0649406909942627,
1.065718173980713,
1.065982460975647,
1.0645428895950317,
1.0652709007263184,
1.0655146837234497,
1.0643703937530518,
1.0649555921554565,
1.0649933815002441,
1.0640150308609009,
1.0647051334381104,
1.0646482706069946,
1.0638834238052368,
1.0643129348754883,
1.0642057657241821,
1.0638712644577026,
1.0642800331115723,
1.0636073350906372,
1.0635836124420166,
1.063719630241394,
1.0627597570419312,
1.063541293144226,
1.0635433197021484,
1.062546730041504,
1.063245177268982,
1.0634620189666748,
1.0621100664138794,
1.0628223419189453,
1.0627753734588623,
1.0620306730270386,
1.0624674558639526,
1.0623120069503784,
1.0618164539337158,
1.0618247985839844,
1.0619795322418213,
1.0616984367370605,
1.0618287324905396,
1.0608593225479126,
1.0611292123794556,
1.061050295829773,
1.0604355335235596,
1.060949444770813,
1.0606651306152344,
1.0596870183944702,
1.0604323148727417,
1.0607144832611084,
1.059684157371521,
1.0603080987930298,
1.0597883462905884,
1.0593386888504028,
1.0597020387649536,
1.0593551397323608,
1.0591456890106201,
1.0590206384658813,
1.058775782585144,
1.0588085651397705,
1.0588462352752686,
1.057822823524475,
1.0583744049072266,
1.0582361221313477,
1.0571246147155762,
1.0577317476272583,
1.0578213930130005,
1.0567469596862793,
1.0570775270462036,
1.057141900062561,
1.0566058158874512,
1.0573564767837524,
1.0570776462554932,
1.0564773082733154,
1.0562996864318848,
1.0562740564346313,
1.0558876991271973,
1.0560252666473389,
1.055159330368042,
1.0555150508880615,
1.0553295612335205,
1.0546379089355469,
1.0551203489303589,
1.0549241304397583,
1.0540181398391724,
1.0541802644729614,
1.0539309978485107,
1.0536227226257324,
1.0539487600326538,
1.053992748260498,
1.0534754991531372,
1.053219199180603,
1.0529367923736572,
1.0532106161117554,
1.052914023399353,
1.0521379709243774,
1.0523631572723389,
1.0522598028182983,
1.0515621900558472,
1.051947832107544,
1.052075982093811,
1.050718903541565,
1.0512038469314575,
1.051327109336853,
1.0504382848739624,
1.0508694648742676,
1.0505386590957642,
1.050139307975769,
1.0503484010696411,
1.0495909452438354,
1.0496304035186768,
1.0497418642044067,
1.0487277507781982,
1.0492162704467773,
1.04910409450531,
1.0479334592819214,
1.0488238334655762,
1.0486217737197876,
1.047769546508789,
1.048141598701477,
1.0481663942337036,
1.047126293182373,
1.0476070642471313,
1.047430157661438,
1.0467183589935303,
1.0470249652862549,
1.0464112758636475,
1.0462878942489624,
1.0463366508483887,
1.0455341339111328,
1.0459574460983276,
1.0459686517715454,
1.0448557138442993,
1.0453351736068726,
1.0451322793960571,
1.0440380573272705,
1.0444854497909546,
1.0444064140319824,
1.0435726642608643,
1.043953776359558,
1.0438107252120972,
1.0434017181396484,
1.0436747074127197,
1.0432029962539673,
1.0428959131240845,
1.0428653955459595,
1.0419546365737915,
1.0423688888549805,
1.0423277616500854,
1.0413274765014648,
1.0420656204223633,
1.0416432619094849,
1.0405925512313843,
1.0410797595977783,
1.0409899950027466,
1.0400279760360718,
1.040622591972351,
1.0404736995697021,
1.0395636558532715,
1.0398186445236206,
1.0392953157424927,
1.0390926599502563,
1.0390169620513916,
1.0379762649536133,
1.038535237312317,
1.038519024848938,
1.0376766920089722,
1.0381436347961426,
1.0381689071655273,
1.0368053913116455,
1.0373318195343018,
1.0374643802642822,
1.0363279581069946,
1.0369248390197754,
1.0365643501281738,
1.0360664129257202,
1.035990595817566,
1.0355403423309326,
1.0352703332901,
1.0357955694198608,
1.0346466302871704,
1.0347474813461304,
1.034912109375,
1.0337969064712524,
1.0340945720672607,
1.0339537858963013,
1.0330442190170288,
1.033495545387268,
1.033527135848999,
1.0325546264648438,
1.0325947999954224,
1.032860517501831,
1.0320156812667847,
1.0323801040649414,
1.0317529439926147,
1.0315605401992798,
1.0309268236160278,
1.0309706926345825,
1.030596137046814,
1.030692219734192,
1.0298569202423096,
1.030116319656372,
1.0299404859542847,
1.02897310256958,
1.0294265747070312,
1.0291645526885986,
1.0280840396881104,
1.0255526304244995,
1.0276416540145874,
1.0279234647750854,
1.0286251306533813,
1.028498649597168,
1.027799129486084,
1.0282620191574097,
1.0265884399414062,
1.0276241302490234,
1.027744174003601,
1.0275766849517822,
1.0271177291870117,
1.0272265672683716,
1.0264445543289185,
1.0263009071350098,
1.0264979600906372,
1.026016354560852,
1.0259277820587158,
1.0255221128463745,
1.0250171422958374,
1.02532958984375,
1.0251035690307617,
1.024336576461792,
1.024921178817749,
1.024681568145752,
1.023870825767517,
1.024154782295227,
1.0239967107772827,
1.0233608484268188,
1.0230354070663452,
1.0225764513015747,
1.022680640220642,
1.0226566791534424,
1.022312879562378,
1.0222129821777344,
1.0219738483428955,
1.021522879600525,
1.0216013193130493,
1.0214309692382812,
1.0205157995224,
1.0206072330474854,
1.0203825235366821,
1.0198194980621338,
1.0196983814239502,
1.0197477340698242,
1.0190526247024536,
1.0194584131240845,
1.0180562734603882,
1.0183957815170288,
1.0184298753738403,
1.0179115533828735,
1.0178831815719604,
1.0179572105407715,
1.0171568393707275,
1.0166820287704468,
1.0172120332717896,
1.0158417224884033,
1.015322208404541,
1.0159084796905518,
1.0153650045394897,
1.0156701803207397,
1.0155742168426514,
1.014463186264038,
1.0145553350448608,
1.0140457153320312,
1.0137606859207153,
1.0136041641235352,
1.0131250619888306,
1.0130910873413086,
1.0128756761550903,
1.0123635530471802,
1.012407898902893,
1.0122251510620117,
1.0110186338424683,
1.0107331275939941,
1.0103715658187866,
1.0101813077926636,
1.0105817317962646,
1.0102039575576782,
1.0092334747314453,
1.009284496307373,
1.0092296600341797,
1.0088011026382446,
1.0083794593811035,
1.0080400705337524,
1.0072925090789795,
1.0069046020507812,
1.0065717697143555,
1.006665825843811,
1.0058019161224365,
1.0052460432052612,
1.0052788257598877,
1.005210280418396,
1.004390835762024,
1.003613829612732,
1.0041111707687378,
1.0031301975250244,
1.003043293952942,
1.0029295682907104,
1.002487301826477,
1.002120852470398,
1.0017235279083252,
1.0010944604873657,
1.001214623451233,
1.0001157522201538,
0.9997314810752869,
0.9998319745063782,
0.9988737106323242,
0.9983559846878052,
0.9985872507095337,
0.9971216320991516,
0.9973053932189941,
0.9971088171005249,
0.9962452054023743,
0.9946655035018921,
0.9957256317138672,
0.9947938323020935,
0.9940220713615417,
0.9937173128128052,
0.9941163063049316,
0.9937307238578796,
0.9917805194854736,
0.9917616248130798,
0.9920450448989868,
0.9909347295761108,
0.9914382696151733,
0.99054354429245,
0.9892389178276062,
0.9896262288093567,
0.9887293577194214,
0.9879307746887207,
0.9871265292167664,
0.987567663192749,
0.9866830110549927,
0.9865382313728333,
0.9860365390777588,
0.9850202798843384,
0.9846445322036743,
0.9841850399971008,
0.9830397367477417,
0.9830492734909058,
0.9822760820388794,
0.981999397277832,
0.9816097617149353,
0.9810189008712769,
0.979907214641571,
0.9798736572265625,
0.978614091873169,
0.9773724675178528,
0.9781100749969482,
0.9770680665969849,
0.9761760830879211,
0.9765458703041077,
0.9755606055259705,
0.9746788144111633,
0.9742893576622009,
0.9730035662651062,
0.9731095433235168,
0.972736656665802,
0.9713308215141296,
0.9701497554779053,
0.9701654314994812,
0.9690336585044861,
0.9686664938926697,
0.9677441716194153,
0.9664775729179382,
0.966611921787262,
0.9658727049827576,
0.9652495980262756,
0.9642154574394226,
0.9637290239334106,
0.9621164798736572,
0.9621960520744324,
0.9615171551704407,
0.9604666829109192,
0.9599128365516663,
0.9590235352516174,
0.9575778245925903,
0.9571836590766907,
0.956264317035675,
0.9554218649864197,
0.9545708894729614,
0.953561007976532,
0.9524251222610474,
0.9518690705299377,
0.950211226940155,
0.9496502876281738,
0.9482860565185547,
0.9464769959449768,
0.9456477761268616,
0.9447553157806396,
0.9436824917793274,
0.9431917667388916,
0.9418575763702393,
0.9408106803894043,
0.9399018287658691,
0.9382218718528748,
0.9367832541465759,
0.9358223080635071,
0.9346843957901001,
0.9329653382301331,
0.9320498704910278,
0.9303446412086487,
0.9291614890098572,
0.9279559254646301,
0.925666868686676,
0.9247564077377319,
0.9237870573997498,
0.9220910668373108,
0.9203102588653564,
0.9191967844963074,
0.9179328083992004,
0.916138768196106,
0.914810061454773,
0.9132592678070068,
0.9117313027381897,
0.910298764705658,
0.9086000919342041,
0.907551109790802,
0.9056705832481384,
0.9047160744667053,
0.903355062007904,
0.9018877744674683,
0.9006419777870178,
0.8993268609046936,
0.8975324630737305,
0.8963252305984497,
0.8953031897544861,
0.8935481309890747,
0.8924371004104614,
0.8909014463424683,
0.8892715573310852,
0.888131856918335,
0.8865422010421753,
0.885252833366394,
0.8841311931610107,
0.8831745982170105,
0.880436897277832,
0.8802958726882935,
0.8791520595550537,
0.8767121434211731,
0.8767222762107849,
0.8753606081008911,
0.8737983703613281,
0.8722787499427795,
0.869729220867157,
0.8695428967475891,
0.8680832386016846,
0.8664270043373108,
0.8648154139518738,
0.8636078834533691,
0.8620979189872742,
0.8605141639709473,
0.859032154083252,
0.8574150800704956,
0.8559387922286987,
0.8543715476989746,
0.8530817031860352,
0.851277232170105,
0.8498303294181824,
0.8483119010925293,
0.846566915512085,
0.8450748920440674,
0.8437966704368591,
0.8414179682731628,
0.8405372500419617,
0.8391546010971069,
0.837336540222168,
0.8356034755706787,
0.8345625400543213,
0.8324352502822876,
0.8310931921005249,
0.8293840885162354,
0.8276250958442688,
0.8263896703720093,
0.8250947594642639,
0.8250947594642639,
0.8250947594642639,
0.0,
0.0,
0.0,
0.0,
0.0,
0.0,
0.0,
0.0,
0.0,
0.0,
0.0,
0.0,
0.0,
0.0,
0.0,
0.0,
0.0,
0.0,
0.0,
0.0,
0.0,
0.0,
0.0,
0.0,
0.0,
0.0,
0.0,
0.0,
0.0,
0.0,
0.0,
0.0,
0.0,
0.0,
0.0,
0.0,
0.0,
0.0,
0.0,
0.0,
0.0,
0.0,
0.0,
0.0,
0.0,
0.0,
0.0,
0.0,
0.0,
0.0,
0.0,
0.0,
0.0,
0.0,
0.0,
0.0,
0.0,
0.0,
0.0,
0.0,
0.0,
0.0,
0.0,
0.0,
0.0,
0.0,
0.0,
0.0,
0.0,
0.0,
0.0,
0.0,
0.0,
0.0,
0.0,
0.0,
0.0,
0.0,
0.0,
0.0,
0.0,
0.0,
0.0,
0.0,
0.0,
0.0,
0.0,
0.0,
0.0,
0.0,
0.0,
0.0,
0.0,
0.0,
0.0,
0.0,
0.0,
0.0,
0.0,
0.0,
0.0,
0.0,
0.0,
0.0,
0.0,
0.0,
0.0,
0.0,
0.0,
0.0,
0.0,
0.0,
0.0,
0.0,
0.0,
0.0,
0.0,
0.0,
0.0,
0.0,
0.0,
0.0,
0.0,
0.0,
0.0,
0.0,
0.0,
0.0,
0.0,
0.0,
0.0,
0.0,
0.0,
0.0,
0.0,
0.0,
0.0,
0.0,
0.0,
0.0,
0.0,
0.0,
0.0,
0.0,
0.0,
0.0,
0.0,
0.0,
0.0,
0.0,
0.0,
0.0,
0.0,
0.0,
0.0,
0.0,
0.0,
0.0,
0.0,
0.0,
0.0,
0.0,
0.0,
0.0,
0.0,
0.0,
0.0,
0.0,
0.0,
0.0,
0.0,
0.0,
0.0,
0.0,
0.0,
0.0,
0.0,
0.0,
0.0,
0.0,
0.0,
0.0,
0.0,
0.0,
0.0,
0.0,
0.0,
0.0,
0.0,
0.0,
0.0,
0.0,
0.0,
0.0,
0.0,
0.0,
0.0,
0.0,
0.0,
0.0,
0.0,
0.0,
0.0,
0.0,
0.0,
0.0,
0.0,
0.0,
0.0,
0.0,
0.0,
0.0,
0.0,
0.0,
0.0,
0.0,
0.0,
0.0,
0.0,
0.0,
0.0,
0.0,
0.0,
0.0,
0.0,
0.0,
0.0,
0.0,
0.0,
0.0,
0.0,
0.0,
0.0,
0.0,
0.0,
0.0,
0.0,
0.0,
0.0,
0.0,
0.0,
0.0,
0.0,
0.0,
0.0,
0.0,
0.0,
0.0,
0.0,
0.0,
0.0,
0.0,
0.0,
0.0,
0.0,
0.0,
0.0,
0.0,
0.0,
0.0,
0.0,
0.0,
0.0,
0.0,
0.0,
0.0,
0.0,
0.0,
0.0,
0.0,
0.0,
0.0,
0.0,
0.0,
0.0,
0.0,
0.0,
0.0,
0.0,
0.0,
0.0,
0.0,
0.0,
0.0,
0.0,
0.0,
0.0,
0.0,
0.0,
0.0,
0.0,
0.0,
0.0,
0.0,
0.0,
0.0,
0.0,
0.0,
0.0,
0.0,
0.0,
0.0,
0.0,
0.0,
0.0,
0.0,
0.0,
0.0,
0.0,
0.0,
0.0,
0.0,
0.0,
0.0,
0.0,
0.0,
0.0,
0.0,
0.0,
0.0,
0.0,
0.0,
0.0,
0.0,
0.0,
0.0,
0.0,
0.0,
0.0,
0.0,
0.0,
0.0,
0.0,
0.0,
0.0,
0.0,
0.0,
0.0,
0.0,
0.0,
0.0,
0.0,
0.0,
0.0,
0.0,
0.0,
0.0,
0.0,
0.0,
0.0,
0.0,
0.0,
0.0,
0.0,
0.0,
0.0,
0.0,
0.0,
0.0,
0.0,
0.0,
0.0,
0.0,
0.0,
0.0,
0.0,
0.0,
0.0,
0.0,
0.0,
0.0,
0.0,
0.0,
0.0,
0.0,
0.0,
0.0,
0.0,
0.0,
0.0,
0.0,
0.0,
0.0,
0.0,
0.0,
0.0,
0.0,
0.0,
0.0,
0.0,
0.0,
0.0,
0.0,
0.0,
0.0,
0.0,
0.0,
0.0,
0.0,
0.0,
0.0,
0.0,
0.0,
0.0,
0.0,
0.0,
0.0,
0.0,
0.0,
0.0,
0.0,
0.0,
0.0,
0.0,
0.0,
0.0,
0.0,
0.0,
0.0,
0.0,
0.0,
0.0,
0.0,
0.0,
0.0,
0.0,
0.0,
0.0,
0.0,
0.0,
0.0,
0.0,
0.0,
0.0,
0.0,
0.0,
0.0,
0.0,
0.0,
0.0,
0.0,
0.0,
0.0,
0.0,
0.0,
0.0,
0.0,
0.0,
0.0,
0.0,
0.0,
0.0,
0.0,
0.0,
0.0,
0.0,
0.0,
0.0,
0.0,
0.0,
0.0,
0.0,
0.0,
0.0,
0.0,
0.0,
0.0,
0.0,
0.0,
0.0,
0.0,
0.0,
0.0,
0.0,
0.0,
0.0,
0.0,
0.0,
0.0,
0.0,
0.0,
0.0,
0.0,
0.0,
0.0,
0.0,
0.0,
0.0,
0.0,
0.0,
0.0,
0.0,
0.0,
0.0,
0.0,
0.0,
0.0,
0.0,
0.0,
0.0,
0.0,
0.0,
0.0,
0.0,
0.0,
0.0,
0.0,
0.0,
0.0,
0.0,
0.0,
0.0,
0.0,
0.0,
0.0,
0.0,
0.0,
0.0,
0.0,
0.0,
0.0,
0.0,
0.0,
0.0,
0.0,
0.0,
0.0,
0.0,
0.0,
0.0,
0.0,
0.0,
0.0,
0.0,
0.0,
0.0,
0.0,
0.0,
0.0,
0.0,
0.0,
0.0,
0.0,
0.0,
0.0,
0.0,
0.0,
0.0,
0.0,
0.0,
0.0,
0.0,
0.0,
0.0,
0.0,
0.0,
0.0,
0.0,
0.0,
0.0,
0.0,
0.0,
0.0,
0.0,
0.0,
0.0,
0.0,
0.0,
0.0,
0.0,
0.0,
0.0,
0.0,
0.0,
0.0,
0.0,
0.0,
0.0,
0.0,
0.0,
0.0,
0.0,
0.0,
0.0,
0.0,
0.0,
0.0,
0.0,
0.0,
0.0,
0.0,
0.0,
0.0,
0.0,
0.0,
0.0,
0.0,
0.0,
0.0,
0.0,
0.0,
0.0,
0.0,
0.0,
0.0,
0.0,
0.0,
0.0,
0.0,
0.0,
0.0,
0.0,
0.0,
0.0,
0.0,
0.0,
0.0,
0.0,
0.0,
0.0,
0.0,
0.0,
0.0,
0.0,
0.0,
0.0,
0.0,
0.0,
0.0,
0.0,
0.0,
0.0,
0.0,
0.0,
0.0,
0.0,
0.0,
0.0,
0.0,
0.0,
0.0,
0.0,
0.0,
0.0,
0.0,
0.0,
0.0,
0.0,
0.0,
0.0,
0.0,
0.0,
0.0,
0.0,
0.0,
0.0,
0.0,
0.0,
0.0,
0.0,
0.0,
0.0,
0.0,
0.0,
0.0,
0.0,
0.0,
0.0,
0.0,
0.0,
0.0,
0.0,
0.0,
0.0,
0.0,
0.0,
0.0,
0.0,
0.0,
0.0,
0.0,
0.0,
0.0,
0.0,
0.0,
0.0,
0.0,
0.0,
0.0,
0.0,
0.0,
0.0,
0.0,
0.0,
0.0,
0.0,
0.0,
0.0,
0.0,
0.0,
0.0,
0.0,
0.0,
0.0,
0.0,
0.0,
0.0,
0.0,
0.0,
0.0,
0.0,
0.0,
0.0,
0.0,
0.0,
0.0,
0.0,
0.0,
0.0,
0.0,
0.0,
0.0,
0.0,
0.0,
0.0,
0.0,
0.0,
0.0,
0.0,
0.0,
0.0,
0.0,
0.0,
0.0,
0.0,
0.0,
0.0,
0.0,
0.0,
0.0,
0.0,
0.0,
0.0,
0.0,
0.0,
0.0,
0.0,
0.0,
0.0,
0.0,
0.0,
0.0,
0.0,
0.0,
0.0,
0.0,
0.0,
0.0,
0.0,
0.0,
0.0,
0.0,
0.0,
0.0,
0.0,
0.0,
0.0,
0.0,
0.0,
0.0,
0.0,
0.0,
0.0,
0.0,
0.0,
0.0,
0.0,
0.0,
0.0,
0.0,
0.0,
0.0,
0.0,
0.0,
0.0,
0.0,
0.0,
0.0,
0.0,
0.0,
0.0,
0.0,
0.0,
0.0,
0.0,
0.0,
0.0,
0.0,
0.0,
0.0,
0.0,
0.0,
0.0,
0.0,
0.0,
0.0,
0.0,
0.0,
0.0,
0.0,
0.0,
0.0,
0.0,
0.0,
0.0,
0.0,
0.0,
0.0,
0.0,
0.0,
0.0,
0.0,
0.0,
0.0,
0.0,
0.0,
0.0,
0.0,
0.0,
0.0,
0.0,
0.0,
0.0,
0.0,
0.0,
0.0,
0.0,
0.0,
0.0,
0.0,
0.0,
0.0,
0.0,
0.0,
0.0,
0.0,
0.0,
0.0,
0.0,
0.0,
0.0,
0.0,
0.0,
0.0,
0.0,
0.0,
0.0,
0.0,
0.0,
0.0,
0.0,
0.0,
0.0,
0.0,
0.0,
0.0,
0.0,
0.0,
0.0,
0.0,
0.0,
0.0,
0.0,
0.0,
0.0,
0.0,
0.0,
0.0,
0.0,
0.0,
0.0,
0.0,
0.0,
0.0,
0.0,
0.0,
0.0,
0.0,
0.0,
0.0,
0.0,
0.0,
0.0,
0.0,
0.0,
0.0,
0.0,
0.0,
0.0,
0.0,
0.0,
0.0,
0.0,
0.0,
0.0,
0.0,
0.0,
0.0,
0.0,
0.0,
0.0,
0.0,
0.0,
0.0,
0.0,
0.0,
0.0,
0.0,
0.0,
0.0,
0.0,
0.0,
0.0,
0.0,
0.0,
0.0,
0.0,
0.0,
0.0,
0.0,
0.0,
0.0,
0.0,
0.0,
0.0,
0.0,
0.0,
0.0,
0.0,
0.0,
0.0,
0.0,
0.0,
0.0,
0.0,
0.0,
0.0,
0.0,
0.0,
0.0,
0.0,
0.0,
0.0,
0.0,
0.0,
0.0,
0.0,
0.0,
0.0,
0.0,
0.0,
0.0,
0.0,
0.0,
0.0,
0.0,
0.0,
0.0,
0.0,
0.0,
0.0,
0.0,
0.0,
0.0,
0.0,
0.0,
0.0,
0.0,
0.0,
0.0,
0.0,
0.0,
0.0,
0.0,
0.0,
0.0,
0.0,
0.0,
0.0,
0.0,
0.0,
0.0,
0.0,
0.0,
0.0,
0.0,
0.0,
0.0,
0.0,
0.0,
0.0,
0.0,
0.0,
0.0,
0.0,
0.0,
0.0,
0.0,
0.0,
0.0,
0.0,
0.0,
0.0,
0.0,
0.0,
0.0,
0.0,
0.0,
0.0,
0.0,
0.0,
0.0,
0.0,
0.0,
0.0,
0.0,
0.0,
0.0,
0.0,
0.0,
0.0,
0.0,
0.0,
0.0,
0.0,
0.0,
0.0,
0.0,
0.0,
0.0,
0.0,
0.0,
0.0,
0.0,
0.0,
0.0,
0.0,
0.0,
0.0,
0.0,
0.0,
0.0,
0.0,
0.0,
0.0,
0.0,
0.0,
0.0,
0.0,
0.0,
0.0,
0.0,
0.0,
0.0,
0.0,
0.0,
0.0,
0.0,
0.0,
0.0,
0.0,
0.0,
0.0,
0.0,
0.0,
0.0,
0.0,
0.0,
0.0,
0.0,
0.0,
0.0,
0.0,
0.0,
0.0,
0.0,
0.0,
0.0,
0.0,
0.0,
0.0,
0.0,
0.0,
0.0,
0.0,
0.0,
0.0,
0.0,
0.0,
0.0,
0.0,
0.0,
0.0,
0.0,
0.0,
0.0,
0.0,
0.0,
0.0,
0.0,
0.0,
0.0,
0.0,
0.0,
0.0,
0.0,
0.0,
0.0,
0.0,
0.0,
0.0,
0.0,
0.0,
0.0,
0.0,
0.0,
0.0,
0.0,
0.0,
0.0,
0.0,
0.0,
0.0,
0.0,
0.0,
0.0,
0.0,
0.0,
0.0,
0.0,
0.0,
0.0,
0.0,
0.0,
0.0,
0.0,
0.0,
0.0,
0.0,
0.0,
0.0,
0.0,
0.0,
0.0,
0.0,
0.0,
0.0,
0.0,
0.0,
0.0,
0.0,
0.0,
0.0,
0.0,
0.0,
0.0,
0.0,
0.0,
0.0,
0.0,
0.0,
0.0,
0.0,
0.0,
0.0,
0.0,
0.0,
0.0,
0.0,
0.0,
0.0,
0.0,
0.0,
0.0,
0.0,
0.0,
0.0,
0.0,
0.0,
0.0,
0.0,
0.0,
0.0,
0.0,
0.0,
0.0,
0.0,
0.0,
0.0,
0.0,
0.0,
0.0,
0.0,
0.0,
0.0,
0.0,
0.0,
0.0,
0.0,
0.0,
0.0,
0.0,
0.0,
0.0,
0.0,
0.0,
0.0,
0.0,
0.0,
0.0,
0.0,
0.0,
0.0,
0.0,
0.0,
0.0,
0.0,
0.0,
0.0,
0.0,
0.0,
0.0,
0.0,
0.0,
0.0,
0.0,
0.0,
0.0,
0.0,
0.0,
0.0,
0.0,
0.0,
0.0,
0.0,
0.0,
0.0,
0.0,
0.0,
0.0,
0.0,
0.0,
0.0,
0.0,
0.0,
0.0,
0.0,
0.0,
0.0,
0.0,
0.0,
0.0,
0.0,
0.0,
0.0,
0.0,
0.0,
0.0,
0.0,
0.0,
0.0,
0.0,
0.0,
0.0,
0.0,
0.0,
0.0,
0.0,
0.0,
0.0,
0.0,
0.0,
0.0,
0.0,
0.0,
0.0,
0.0,
0.0,
0.0,
0.0,
0.0,
0.0,
0.0,
0.0,
0.0,
0.0,
0.0,
0.0,
0.0,
0.0,
0.0,
0.0,
0.0,
0.0,
0.0,
0.0,
0.0,
0.0,
0.0,
0.0,
0.0,
0.0,
0.0,
0.0,
0.0,
0.0,
0.0,
0.0,
0.0,
0.0,
0.0,
0.0,
0.0,
0.0,
0.0,
0.0,
0.0,
0.0,
0.0,
0.0,
0.0,
0.0,
0.0,
0.0,
0.0,
0.0,
0.0,
0.0,
0.0,
0.0,
0.0,
0.0,
0.0,
0.0,
0.0,
0.0,
0.0,
0.0,
0.0,
0.0,
0.0,
0.0,
0.0,
0.0,
0.0,
0.0,
0.0,
0.0,
0.0,
0.0,
0.0,
0.0,
0.0,
0.0,
0.0,
0.0,
0.0,
0.0,
0.0,
0.0,
0.0,
0.0,
0.0,
0.0,
0.0,
0.0,
0.0,
0.0,
0.0,
0.0,
0.0,
0.0,
0.0,
0.0,
0.0,
0.0,
0.0,
0.0,
0.0,
0.0,
0.0,
0.0,
0.0,
0.0,
0.0,
0.0,
0.0,
0.0,
0.0,
0.0,
0.0,
0.0,
0.0,
0.0,
0.0,
0.0,
0.0,
0.0,
0.0,
0.0,
0.0,
0.0,
0.0,
0.0,
0.0,
0.0,
0.0,
0.0,
0.0,
0.0,
0.0,
0.0,
0.0,
0.0,
0.0,
0.0,
0.0,
0.0,
0.0,
0.0,
0.0,
0.0,
0.0,
0.0,
0.0,
0.0,
0.0,
0.0,
0.0,
0.0,
0.0,
0.0,
0.0,
0.0,
0.0,
0.0,
0.0,
0.0,
0.0,
0.0,
0.0,
0.0,
0.0,
0.0,
0.0,
0.0,
0.0,
0.0,
0.0,
0.0,
0.0,
0.0,
0.0,
0.0,
0.0,
0.0,
0.0,
0.0,
0.0,
0.0,
0.0,
0.0,
0.0,
0.0,
0.0,
0.0,
0.0,
0.0,
0.0,
0.0,
0.0,
0.0,
0.0,
0.0,
0.0,
0.0,
0.0,
0.0,
0.0,
0.0,
0.0,
0.0,
0.0,
0.0,
0.0,
0.0,
0.0,
0.0,
0.0,
0.0,
0.0,
0.0,
0.0,
0.0,
0.0,
0.0,
0.0,
0.0,
0.0,
0.0,
0.0,
0.0,
0.0,
0.0,
0.0,
0.0,
0.0,
0.0,
0.0,
0.0,
0.0,
0.0,
0.0,
0.0,
0.0,
0.0,
0.0,
0.0,
0.0,
0.0,
0.0,
0.0,
0.0,
0.0,
0.0,
0.0,
0.0,
0.0,
0.0,
0.0,
0.0,
0.0,
0.0,
0.0,
0.0,
0.0,
0.0,
0.0,
0.0,
0.0,
0.0,
0.0,
0.0,
0.0,
0.0,
0.0,
0.0,
0.0,
0.0,
0.0,
0.0,
0.0,
0.0,
0.0,
0.0,
0.0,
0.0,
0.0,
0.0,
0.0,
0.0,
0.0,
0.0,
0.0,
0.0,
0.0,
0.0,
0.0,
0.0,
0.0,
0.0,
0.0,
0.0,
0.0,
0.0,
0.0,
0.0,
0.0,
0.0,
0.0,
0.0,
0.0,
0.0,
0.0,
0.0,
0.0,
0.0,
0.0,
0.0,
0.0,
0.0,
0.0,
0.0,
0.0,
0.0,
0.0,
0.0,
0.0,
0.0,
0.0,
0.0,
0.0,
0.0,
0.0,
0.0,
0.0,
0.0,
0.0,
0.0,
0.0,
0.0,
0.0,
0.0,
0.0,
0.0,
0.0,
0.0,
0.0,
0.0,
0.0,
0.0,
0.0,
0.0,
0.0,
0.0,
0.0,
0.0,
0.0,
0.0,
0.0,
0.0,
0.0,
0.0,
0.0,
0.0,
0.0,
0.0,
0.0,
0.0,
0.0,
0.0,
0.0,
0.0,
0.0,
0.0,
0.0,
0.0,
0.0,
0.0,
0.0,
0.0,
0.0,
0.0,
0.0,
0.0,
0.0,
0.0,
0.0,
0.0,
0.0,
0.0,
0.0,
0.0,
0.0,
0.0,
0.0,
0.0,
0.0,
0.0,
0.0,
0.0,
0.0,
0.0,
0.0,
0.0,
0.0,
0.0,
0.0,
0.0,
0.0,
0.0,
0.0,
0.0,
0.0,
0.0,
0.0,
0.0,
0.0,
0.0,
0.0,
0.0,
0.0,
0.0,
0.0,
0.0,
0.0,
0.0,
0.0,
0.0,
0.0,
0.0,
0.0,
0.0,
0.0,
0.0,
0.0,
0.0,
0.0,
0.0,
0.0,
0.0,
0.0,
0.0,
0.0,
0.0,
0.0,
0.0,
0.0,
0.0,
0.0,
0.0,
0.0,
0.0,
0.0,
0.0,
0.0,
0.0,
0.0,
0.0,
0.0,
0.0,
0.0,
0.0,
0.0,
0.0,
0.0,
0.0,
0.0,
0.0,
0.0,
0.0,
0.0,
0.0,
0.0,
0.0,
0.0,
0.0,
0.0,
0.0,
0.0,
0.0,
0.0,
0.0,
0.0,
0.0,
0.0,
0.0,
0.0,
0.0,
0.0,
0.0,
0.0,
0.0,
0.0,
0.0,
0.0,
0.0,
0.0,
0.0,
