1.0651030540466309,
1.0690521001815796,
1.070552945137024,
1.0715323686599731,
1.0720685720443726,
1.0723415613174438,
1.0725462436676025,
1.0728801488876343,
1.0730010271072388,
1.0731990337371826,
1.0731714963912964,
1.0732707977294922,
1.0734096765518188,
1.0735381841659546,
1.0736207962036133,
1.0737160444259644,
1.0737031698226929,
1.0737080574035645,
1.0739418268203735,
1.0738108158111572,
1.0738922357559204,
1.073869228363037,
1.0738003253936768,
1.0737204551696777,
1.0736030340194702,
1.0736855268478394,
1.073671817779541,
1.0737130641937256,
1.0737550258636475,
1.073648452758789,
1.0735094547271729,
1.0734639167785645,
1.0734961032867432,
1.0733498334884644,
1.073452353477478,
1.0735114812850952,
1.0734164714813232,
1.0734919309616089,
1.0733469724655151,
1.0732994079589844,
1.073165774345398,
1.0731805562973022,
1.073102593421936,
1.073035478591919,
1.0728660821914673,
1.072847604751587,
1.0726450681686401,
1.0725719928741455,
1.0725091695785522,
1.0724401473999023,
1.0724287033081055,
1.072442889213562,
1.0724049806594849,
1.0721514225006104,
1.072035789489746,
1.0718966722488403,
1.071845293045044,
1.0716922283172607,
1.0716453790664673,
1.0715928077697754,
1.0715092420578003,
1.0714141130447388,
1.0714303255081177,
1.0712425708770752,
1.0712776184082031,
1.0711655616760254,
1.0710580348968506,
1.070963740348816,
1.0708695650100708,
1.0707744359970093,
1.0706425905227661,
1.0705125331878662,
1.0703506469726562,
1.0702970027923584,
1.0701971054077148,
1.0700788497924805,
1.0700453519821167,
1.0698974132537842,
1.0698297023773193,
1.0695509910583496,
1.0694347620010376,
1.0692079067230225,
1.0691553354263306,
1.069007158279419,
1.0688626766204834,
1.0688773393630981,
1.0688648223876953,
1.068730354309082,
1.0685715675354004,
1.0683175325393677,
1.0683773756027222,
1.0681726932525635,
1.0681512355804443,
1.067903995513916,
1.0677298307418823,
1.0674477815628052,
1.0672826766967773,
1.0671463012695312,
1.066994547843933,
1.067048192024231,
1.0669810771942139,
1.066799521446228,
1.0665026903152466,
1.0663187503814697,
1.0662133693695068,
1.0660467147827148,
1.0659165382385254,
1.065704107284546,
1.065677523612976,
1.0656112432479858,
1.0653942823410034,
1.065279483795166,
1.0651863813400269,
1.0651710033416748,
1.0649077892303467,
1.0645476579666138,
1.0647244453430176,
1.0644127130508423,
1.0642117261886597,
1.0640350580215454,
1.0637927055358887,
1.0636022090911865,
1.063549280166626,
1.0633875131607056,
1.063257098197937,
1.0631555318832397,
1.0629671812057495,
1.0626565217971802,
1.062488317489624,
1.0623400211334229,
1.06217360496521,
1.062101125717163,
1.0619163513183594,
1.06169593334198,
1.0616973638534546,
1.0614752769470215,
1.0613360404968262,
1.0611323118209839,
1.0610060691833496,
1.0609514713287354,
1.0607277154922485,
1.0605566501617432,
1.0603172779083252,
1.0601693391799927,
1.0600395202636719,
1.0598093271255493,
1.0596981048583984,
1.0595767498016357,
1.0594130754470825,
1.0592567920684814,
1.0590004920959473,
1.0587666034698486,
1.0586979389190674,
1.0583937168121338,
1.0582183599472046,
1.0580296516418457,
1.0577898025512695,
1.0577328205108643,
1.057629942893982,
1.0575255155563354,
1.0573605298995972,
1.0571670532226562,
1.0568920373916626,
1.0567421913146973,
1.0566118955612183,
1.0564978122711182,
1.0562374591827393,
1.0560935735702515,
1.055830717086792,
1.055588960647583,
1.0554568767547607,
1.0551937818527222,
1.055066704750061,
1.0548382997512817,
1.0546656847000122,
1.0544158220291138,
1.0542229413986206,
1.0541115999221802,
1.0538966655731201,
1.0536373853683472,
1.0535659790039062,
1.0533866882324219,
1.0533918142318726,
1.0531883239746094,
1.0530353784561157,
1.0527397394180298,
1.0526154041290283,
1.0523788928985596,
1.0521318912506104,
1.0519988536834717,
1.0518100261688232,
1.0516129732131958,
1.0513836145401,
1.0512092113494873,
1.0511701107025146,
1.0508838891983032,
1.0506945848464966,
1.050533413887024,
1.0503954887390137,
1.0502387285232544,
1.0499018430709839,
1.0497965812683105,
1.0495376586914062,
1.0493687391281128,
1.0492295026779175,
1.048941969871521,
1.0489064455032349,
1.048769474029541,
1.0486043691635132,
1.0484166145324707,
1.0481864213943481,
1.0480718612670898,
1.0477912425994873,
1.047545313835144,
1.0473718643188477,
1.0471915006637573,
1.0470302104949951,
1.0466595888137817,
1.0465342998504639,
1.0462473630905151,
1.046021580696106,
1.0458743572235107,
1.045515537261963,
1.045600414276123,
1.045287013053894,
1.0450162887573242,
1.0450010299682617,
1.0447094440460205,
1.0445274114608765,
1.0442410707473755,
1.0441293716430664,
1.0440001487731934,
1.0438448190689087,
1.0436547994613647,
1.0434399843215942,
1.0432908535003662,
1.0430700778961182,
1.0427216291427612,
1.042635202407837,
1.0424565076828003,
1.0423222780227661,
1.0420231819152832,
1.041772723197937,
1.0416247844696045,
1.0414072275161743,
1.0412508249282837,
1.0410292148590088,
1.0409150123596191,
1.0407131910324097,
1.0403860807418823,
1.0403860807418823,
1.037909746170044,
1.0386576652526855,
1.0388528108596802,
1.0388295650482178,
1.038791298866272,
1.0385780334472656,
1.0385031700134277,
1.038448691368103,
1.0381804704666138,
1.0380035638809204,
1.0378624200820923,
1.0377460718154907,
1.0376112461090088,
1.037337303161621,
1.037217140197754,
1.0369547605514526,
1.0368242263793945,
1.0366028547286987,
1.0363554954528809,
1.036232590675354,
1.0360772609710693,
1.0360080003738403,
1.0358487367630005,
1.035632848739624,
1.0355067253112793,
1.0349719524383545,
1.035072684288025,
1.0349088907241821,
1.0347011089324951,
1.0344394445419312,
1.0342540740966797,
1.0341492891311646,
1.033878207206726,
1.0336519479751587,
1.0335617065429688,
1.0333847999572754,
1.033180594444275,
1.0329986810684204,
1.0326873064041138,
1.032443642616272,
1.0322351455688477,
1.031583309173584,
1.031733751296997,
1.0313948392868042,
1.0312955379486084,
1.0312738418579102,
1.0307310819625854,
1.0308290719985962,
1.0306180715560913,
1.0304419994354248,
1.0298335552215576,
1.029894232749939,
1.0296719074249268,
1.0293078422546387,
1.0289767980575562,
1.0287479162216187,
1.0286508798599243,
1.0274312496185303,
1.0274559259414673,
1.027930736541748,
1.0277128219604492,
1.0274149179458618,
1.0272477865219116,
1.0270150899887085,
1.0262107849121094,
1.0263543128967285,
1.0262625217437744,
1.0260167121887207,
1.025599718093872,
1.025109052658081,
1.0250270366668701,
1.0250864028930664,
1.024548888206482,
1.0246080160140991,
1.0238984823226929,
1.0241245031356812,
1.0235795974731445,
1.0236270427703857,
1.0233243703842163,
1.0227266550064087,
1.0221996307373047,
1.0217053890228271,
1.0221593379974365,
1.0212410688400269,
1.021597146987915,
1.0210356712341309,
1.0207692384719849,
1.0208107233047485,
1.020202398300171,
1.0202285051345825,
1.0195311307907104,
1.0194602012634277,
1.01848566532135,
1.018517017364502,
1.0183302164077759,
1.0181102752685547,
1.0177760124206543,
1.0178859233856201,
1.0177195072174072,
1.0172017812728882,
1.0170345306396484,
1.0166133642196655,
1.016085147857666,
1.0163830518722534,
1.0161445140838623,
1.015498161315918,
1.0145105123519897,
1.0151795148849487,
1.014906406402588,
1.013844609260559,
1.0138553380966187,
1.0129534006118774,
1.0133466720581055,
1.0129342079162598,
1.0123224258422852,
1.0120494365692139,
1.0113818645477295,
1.0112789869308472,
1.0115691423416138,
1.0106103420257568,
1.0104669332504272,
1.0100650787353516,
1.0099408626556396,
1.0093199014663696,
1.0095969438552856,
1.008831262588501,
1.0085742473602295,
1.007598638534546,
1.0078253746032715,
1.0069224834442139,
1.0069143772125244,
1.0062178373336792,
1.0061769485473633,
1.0058653354644775,
1.0056744813919067,
1.0056737661361694,
1.0049577951431274,
1.0038503408432007,
1.0038758516311646,
1.003735065460205,
1.0032061338424683,
1.0024136304855347,
1.0023905038833618,
1.0013638734817505,
1.001260757446289,
1.0012459754943848,
1.0010383129119873,
1.0000227689743042,
1.0000190734863281,
0.999770998954773,
0.9992380142211914,
0.9982213377952576,
0.9972690939903259,
0.9977933168411255,
0.9971879720687866,
0.9970610737800598,
0.9969542622566223,
0.9962420463562012,
0.9956934452056885,
0.9957011342048645,
0.9951073527336121,
0.9946429133415222,
0.994050145149231,
0.9929147958755493,
0.9929421544075012,
0.9923844337463379,
0.9920189380645752,
0.9919689297676086,
0.9912921190261841,
0.9909936785697937,
0.9902533292770386,
0.9896114468574524,
0.98899906873703,
0.9880530834197998,
0.988268256187439,
0.9880347847938538,
0.986793041229248,
0.9862493872642517,
0.9862223863601685,
0.9857186079025269,
0.984747052192688,
0.9848211407661438,
0.9833707809448242,
0.9835430979728699,
0.9837745428085327,
0.9824404120445251,
0.9817837476730347,
0.9815377593040466,
0.9807572960853577,
0.9798424243927002,
0.9797865152359009,
0.9792372584342957,
0.9784730076789856,
0.9780526757240295,
0.977922260761261,
0.9769236445426941,
0.9764533042907715,
0.9764375686645508,
0.9755813479423523,
0.974263608455658,
0.9744729399681091,
0.973625898361206,
0.9730803966522217,
0.9727374315261841,
0.9716342687606812,
0.9713996648788452,
0.9706282615661621,
0.9699054956436157,
0.9690852761268616,
0.9695998430252075,
0.9679709076881409,
0.9683521389961243,
0.9675135016441345,
0.967043936252594,
0.9660155177116394,
0.9656959176063538,
0.9645565152168274,
0.9642835259437561,
0.9630708694458008,
0.962448000907898,
0.9620068073272705,
0.9617708325386047,
0.9607555270195007,
0.9604796767234802,
0.9600124359130859,
0.9593527913093567,
0.9586489200592041,
0.9581096172332764,
0.9572030901908875,
0.9565629959106445,
0.9556550979614258,
0.9552873969078064,
0.9549008011817932,
0.9540401697158813,
0.9529058933258057,
0.9521256685256958,
0.9516966938972473,
0.9511899352073669,
0.9497869610786438,
0.9497631788253784,
0.9491552114486694,
0.9484786987304688,
0.9474515318870544,
0.9468989968299866,
0.9460170269012451,
0.9448617100715637,
0.9442666172981262,
0.9432512521743774,
0.9427468180656433,
0.9418998956680298,
0.9412523508071899,
0.9403973817825317,
0.9394813179969788,
0.9386807084083557,
0.9380818605422974,
0.9372225999832153,
0.935753583908081,
0.9348066449165344,
0.9344590902328491,
0.9333555698394775,
0.9322662353515625,
0.9314967393875122,
0.9304356575012207,
0.929381787776947,
0.9285596609115601,
0.9279179573059082,
0.9269660711288452,
0.9255820512771606,
0.924859881401062,
0.9237945079803467,
0.9225852489471436,
0.9216197729110718,
0.9206762313842773,
0.9196118712425232,
0.9186908602714539,
0.9176336526870728,
0.9169474840164185,
0.9161282181739807,
0.915026068687439,
0.9139239192008972,
0.9126647114753723,
0.9118221402168274,
0.9107047915458679,
0.9099099636077881,
0.908620297908783,
0.9074885845184326,
0.9066882133483887,
0.9055303931236267,
0.9043472409248352,
0.902945339679718,
0.9021190404891968,
0.9011343121528625,
0.8996101021766663,
0.8982546925544739,
0.8973963260650635,
0.8962664604187012,
0.8951427936553955,
0.8938696980476379,
0.8927701115608215,
0.8917620778083801,
0.8907193541526794,
0.8893054127693176,
0.8881450295448303,
0.8868095278739929,
0.8859256505966187,
0.8844446539878845,
0.8831958770751953,
0.8822116851806641,
0.8810296654701233,
0.8797665238380432,
0.8782358765602112,
0.8767087459564209,
0.8752787709236145,
0.8738597631454468,
0.8722776770591736,
0.8711344003677368,
0.8696337938308716,
0.8681551814079285,
0.866625964641571,
0.8653181791305542,
0.863661527633667,
0.8620401620864868,
0.8606861233711243,
0.8593151569366455,
0.8577093482017517,
0.8535826802253723,
0.8537638783454895,
0.8528990149497986,
0.85154128074646,
0.8495813012123108,
0.8486220836639404,
0.846986711025238,
0.8455582857131958,
0.8442183136940002,
0.8417146801948547,
0.8406537175178528,
0.839000940322876,
0.8381797075271606,
0.8366955518722534,
0.8351613879203796,
0.833745002746582,
0.8322051763534546,
0.8306733965873718,
0.828794538974762,
0.8275191783905029,
0.8275191783905029,
0.0,
0.0,
0.0,
0.0,
0.0,
0.0,
0.0,
0.0,
0.0,
0.0,
0.0,
0.0,
0.0,
0.0,
0.0,
0.0,
0.0,
0.0,
0.0,
0.0,
0.0,
0.0,
0.0,
0.0,
0.0,
0.0,
0.0,
0.0,
0.0,
0.0,
0.0,
0.0,
0.0,
0.0,
0.0,
0.0,
0.0,
0.0,
0.0,
0.0,
0.0,
0.0,
0.0,
0.0,
0.0,
0.0,
0.0,
0.0,
0.0,
0.0,
0.0,
0.0,
0.0,
0.0,
0.0,
0.0,
0.0,
0.0,
0.0,
0.0,
0.0,
0.0,
0.0,
0.0,
0.0,
0.0,
0.0,
0.0,
0.0,
0.0,
0.0,
0.0,
0.0,
0.0,
0.0,
0.0,
0.0,
0.0,
0.0,
0.0,
0.0,
0.0,
0.0,
0.0,
0.0,
0.0,
0.0,
0.0,
0.0,
0.0,
0.0,
0.0,
0.0,
0.0,
0.0,
0.0,
0.0,
0.0,
0.0,
0.0,
0.0,
0.0,
0.0,
0.0,
0.0,
0.0,
0.0,
0.0,
0.0,
0.0,
0.0,
0.0,
0.0,
0.0,
0.0,
0.0,
0.0,
0.0,
0.0,
0.0,
0.0,
0.0,
0.0,
0.0,
0.0,
0.0,
0.0,
0.0,
0.0,
0.0,
0.0,
0.0,
0.0,
0.0,
0.0,
0.0,
0.0,
0.0,
0.0,
0.0,
0.0,
0.0,
0.0,
0.0,
0.0,
0.0,
0.0,
0.0,
0.0,
0.0,
0.0,
0.0,
0.0,
0.0,
0.0,
0.0,
0.0,
0.0,
0.0,
0.0,
0.0,
0.0,
0.0,
0.0,
0.0,
0.0,
0.0,
0.0,
0.0,
0.0,
0.0,
0.0,
0.0,
0.0,
0.0,
0.0,
0.0,
0.0,
0.0,
0.0,
0.0,
0.0,
0.0,
0.0,
0.0,
0.0,
0.0,
0.0,
0.0,
0.0,
0.0,
0.0,
0.0,
0.0,
0.0,
0.0,
0.0,
0.0,
0.0,
0.0,
0.0,
0.0,
0.0,
0.0,
0.0,
0.0,
0.0,
0.0,
0.0,
0.0,
0.0,
0.0,
0.0,
0.0,
0.0,
0.0,
0.0,
0.0,
0.0,
0.0,
0.0,
0.0,
0.0,
0.0,
0.0,
0.0,
0.0,
0.0,
0.0,
0.0,
0.0,
0.0,
0.0,
0.0,
0.0,
0.0,
0.0,
0.0,
0.0,
0.0,
0.0,
0.0,
0.0,
0.0,
0.0,
0.0,
0.0,
0.0,
0.0,
0.0,
0.0,
0.0,
0.0,
0.0,
0.0,
0.0,
0.0,
0.0,
0.0,
0.0,
0.0,
0.0,
0.0,
0.0,
0.0,
0.0,
0.0,
0.0,
0.0,
0.0,
0.0,
0.0,
0.0,
0.0,
0.0,
0.0,
0.0,
0.0,
0.0,
0.0,
0.0,
0.0,
0.0,
0.0,
0.0,
0.0,
0.0,
0.0,
0.0,
0.0,
0.0,
0.0,
0.0,
0.0,
0.0,
0.0,
0.0,
0.0,
0.0,
0.0,
0.0,
0.0,
0.0,
0.0,
0.0,
0.0,
0.0,
0.0,
0.0,
0.0,
0.0,
0.0,
0.0,
0.0,
0.0,
0.0,
0.0,
0.0,
0.0,
0.0,
0.0,
0.0,
0.0,
0.0,
0.0,
0.0,
0.0,
0.0,
0.0,
0.0,
0.0,
0.0,
0.0,
0.0,
0.0,
0.0,
0.0,
0.0,
0.0,
0.0,
0.0,
0.0,
0.0,
0.0,
0.0,
0.0,
0.0,
0.0,
0.0,
0.0,
0.0,
0.0,
0.0,
0.0,
0.0,
0.0,
0.0,
0.0,
0.0,
0.0,
0.0,
0.0,
0.0,
0.0,
0.0,
0.0,
0.0,
0.0,
0.0,
0.0,
0.0,
0.0,
0.0,
0.0,
0.0,
0.0,
0.0,
0.0,
0.0,
0.0,
0.0,
0.0,
0.0,
0.0,
0.0,
0.0,
0.0,
0.0,
0.0,
0.0,
0.0,
0.0,
0.0,
0.0,
0.0,
0.0,
0.0,
0.0,
0.0,
0.0,
0.0,
0.0,
0.0,
0.0,
0.0,
0.0,
0.0,
0.0,
0.0,
0.0,
0.0,
0.0,
0.0,
0.0,
0.0,
0.0,
0.0,
0.0,
0.0,
0.0,
0.0,
0.0,
0.0,
0.0,
0.0,
0.0,
0.0,
0.0,
0.0,
0.0,
0.0,
0.0,
0.0,
0.0,
0.0,
0.0,
0.0,
0.0,
0.0,
0.0,
0.0,
0.0,
0.0,
0.0,
0.0,
0.0,
0.0,
0.0,
0.0,
0.0,
0.0,
0.0,
0.0,
0.0,
0.0,
0.0,
0.0,
0.0,
0.0,
0.0,
0.0,
0.0,
0.0,
0.0,
0.0,
0.0,
0.0,
0.0,
0.0,
0.0,
0.0,
0.0,
0.0,
0.0,
0.0,
0.0,
0.0,
0.0,
0.0,
0.0,
0.0,
0.0,
0.0,
0.0,
0.0,
0.0,
0.0,
0.0,
0.0,
0.0,
0.0,
0.0,
0.0,
0.0,
0.0,
0.0,
0.0,
0.0,
0.0,
0.0,
0.0,
0.0,
0.0,
0.0,
0.0,
0.0,
0.0,
0.0,
0.0,
0.0,
0.0,
0.0,
0.0,
0.0,
0.0,
0.0,
0.0,
0.0,
0.0,
0.0,
0.0,
0.0,
0.0,
0.0,
0.0,
0.0,
0.0,
0.0,
0.0,
0.0,
0.0,
0.0,
0.0,
0.0,
0.0,
0.0,
0.0,
0.0,
0.0,
0.0,
0.0,
0.0,
0.0,
0.0,
0.0,
0.0,
0.0,
0.0,
0.0,
0.0,
0.0,
0.0,
0.0,
0.0,
0.0,
0.0,
0.0,
0.0,
0.0,
0.0,
0.0,
0.0,
0.0,
0.0,
0.0,
0.0,
0.0,
0.0,
0.0,
0.0,
0.0,
0.0,
0.0,
0.0,
0.0,
0.0,
0.0,
0.0,
0.0,
0.0,
0.0,
0.0,
0.0,
0.0,
0.0,
0.0,
0.0,
0.0,
0.0,
0.0,
0.0,
0.0,
0.0,
0.0,
0.0,
0.0,
0.0,
0.0,
0.0,
0.0,
0.0,
0.0,
0.0,
0.0,
0.0,
0.0,
0.0,
0.0,
0.0,
0.0,
0.0,
0.0,
0.0,
0.0,
0.0,
0.0,
0.0,
0.0,
0.0,
0.0,
0.0,
0.0,
0.0,
0.0,
0.0,
0.0,
0.0,
0.0,
0.0,
0.0,
0.0,
0.0,
0.0,
0.0,
0.0,
0.0,
0.0,
0.0,
0.0,
0.0,
0.0,
0.0,
0.0,
0.0,
0.0,
0.0,
0.0,
0.0,
0.0,
0.0,
0.0,
0.0,
0.0,
0.0,
0.0,
0.0,
0.0,
0.0,
0.0,
0.0,
0.0,
0.0,
0.0,
0.0,
0.0,
0.0,
0.0,
0.0,
0.0,
0.0,
0.0,
0.0,
0.0,
0.0,
0.0,
0.0,
0.0,
0.0,
0.0,
0.0,
0.0,
0.0,
0.0,
0.0,
0.0,
0.0,
0.0,
0.0,
0.0,
0.0,
0.0,
0.0,
0.0,
0.0,
0.0,
0.0,
0.0,
0.0,
0.0,
0.0,
0.0,
0.0,
0.0,
0.0,
0.0,
0.0,
0.0,
0.0,
0.0,
0.0,
0.0,
0.0,
0.0,
0.0,
0.0,
0.0,
0.0,
0.0,
0.0,
0.0,
0.0,
0.0,
0.0,
0.0,
0.0,
0.0,
0.0,
0.0,
0.0,
0.0,
0.0,
0.0,
0.0,
0.0,
0.0,
0.0,
0.0,
0.0,
0.0,
0.0,
0.0,
0.0,
0.0,
0.0,
0.0,
0.0,
0.0,
0.0,
0.0,
0.0,
0.0,
0.0,
0.0,
0.0,
0.0,
0.0,
0.0,
0.0,
0.0,
0.0,
0.0,
0.0,
0.0,
0.0,
0.0,
0.0,
0.0,
0.0,
0.0,
0.0,
0.0,
0.0,
0.0,
0.0,
0.0,
0.0,
0.0,
0.0,
0.0,
0.0,
0.0,
0.0,
0.0,
0.0,
0.0,
0.0,
0.0,
0.0,
0.0,
0.0,
0.0,
0.0,
0.0,
0.0,
0.0,
0.0,
0.0,
0.0,
0.0,
0.0,
0.0,
0.0,
0.0,
0.0,
0.0,
0.0,
0.0,
0.0,
0.0,
0.0,
0.0,
0.0,
0.0,
0.0,
0.0,
0.0,
0.0,
0.0,
0.0,
0.0,
0.0,
0.0,
0.0,
0.0,
0.0,
0.0,
0.0,
0.0,
0.0,
0.0,
0.0,
0.0,
0.0,
0.0,
0.0,
0.0,
0.0,
0.0,
0.0,
0.0,
0.0,
0.0,
0.0,
0.0,
0.0,
0.0,
0.0,
0.0,
0.0,
0.0,
0.0,
0.0,
0.0,
0.0,
0.0,
0.0,
0.0,
0.0,
0.0,
0.0,
0.0,
0.0,
0.0,
0.0,
0.0,
0.0,
0.0,
0.0,
0.0,
0.0,
0.0,
0.0,
0.0,
0.0,
0.0,
0.0,
0.0,
0.0,
0.0,
0.0,
0.0,
0.0,
0.0,
0.0,
0.0,
0.0,
0.0,
0.0,
0.0,
0.0,
0.0,
0.0,
0.0,
0.0,
0.0,
0.0,
0.0,
0.0,
0.0,
0.0,
0.0,
0.0,
0.0,
0.0,
0.0,
0.0,
0.0,
0.0,
0.0,
0.0,
0.0,
0.0,
0.0,
0.0,
0.0,
0.0,
0.0,
0.0,
0.0,
0.0,
0.0,
0.0,
0.0,
0.0,
0.0,
0.0,
0.0,
0.0,
0.0,
0.0,
0.0,
0.0,
0.0,
0.0,
0.0,
0.0,
0.0,
0.0,
0.0,
0.0,
0.0,
0.0,
0.0,
0.0,
0.0,
0.0,
0.0,
0.0,
0.0,
0.0,
0.0,
0.0,
0.0,
0.0,
0.0,
0.0,
0.0,
0.0,
0.0,
0.0,
0.0,
0.0,
0.0,
0.0,
0.0,
0.0,
0.0,
0.0,
0.0,
0.0,
0.0,
0.0,
0.0,
0.0,
0.0,
0.0,
0.0,
0.0,
0.0,
0.0,
0.0,
0.0,
0.0,
0.0,
0.0,
0.0,
0.0,
0.0,
0.0,
0.0,
0.0,
0.0,
0.0,
0.0,
0.0,
0.0,
0.0,
0.0,
0.0,
0.0,
0.0,
0.0,
0.0,
0.0,
0.0,
0.0,
0.0,
0.0,
0.0,
0.0,
0.0,
0.0,
0.0,
0.0,
0.0,
0.0,
0.0,
0.0,
0.0,
0.0,
0.0,
0.0,
0.0,
0.0,
0.0,
0.0,
0.0,
0.0,
0.0,
0.0,
0.0,
0.0,
0.0,
0.0,
0.0,
0.0,
0.0,
0.0,
0.0,
0.0,
0.0,
0.0,
0.0,
0.0,
0.0,
0.0,
0.0,
0.0,
0.0,
0.0,
0.0,
0.0,
0.0,
0.0,
0.0,
0.0,
0.0,
0.0,
0.0,
0.0,
0.0,
0.0,
0.0,
0.0,
0.0,
0.0,
0.0,
0.0,
0.0,
0.0,
0.0,
0.0,
0.0,
0.0,
0.0,
0.0,
0.0,
0.0,
0.0,
0.0,
0.0,
0.0,
0.0,
0.0,
0.0,
0.0,
0.0,
0.0,
0.0,
0.0,
0.0,
0.0,
0.0,
0.0,
0.0,
0.0,
0.0,
0.0,
0.0,
0.0,
0.0,
0.0,
0.0,
0.0,
0.0,
0.0,
0.0,
0.0,
0.0,
0.0,
0.0,
0.0,
0.0,
0.0,
0.0,
0.0,
0.0,
0.0,
0.0,
0.0,
0.0,
0.0,
0.0,
0.0,
0.0,
0.0,
0.0,
0.0,
0.0,
0.0,
0.0,
0.0,
0.0,
0.0,
0.0,
0.0,
0.0,
0.0,
0.0,
0.0,
0.0,
0.0,
0.0,
0.0,
0.0,
0.0,
0.0,
0.0,
0.0,
0.0,
0.0,
0.0,
0.0,
0.0,
0.0,
0.0,
0.0,
0.0,
0.0,
0.0,
0.0,
0.0,
0.0,
0.0,
0.0,
0.0,
0.0,
0.0,
0.0,
0.0,
0.0,
0.0,
0.0,
0.0,
0.0,
0.0,
0.0,
0.0,
0.0,
0.0,
0.0,
0.0,
0.0,
0.0,
0.0,
0.0,
0.0,
0.0,
0.0,
0.0,
0.0,
0.0,
0.0,
0.0,
0.0,
0.0,
0.0,
0.0,
0.0,
0.0,
0.0,
0.0,
0.0,
0.0,
0.0,
0.0,
0.0,
0.0,
0.0,
0.0,
0.0,
0.0,
0.0,
0.0,
0.0,
0.0,
0.0,
0.0,
0.0,
0.0,
0.0,
0.0,
0.0,
0.0,
0.0,
0.0,
0.0,
0.0,
0.0,
0.0,
0.0,
0.0,
0.0,
0.0,
0.0,
0.0,
0.0,
0.0,
0.0,
0.0,
0.0,
0.0,
0.0,
0.0,
0.0,
0.0,
0.0,
0.0,
0.0,
0.0,
0.0,
0.0,
0.0,
0.0,
0.0,
0.0,
0.0,
0.0,
0.0,
0.0,
0.0,
0.0,
0.0,
0.0,
0.0,
0.0,
0.0,
0.0,
0.0,
0.0,
0.0,
0.0,
0.0,
0.0,
0.0,
0.0,
0.0,
0.0,
0.0,
0.0,
0.0,
0.0,
0.0,
0.0,
0.0,
0.0,
0.0,
0.0,
0.0,
0.0,
0.0,
0.0,
0.0,
0.0,
0.0,
0.0,
0.0,
0.0,
0.0,
0.0,
0.0,
0.0,
0.0,
0.0,
0.0,
0.0,
0.0,
0.0,
0.0,
0.0,
0.0,
0.0,
0.0,
0.0,
0.0,
0.0,
0.0,
0.0,
0.0,
0.0,
0.0,
0.0,
0.0,
0.0,
0.0,
0.0,
0.0,
0.0,
0.0,
0.0,
0.0,
0.0,
0.0,
0.0,
0.0,
0.0,
0.0,
0.0,
0.0,
0.0,
0.0,
0.0,
0.0,
0.0,
0.0,
0.0,
0.0,
0.0,
0.0,
0.0,
0.0,
0.0,
0.0,
0.0,
0.0,
0.0,
0.0,
0.0,
0.0,
0.0,
0.0,
0.0,
0.0,
0.0,
0.0,
0.0,
0.0,
0.0,
0.0,
0.0,
0.0,
0.0,
0.0,
0.0,
0.0,
0.0,
0.0,
0.0,
0.0,
0.0,
0.0,
0.0,
0.0,
0.0,
0.0,
0.0,
0.0,
0.0,
0.0,
0.0,
0.0,
0.0,
0.0,
0.0,
0.0,
0.0,
0.0,
0.0,
0.0,
0.0,
0.0,
0.0,
0.0,
0.0,
0.0,
0.0,
0.0,
0.0,
0.0,
0.0,
0.0,
0.0,
0.0,
0.0,
0.0,
0.0,
0.0,
0.0,
0.0,
0.0,
0.0,
0.0,
0.0,
0.0,
0.0,
0.0,
0.0,
0.0,
0.0,
0.0,
0.0,
0.0,
0.0,
0.0,
0.0,
0.0,
0.0,
0.0,
0.0,
0.0,
0.0,
0.0,
0.0,
0.0,
0.0,
0.0,
0.0,
0.0,
0.0,
0.0,
0.0,
0.0,
0.0,
0.0,
0.0,
0.0,
0.0,
0.0,
0.0,
0.0,
0.0,
0.0,
0.0,
0.0,
0.0,
0.0,
0.0,
0.0,
0.0,
0.0,
0.0,
0.0,
0.0,
0.0,
0.0,
0.0,
0.0,
0.0,
0.0,
0.0,
0.0,
0.0,
0.0,
0.0,
0.0,
0.0,
0.0,
0.0,
0.0,
0.0,
0.0,
0.0,
0.0,
0.0,
0.0,
0.0,
0.0,
0.0,
0.0,
0.0,
0.0,
0.0,
0.0,
0.0,
0.0,
0.0,
0.0,
0.0,
0.0,
0.0,
0.0,
0.0,
0.0,
0.0,
0.0,
0.0,
0.0,
0.0,
0.0,
0.0,
0.0,
0.0,
0.0,
0.0,
0.0,
0.0,
0.0,
0.0,
0.0,
0.0,
0.0,
0.0,
0.0,
0.0,
0.0,
0.0,
0.0,
0.0,
0.0,
0.0,
0.0,
0.0,
0.0,
0.0,
0.0,
0.0,
0.0,
0.0,
0.0,
0.0,
0.0,
0.0,
0.0,
0.0,
0.0,
0.0,
0.0,
0.0,
0.0,
0.0,
0.0,
0.0,
0.0,
0.0,
0.0,
0.0,
0.0,
0.0,
0.0,
0.0,
0.0,
0.0,
0.0,
0.0,
0.0,
0.0,
0.0,
0.0,
0.0,
0.0,
0.0,
0.0,
0.0,
0.0,
0.0,
0.0,
0.0,
0.0,
0.0,
0.0,
0.0,
0.0,
0.0,
0.0,
0.0,
0.0,
0.0,
0.0,
0.0,
0.0,
0.0,
0.0,
0.0,
0.0,
0.0,
0.0,
0.0,
0.0,
0.0,
0.0,
0.0,
0.0,
0.0,
0.0,
0.0,
0.0,
0.0,
0.0,
0.0,
0.0,
0.0,
0.0,
0.0,
0.0,
0.0,
0.0,
0.0,
0.0,
0.0,
0.0,
0.0,
0.0,
0.0,
0.0,
0.0,
0.0,
0.0,
0.0,
0.0,
0.0,
0.0,
0.0,
0.0,
0.0,
0.0,
0.0,
0.0,
0.0,
0.0,
0.0,
0.0,
0.0,
0.0,
0.0,
0.0,
0.0,
0.0,
0.0,
0.0,
0.0,
0.0,
0.0,
0.0,
0.0,
0.0,
0.0,
0.0,
0.0,
0.0,
0.0,
0.0,
0.0,
0.0,
0.0,
0.0,
0.0,
0.0,
0.0,
0.0,
0.0,
0.0,
0.0,
0.0,
0.0,
0.0,
0.0,
0.0,
0.0,
0.0,
0.0,
0.0,
0.0,
0.0,
0.0,
0.0,
0.0,
0.0,
0.0,
0.0,
0.0,
0.0,
0.0,
0.0,
0.0,
0.0,
0.0,
0.0,
