1.0676207542419434,
1.0712759494781494,
1.0723142623901367,
1.0728365182876587,
1.0736918449401855,
1.073803424835205,
1.0738822221755981,
1.0739870071411133,
1.0740118026733398,
1.0739848613739014,
1.074135422706604,
1.0741063356399536,
1.074205994606018,
1.074235200881958,
1.0742466449737549,
1.074167013168335,
1.0741229057312012,
1.074052333831787,
1.0740305185317993,
1.0738840103149414,
1.0738284587860107,
1.073776125907898,
1.07353675365448,
1.073340654373169,
1.0734200477600098,
1.0732005834579468,
1.073232889175415,
1.0731710195541382,
1.0730276107788086,
1.072816252708435,
1.072616696357727,
1.0725442171096802,
1.0723416805267334,
1.0721843242645264,
1.0720486640930176,
1.0719116926193237,
1.0718629360198975,
1.0718214511871338,
1.0719248056411743,
1.0716813802719116,
1.0715980529785156,
1.0715105533599854,
1.071217656135559,
1.0710686445236206,
1.0710563659667969,
1.0708098411560059,
1.0707521438598633,
1.0705287456512451,
1.0702327489852905,
1.070124626159668,
1.069993495941162,
1.0698102712631226,
1.0697215795516968,
1.0694732666015625,
1.069350242614746,
1.0692100524902344,
1.067647099494934,
1.0687823295593262,
1.0685412883758545,
1.0683010816574097,
1.068276047706604,
1.0681763887405396,
1.0678682327270508,
1.0676710605621338,
1.0675294399261475,
1.0673089027404785,
1.0671741962432861,
1.0670427083969116,
1.0667370557785034,
1.0665231943130493,
1.066361427307129,
1.0660640001296997,
1.0658406019210815,
1.0657086372375488,
1.065535068511963,
1.0652861595153809,
1.0651172399520874,
1.0647859573364258,
1.064558744430542,
1.0643101930618286,
1.0641776323318481,
1.0640145540237427,
1.0636652708053589,
1.0634329319000244,
1.0632891654968262,
1.0630959272384644,
1.0628846883773804,
1.0629258155822754,
1.0625550746917725,
1.0623972415924072,
1.0622310638427734,
1.0618886947631836,
1.0616552829742432,
1.0615888833999634,
1.061227560043335,
1.061025619506836,
1.0607482194900513,
1.0604580640792847,
1.0602171421051025,
1.0600308179855347,
1.0597853660583496,
1.059662938117981,
1.0592608451843262,
1.0590331554412842,
1.0587767362594604,
1.0584226846694946,
1.0582422018051147,
1.0580674409866333,
1.0577447414398193,
1.056416392326355,
1.0574792623519897,
1.0571311712265015,
1.0568568706512451,
1.0568275451660156,
1.0563971996307373,
1.056114673614502,
1.0558863878250122,
1.0554217100143433,
1.0551786422729492,
1.0550334453582764,
1.0546331405639648,
1.0543410778045654,
1.0542232990264893,
1.053887128829956,
1.0536423921585083,
1.053405523300171,
1.053078293800354,
1.0527814626693726,
1.0524226427078247,
1.0521501302719116,
1.0519050359725952,
1.0516642332077026,
1.0514382123947144,
1.0511186122894287,
1.0507351160049438,
1.0506293773651123,
1.050275444984436,
1.0500049591064453,
1.04966139793396,
1.0496625900268555,
1.0493093729019165,
1.0490431785583496,
1.0488659143447876,
1.04847252368927,
1.0482147932052612,
1.0480022430419922,
1.0470107793807983,
1.0473291873931885,
1.0471738576889038,
1.0468164682388306,
1.0464898347854614,
1.0462580919265747,
1.0458568334579468,
1.045540452003479,
1.045313835144043,
1.0449559688568115,
1.0446648597717285,
1.0443964004516602,
1.0440306663513184,
1.0438756942749023,
1.043595552444458,
1.0432370901107788,
1.0429887771606445,
1.0426702499389648,
1.0423827171325684,
1.042062759399414,
1.0417200326919556,
1.0413694381713867,
1.0410534143447876,
1.0407767295837402,
1.0405036211013794,
1.0403136014938354,
1.0399683713912964,
1.0397608280181885,
1.0393056869506836,
1.039129614830017,
1.0388849973678589,
1.038646936416626,
1.0380775928497314,
1.0380083322525024,
1.0378291606903076,
1.0373966693878174,
1.0370886325836182,
1.0366730690002441,
1.0364736318588257,
1.0362930297851562,
1.0358704328536987,
1.0351133346557617,
1.035298228263855,
1.0351200103759766,
1.0346298217773438,
1.0344616174697876,
1.0333887338638306,
1.0331615209579468,
1.0334320068359375,
1.0332021713256836,
1.0329660177230835,
1.0325424671173096,
1.0318056344985962,
1.032042384147644,
1.0315582752227783,
1.0310848951339722,
1.031039834022522,
1.0308014154434204,
1.0298413038253784,
1.029933214187622,
1.0297516584396362,
1.0288145542144775,
1.029319405555725,
1.028455138206482,
1.028354525566101,
1.027289628982544,
1.028017520904541,
1.0273600816726685,
1.0271532535552979,
1.0268378257751465,
1.0258394479751587,
1.0261591672897339,
1.0250239372253418,
1.02510666847229,
1.0252690315246582,
1.0250046253204346,
1.0243606567382812,
1.02406644821167,
1.0242384672164917,
1.0233047008514404,
1.0231620073318481,
1.0226913690567017,
1.0220513343811035,
1.0220434665679932,
1.0211677551269531,
1.0210249423980713,
1.021218180656433,
1.0202066898345947,
1.0200964212417603,
1.0200263261795044,
1.0197360515594482,
1.019529938697815,
1.0188614130020142,
1.018823504447937,
1.01825749874115,
1.0178951025009155,
1.0175912380218506,
1.0175825357437134,
1.0167065858840942,
1.0166842937469482,
1.0163013935089111,
1.0161559581756592,
1.015437364578247,
1.015283465385437,
1.014891505241394,
1.0144885778427124,
1.0144885778427124,
1.0116060972213745,
1.011999249458313,
1.0120463371276855,
1.0122783184051514,
1.012644648551941,
1.012418508529663,
1.0118547677993774,
1.0119047164916992,
1.011340856552124,
1.0112119913101196,
1.009840726852417,
1.0108195543289185,
1.0102556943893433,
1.0093657970428467,
1.0093923807144165,
1.0092275142669678,
1.0094956159591675,
1.0084686279296875,
1.008677363395691,
1.0084172487258911,
1.0081300735473633,
1.0077826976776123,
1.0069100856781006,
1.0069448947906494,
1.006653070449829,
1.005720615386963,
1.006101369857788,
1.0056877136230469,
1.0053656101226807,
1.005333662033081,
1.0050636529922485,
1.0039466619491577,
1.0030912160873413,
1.002600073814392,
1.0030959844589233,
1.0026251077651978,
1.001786231994629,
1.0019551515579224,
1.001327633857727,
1.0008702278137207,
1.000830054283142,
1.0000653266906738,
0.9998339414596558,
0.9993573427200317,
0.999085545539856,
0.9988436698913574,
0.9984503388404846,
0.9973604083061218,
0.9975630044937134,
0.9976440668106079,
0.9967415928840637,
0.9963046908378601,
0.9960153102874756,
0.9961373209953308,
0.9954157471656799,
0.9948593378067017,
0.9939029216766357,
0.9936293959617615,
0.9931947588920593,
0.9928630590438843,
0.9924308061599731,
0.9920709729194641,
0.9914242625236511,
0.9912683963775635,
0.9910721778869629,
0.9904789924621582,
0.9892218708992004,
0.9893380999565125,
0.9891199469566345,
0.9885488152503967,
0.9873843193054199,
0.9876827001571655,
0.9866187572479248,
0.9865469336509705,
0.9860374331474304,
0.9860210418701172,
0.9845000505447388,
0.9849624037742615,
0.9839314222335815,
0.9836702942848206,
0.9833511710166931,
0.9825047254562378,
0.9821540713310242,
0.9818336367607117,
0.9810024499893188,
0.9806681275367737,
0.9798107743263245,
0.9796331524848938,
0.9791296720504761,
0.9788342118263245,
0.9781937599182129,
0.9777550101280212,
0.9767593741416931,
0.9758461117744446,
0.9757931232452393,
0.975235641002655,
0.9747393131256104,
0.9739336967468262,
0.9741036295890808,
0.9732634425163269,
0.9723504185676575,
0.9718922972679138,
0.9713438153266907,
0.9709998369216919,
0.9708376526832581,
0.970145583152771,
0.9694294929504395,
0.968326985836029,
0.9681819081306458,
0.9674596786499023,
0.9667229056358337,
0.9660642147064209,
0.9655010104179382,
0.9648324251174927,
0.9642218351364136,
0.9638711810112,
0.9641525149345398,
0.9629138112068176,
0.9623092412948608,
0.9617619514465332,
0.9609145522117615,
0.9602034091949463,
0.9584877490997314,
0.9591544270515442,
0.9585163593292236,
0.9575183987617493,
0.9569681286811829,
0.9562068581581116,
0.9559351801872253,
0.9548687934875488,
0.9547631144523621,
0.9542974829673767,
0.9533301591873169,
0.9523120522499084,
0.9519259929656982,
0.9512616395950317,
0.9505883455276489,
0.9500082731246948,
0.9492698311805725,
0.9482570886611938,
0.9475213289260864,
0.9472671151161194,
0.9464300274848938,
0.9457399845123291,
0.9443516731262207,
0.9444438219070435,
0.9437335133552551,
0.9433079361915588,
0.942110538482666,
0.9413167834281921,
0.9402514100074768,
0.9398254156112671,
0.9391028881072998,
0.9381898045539856,
0.9373902678489685,
0.9367170333862305,
0.9361017346382141,
0.9351069927215576,
0.9342011213302612,
0.9333239793777466,
0.9326741695404053,
0.9315699338912964,
0.9310459494590759,
0.9298059344291687,
0.9286957383155823,
0.9282378554344177,
0.927187442779541,
0.9261260032653809,
0.925242006778717,
0.9241104125976562,
0.922929048538208,
0.9223307371139526,
0.9215149283409119,
0.9203223586082458,
0.9191003441810608,
0.9181735515594482,
0.9169333577156067,
0.9160774946212769,
0.9150288105010986,
0.9126930236816406,
0.9129780530929565,
0.9114677309989929,
0.9100551009178162,
0.9090689420700073,
0.9078668355941772,
0.9062689542770386,
0.9051311612129211,
0.9040352702140808,
0.9027938842773438,
0.9014186263084412,
0.8999887108802795,
0.8984882831573486,
0.8968766331672668,
0.8955039978027344,
0.8941848278045654,
0.8929575085639954,
0.8912127017974854,
0.8900455832481384,
0.888204038143158,
0.8867790102958679,
0.8851533532142639,
0.8838341236114502,
0.882498025894165,
0.8809933662414551,
0.87973952293396,
0.8779143691062927,
0.876695990562439,
0.874889612197876,
0.8733841776847839,
0.8716871738433838,
0.8698903918266296,
0.8682102560997009,
0.8665472269058228,
0.864870011806488,
0.8634411096572876,
0.8619800209999084,
0.8601714968681335,
0.8586662411689758,
0.8571017384529114,
0.8554771542549133,
0.8538739085197449,
0.8523385524749756,
0.8490296602249146,
0.8490248918533325,
0.8474112749099731,
0.845744252204895,
0.8441792130470276,
0.8426288366317749,
0.8408601880073547,
0.839280903339386,
0.8376310467720032,
0.8360149264335632,
0.8343394994735718,
0.8330567479133606,
0.8312795162200928,
0.8297144770622253,
0.8277758955955505,
0.8262036442756653,
0.8262036442756653,
0.0,
0.0,
0.0,
0.0,
0.0,
0.0,
0.0,
0.0,
0.0,
0.0,
0.0,
0.0,
0.0,
0.0,
0.0,
0.0,
0.0,
0.0,
0.0,
0.0,
0.0,
0.0,
0.0,
0.0,
0.0,
0.0,
0.0,
0.0,
0.0,
0.0,
0.0,
0.0,
0.0,
0.0,
0.0,
0.0,
0.0,
0.0,
0.0,
0.0,
0.0,
0.0,
0.0,
0.0,
0.0,
0.0,
0.0,
0.0,
0.0,
0.0,
0.0,
0.0,
0.0,
0.0,
0.0,
0.0,
0.0,
0.0,
0.0,
0.0,
0.0,
0.0,
0.0,
0.0,
0.0,
0.0,
0.0,
0.0,
0.0,
0.0,
0.0,
0.0,
0.0,
0.0,
0.0,
0.0,
0.0,
0.0,
0.0,
0.0,
0.0,
0.0,
0.0,
0.0,
0.0,
0.0,
0.0,
0.0,
0.0,
0.0,
0.0,
0.0,
0.0,
0.0,
0.0,
0.0,
0.0,
0.0,
0.0,
0.0,
0.0,
0.0,
0.0,
0.0,
0.0,
0.0,
0.0,
0.0,
0.0,
0.0,
0.0,
0.0,
0.0,
0.0,
0.0,
0.0,
0.0,
0.0,
0.0,
0.0,
0.0,
0.0,
0.0,
0.0,
0.0,
0.0,
0.0,
0.0,
0.0,
0.0,
0.0,
0.0,
0.0,
0.0,
0.0,
0.0,
0.0,
0.0,
0.0,
0.0,
0.0,
0.0,
0.0,
0.0,
0.0,
0.0,
0.0,
0.0,
0.0,
0.0,
0.0,
0.0,
0.0,
0.0,
0.0,
0.0,
0.0,
0.0,
0.0,
0.0,
0.0,
0.0,
0.0,
0.0,
0.0,
0.0,
0.0,
0.0,
0.0,
0.0,
0.0,
0.0,
0.0,
0.0,
0.0,
0.0,
0.0,
0.0,
0.0,
0.0,
0.0,
0.0,
0.0,
0.0,
0.0,
0.0,
0.0,
0.0,
0.0,
0.0,
0.0,
0.0,
0.0,
0.0,
0.0,
0.0,
0.0,
0.0,
0.0,
0.0,
0.0,
0.0,
0.0,
0.0,
0.0,
0.0,
0.0,
0.0,
0.0,
0.0,
0.0,
0.0,
0.0,
0.0,
0.0,
0.0,
0.0,
0.0,
0.0,
0.0,
0.0,
0.0,
0.0,
0.0,
0.0,
0.0,
0.0,
0.0,
0.0,
0.0,
0.0,
0.0,
0.0,
0.0,
0.0,
0.0,
0.0,
0.0,
0.0,
0.0,
0.0,
0.0,
0.0,
0.0,
0.0,
0.0,
0.0,
0.0,
0.0,
0.0,
0.0,
0.0,
0.0,
0.0,
0.0,
0.0,
0.0,
0.0,
0.0,
0.0,
0.0,
0.0,
0.0,
0.0,
0.0,
0.0,
0.0,
0.0,
0.0,
0.0,
0.0,
0.0,
0.0,
0.0,
0.0,
0.0,
0.0,
0.0,
0.0,
0.0,
0.0,
0.0,
0.0,
0.0,
0.0,
0.0,
0.0,
0.0,
0.0,
0.0,
0.0,
0.0,
0.0,
0.0,
0.0,
0.0,
0.0,
0.0,
0.0,
0.0,
0.0,
0.0,
0.0,
0.0,
0.0,
0.0,
0.0,
0.0,
0.0,
0.0,
0.0,
0.0,
0.0,
0.0,
0.0,
0.0,
0.0,
0.0,
0.0,
0.0,
0.0,
0.0,
0.0,
0.0,
0.0,
0.0,
0.0,
0.0,
0.0,
0.0,
0.0,
0.0,
0.0,
0.0,
0.0,
0.0,
0.0,
0.0,
0.0,
0.0,
0.0,
0.0,
0.0,
0.0,
0.0,
0.0,
0.0,
0.0,
0.0,
0.0,
0.0,
0.0,
0.0,
0.0,
0.0,
0.0,
0.0,
0.0,
0.0,
0.0,
0.0,
0.0,
0.0,
0.0,
0.0,
0.0,
0.0,
0.0,
0.0,
0.0,
0.0,
0.0,
0.0,
0.0,
0.0,
0.0,
0.0,
0.0,
0.0,
0.0,
0.0,
0.0,
0.0,
0.0,
0.0,
0.0,
0.0,
0.0,
0.0,
0.0,
0.0,
0.0,
0.0,
0.0,
0.0,
0.0,
0.0,
0.0,
0.0,
0.0,
0.0,
0.0,
0.0,
0.0,
0.0,
0.0,
0.0,
0.0,
0.0,
0.0,
0.0,
0.0,
0.0,
0.0,
0.0,
0.0,
0.0,
0.0,
0.0,
0.0,
0.0,
0.0,
0.0,
0.0,
0.0,
0.0,
0.0,
0.0,
0.0,
0.0,
0.0,
0.0,
0.0,
0.0,
0.0,
0.0,
0.0,
0.0,
0.0,
0.0,
0.0,
0.0,
0.0,
0.0,
0.0,
0.0,
0.0,
0.0,
0.0,
0.0,
0.0,
0.0,
0.0,
0.0,
0.0,
0.0,
0.0,
0.0,
0.0,
0.0,
0.0,
0.0,
0.0,
0.0,
0.0,
0.0,
0.0,
0.0,
0.0,
0.0,
0.0,
0.0,
0.0,
0.0,
0.0,
0.0,
0.0,
0.0,
0.0,
0.0,
0.0,
0.0,
0.0,
0.0,
0.0,
0.0,
0.0,
0.0,
0.0,
0.0,
0.0,
0.0,
0.0,
0.0,
0.0,
0.0,
0.0,
0.0,
0.0,
0.0,
0.0,
0.0,
0.0,
0.0,
0.0,
0.0,
0.0,
0.0,
0.0,
0.0,
0.0,
0.0,
0.0,
0.0,
0.0,
0.0,
0.0,
0.0,
0.0,
0.0,
0.0,
0.0,
0.0,
0.0,
0.0,
0.0,
0.0,
0.0,
0.0,
0.0,
0.0,
0.0,
0.0,
0.0,
0.0,
0.0,
0.0,
0.0,
0.0,
0.0,
0.0,
0.0,
0.0,
0.0,
0.0,
0.0,
0.0,
0.0,
0.0,
0.0,
0.0,
0.0,
0.0,
0.0,
0.0,
0.0,
0.0,
0.0,
0.0,
0.0,
0.0,
0.0,
0.0,
0.0,
0.0,
0.0,
0.0,
0.0,
0.0,
0.0,
0.0,
0.0,
0.0,
0.0,
0.0,
0.0,
0.0,
0.0,
0.0,
0.0,
0.0,
0.0,
0.0,
0.0,
0.0,
0.0,
0.0,
0.0,
0.0,
0.0,
0.0,
0.0,
0.0,
0.0,
0.0,
0.0,
0.0,
0.0,
0.0,
0.0,
0.0,
0.0,
0.0,
0.0,
0.0,
0.0,
0.0,
0.0,
0.0,
0.0,
0.0,
0.0,
0.0,
0.0,
0.0,
0.0,
0.0,
0.0,
0.0,
0.0,
0.0,
0.0,
0.0,
0.0,
0.0,
0.0,
0.0,
0.0,
0.0,
0.0,
0.0,
0.0,
0.0,
0.0,
0.0,
0.0,
0.0,
0.0,
0.0,
0.0,
0.0,
0.0,
0.0,
0.0,
0.0,
0.0,
0.0,
0.0,
0.0,
0.0,
0.0,
0.0,
0.0,
0.0,
0.0,
0.0,
0.0,
0.0,
0.0,
0.0,
0.0,
0.0,
0.0,
0.0,
0.0,
0.0,
0.0,
0.0,
0.0,
0.0,
0.0,
0.0,
0.0,
0.0,
0.0,
0.0,
0.0,
0.0,
0.0,
0.0,
0.0,
0.0,
0.0,
0.0,
0.0,
0.0,
0.0,
0.0,
0.0,
0.0,
0.0,
0.0,
0.0,
0.0,
0.0,
0.0,
0.0,
0.0,
0.0,
0.0,
0.0,
0.0,
0.0,
0.0,
0.0,
0.0,
0.0,
0.0,
0.0,
0.0,
0.0,
0.0,
0.0,
0.0,
0.0,
0.0,
0.0,
0.0,
0.0,
0.0,
0.0,
0.0,
0.0,
0.0,
0.0,
0.0,
0.0,
0.0,
0.0,
0.0,
0.0,
0.0,
0.0,
0.0,
0.0,
0.0,
0.0,
0.0,
0.0,
0.0,
0.0,
0.0,
0.0,
0.0,
0.0,
0.0,
0.0,
0.0,
0.0,
0.0,
0.0,
0.0,
0.0,
0.0,
0.0,
0.0,
0.0,
0.0,
0.0,
0.0,
0.0,
0.0,
0.0,
0.0,
0.0,
0.0,
0.0,
0.0,
0.0,
0.0,
0.0,
0.0,
0.0,
0.0,
0.0,
0.0,
0.0,
0.0,
0.0,
0.0,
0.0,
0.0,
0.0,
0.0,
0.0,
0.0,
0.0,
0.0,
0.0,
0.0,
0.0,
0.0,
0.0,
0.0,
0.0,
0.0,
0.0,
0.0,
0.0,
0.0,
0.0,
0.0,
0.0,
0.0,
0.0,
0.0,
0.0,
0.0,
0.0,
0.0,
0.0,
0.0,
0.0,
0.0,
0.0,
0.0,
0.0,
0.0,
0.0,
0.0,
0.0,
0.0,
0.0,
0.0,
0.0,
0.0,
0.0,
0.0,
0.0,
0.0,
0.0,
0.0,
0.0,
0.0,
0.0,
0.0,
0.0,
0.0,
0.0,
0.0,
0.0,
0.0,
0.0,
0.0,
0.0,
0.0,
0.0,
0.0,
0.0,
0.0,
0.0,
0.0,
0.0,
0.0,
0.0,
0.0,
0.0,
0.0,
0.0,
0.0,
0.0,
0.0,
0.0,
0.0,
0.0,
0.0,
0.0,
0.0,
0.0,
0.0,
0.0,
0.0,
0.0,
0.0,
0.0,
0.0,
0.0,
0.0,
0.0,
0.0,
0.0,
0.0,
0.0,
0.0,
0.0,
0.0,
0.0,
0.0,
0.0,
0.0,
0.0,
0.0,
0.0,
0.0,
0.0,
0.0,
0.0,
0.0,
0.0,
0.0,
0.0,
0.0,
0.0,
0.0,
0.0,
0.0,
0.0,
0.0,
0.0,
0.0,
0.0,
0.0,
0.0,
0.0,
0.0,
0.0,
0.0,
0.0,
0.0,
0.0,
0.0,
0.0,
0.0,
0.0,
0.0,
0.0,
0.0,
0.0,
0.0,
0.0,
0.0,
0.0,
0.0,
0.0,
0.0,
0.0,
0.0,
0.0,
0.0,
0.0,
0.0,
0.0,
0.0,
0.0,
0.0,
0.0,
0.0,
0.0,
0.0,
0.0,
0.0,
0.0,
0.0,
0.0,
0.0,
0.0,
0.0,
0.0,
0.0,
0.0,
0.0,
0.0,
0.0,
0.0,
0.0,
0.0,
0.0,
0.0,
0.0,
0.0,
0.0,
0.0,
0.0,
0.0,
0.0,
0.0,
0.0,
0.0,
0.0,
0.0,
0.0,
0.0,
0.0,
0.0,
0.0,
0.0,
0.0,
0.0,
0.0,
0.0,
0.0,
0.0,
0.0,
0.0,
0.0,
0.0,
0.0,
0.0,
0.0,
0.0,
0.0,
0.0,
0.0,
0.0,
0.0,
0.0,
0.0,
0.0,
0.0,
0.0,
0.0,
0.0,
0.0,
0.0,
0.0,
0.0,
0.0,
0.0,
0.0,
0.0,
0.0,
0.0,
0.0,
0.0,
0.0,
0.0,
0.0,
0.0,
0.0,
0.0,
0.0,
0.0,
0.0,
0.0,
0.0,
0.0,
0.0,
0.0,
0.0,
0.0,
0.0,
0.0,
0.0,
0.0,
0.0,
0.0,
0.0,
0.0,
0.0,
0.0,
0.0,
0.0,
0.0,
0.0,
0.0,
0.0,
0.0,
0.0,
0.0,
0.0,
0.0,
0.0,
0.0,
0.0,
0.0,
0.0,
0.0,
0.0,
0.0,
0.0,
0.0,
0.0,
0.0,
0.0,
0.0,
0.0,
0.0,
0.0,
0.0,
0.0,
0.0,
0.0,
0.0,
0.0,
0.0,
0.0,
0.0,
0.0,
0.0,
0.0,
0.0,
0.0,
0.0,
0.0,
0.0,
0.0,
0.0,
0.0,
0.0,
0.0,
0.0,
0.0,
0.0,
0.0,
0.0,
0.0,
0.0,
0.0,
0.0,
0.0,
0.0,
0.0,
0.0,
0.0,
0.0,
0.0,
0.0,
0.0,
0.0,
0.0,
0.0,
0.0,
0.0,
0.0,
0.0,
0.0,
0.0,
0.0,
0.0,
0.0,
0.0,
0.0,
0.0,
0.0,
0.0,
0.0,
0.0,
0.0,
0.0,
0.0,
0.0,
0.0,
0.0,
0.0,
0.0,
0.0,
0.0,
0.0,
0.0,
0.0,
0.0,
0.0,
0.0,
0.0,
0.0,
0.0,
0.0,
0.0,
0.0,
0.0,
0.0,
0.0,
0.0,
0.0,
0.0,
0.0,
0.0,
0.0,
0.0,
0.0,
0.0,
0.0,
0.0,
0.0,
0.0,
0.0,
0.0,
0.0,
0.0,
0.0,
0.0,
0.0,
0.0,
0.0,
0.0,
0.0,
0.0,
0.0,
0.0,
0.0,
0.0,
0.0,
0.0,
0.0,
0.0,
0.0,
0.0,
0.0,
0.0,
0.0,
0.0,
0.0,
0.0,
0.0,
0.0,
0.0,
0.0,
0.0,
0.0,
0.0,
0.0,
0.0,
0.0,
0.0,
0.0,
0.0,
0.0,
0.0,
0.0,
0.0,
0.0,
0.0,
0.0,
0.0,
0.0,
0.0,
0.0,
0.0,
0.0,
0.0,
0.0,
0.0,
0.0,
0.0,
0.0,
0.0,
0.0,
0.0,
0.0,
0.0,
0.0,
0.0,
0.0,
0.0,
0.0,
0.0,
0.0,
0.0,
0.0,
0.0,
0.0,
0.0,
0.0,
0.0,
0.0,
0.0,
0.0,
0.0,
0.0,
0.0,
0.0,
0.0,
0.0,
0.0,
0.0,
0.0,
0.0,
0.0,
0.0,
0.0,
0.0,
0.0,
0.0,
0.0,
0.0,
0.0,
0.0,
0.0,
0.0,
0.0,
0.0,
0.0,
0.0,
0.0,
0.0,
0.0,
0.0,
0.0,
0.0,
0.0,
0.0,
0.0,
0.0,
0.0,
0.0,
0.0,
0.0,
0.0,
0.0,
0.0,
0.0,
0.0,
0.0,
0.0,
0.0,
0.0,
0.0,
0.0,
0.0,
0.0,
0.0,
0.0,
0.0,
0.0,
0.0,
0.0,
0.0,
0.0,
0.0,
0.0,
0.0,
0.0,
0.0,
0.0,
0.0,
0.0,
0.0,
0.0,
0.0,
0.0,
0.0,
0.0,
0.0,
0.0,
0.0,
0.0,
0.0,
0.0,
0.0,
0.0,
0.0,
0.0,
0.0,
0.0,
0.0,
0.0,
0.0,
0.0,
0.0,
0.0,
0.0,
0.0,
0.0,
0.0,
0.0,
0.0,
0.0,
0.0,
0.0,
0.0,
0.0,
0.0,
0.0,
0.0,
0.0,
0.0,
0.0,
0.0,
0.0,
0.0,
0.0,
0.0,
0.0,
0.0,
0.0,
0.0,
0.0,
0.0,
0.0,
0.0,
0.0,
0.0,
0.0,
0.0,
0.0,
0.0,
0.0,
0.0,
0.0,
0.0,
0.0,
0.0,
0.0,
0.0,
0.0,
0.0,
0.0,
0.0,
0.0,
0.0,
0.0,
0.0,
0.0,
0.0,
0.0,
0.0,
0.0,
0.0,
0.0,
0.0,
0.0,
0.0,
0.0,
0.0,
0.0,
0.0,
0.0,
0.0,
0.0,
0.0,
0.0,
0.0,
0.0,
0.0,
0.0,
0.0,
0.0,
0.0,
0.0,
0.0,
0.0,
0.0,
0.0,
0.0,
0.0,
0.0,
0.0,
0.0,
0.0,
0.0,
0.0,
0.0,
0.0,
0.0,
0.0,
0.0,
0.0,
0.0,
0.0,
0.0,
0.0,
0.0,
0.0,
0.0,
0.0,
0.0,
0.0,
0.0,
0.0,
0.0,
0.0,
0.0,
0.0,
0.0,
0.0,
0.0,
0.0,
0.0,
0.0,
0.0,
0.0,
0.0,
0.0,
0.0,
0.0,
0.0,
0.0,
0.0,
0.0,
0.0,
0.0,
0.0,
0.0,
0.0,
0.0,
0.0,
0.0,
0.0,
0.0,
0.0,
0.0,
0.0,
0.0,
0.0,
0.0,
0.0,
0.0,
0.0,
0.0,
0.0,
0.0,
0.0,
0.0,
0.0,
0.0,
0.0,
0.0,
0.0,
0.0,
0.0,
0.0,
0.0,
0.0,
0.0,
0.0,
0.0,
0.0,
0.0,
0.0,
0.0,
0.0,
0.0,
0.0,
0.0,
0.0,
0.0,
0.0,
0.0,
0.0,
0.0,
0.0,
0.0,
0.0,
0.0,
0.0,
0.0,
0.0,
0.0,
0.0,
0.0,
0.0,
0.0,
0.0,
0.0,
0.0,
0.0,
0.0,
0.0,
0.0,
0.0,
0.0,
0.0,
0.0,
0.0,
0.0,
0.0,
0.0,
0.0,
0.0,
0.0,
0.0,
0.0,
0.0,
0.0,
0.0,
0.0,
0.0,
0.0,
0.0,
0.0,
0.0,
0.0,
0.0,
0.0,
0.0,
0.0,
0.0,
0.0,
0.0,
0.0,
0.0,
0.0,
0.0,
0.0,
0.0,
0.0,
0.0,
0.0,
0.0,
0.0,
0.0,
0.0,
0.0,
0.0,
0.0,
0.0,
0.0,
0.0,
0.0,
0.0,
0.0,
0.0,
0.0,
0.0,
0.0,
0.0,
0.0,
0.0,
0.0,
0.0,
0.0,
0.0,
0.0,
0.0,
0.0,
0.0,
0.0,
0.0,
0.0,
0.0,
0.0,
0.0,
0.0,
0.0,
0.0,
0.0,
0.0,
0.0,
0.0,
0.0,
0.0,
0.0,
0.0,
0.0,
0.0,
0.0,
0.0,
0.0,
0.0,
0.0,
0.0,
0.0,
0.0,
0.0,
0.0,
0.0,
0.0,
0.0,
0.0,
0.0,
0.0,
0.0,
0.0,
0.0,
0.0,
0.0,
0.0,
0.0,
0.0,
0.0,
0.0,
0.0,
0.0,
0.0,
0.0,
0.0,
0.0,
0.0,
0.0,
0.0,
0.0,
0.0,
0.0,
0.0,
0.0,
0.0,
0.0,
0.0,
0.0,
0.0,
0.0,
0.0,
0.0,
0.0,
0.0,
0.0,
0.0,
0.0,
0.0,
0.0,
0.0,
0.0,
0.0,
0.0,
0.0,
0.0,
0.0,
0.0,
0.0,
0.0,
0.0,
0.0,
0.0,
0.0,
0.0,
0.0,
0.0,
0.0,
0.0,
0.0,
0.0,
0.0,
0.0,
0.0,
0.0,
0.0,
0.0,
0.0,
0.0,
0.0,
0.0,
0.0,
0.0,
0.0,
0.0,
0.0,
0.0,
0.0,
0.0,
0.0,
0.0,
0.0,
0.0,
0.0,
0.0,
0.0,
0.0,
0.0,
0.0,
0.0,
0.0,
0.0,
0.0,
0.0,
0.0,
0.0,
0.0,
0.0,
0.0,
0.0,
0.0,
0.0,
0.0,
0.0,
0.0,
0.0,
0.0,
0.0,
0.0,
0.0,
0.0,
0.0,
0.0,
0.0,
0.0,
0.0,
0.0,
0.0,
0.0,
0.0,
0.0,
0.0,
0.0,
0.0,
0.0,
0.0,
0.0,
0.0,
0.0,
0.0,
0.0,
0.0,
0.0,
0.0,
0.0,
0.0,
0.0,
0.0,
0.0,
0.0,
0.0,
0.0,
0.0,
0.0,
0.0,
0.0,
0.0,
0.0,
0.0,
0.0,
0.0,
0.0,
0.0,
0.0,
0.0,
0.0,
0.0,
0.0,
0.0,
0.0,
0.0,
0.0,
