1.06488835811615,
1.065646767616272,
1.0695887804031372,
1.070321798324585,
1.0722335577011108,
1.069981575012207,
1.0716193914413452,
1.069233775138855,
1.0705485343933105,
1.0731638669967651,
1.0726068019866943,
1.0736618041992188,
1.072788953781128,
1.0736632347106934,
1.0741997957229614,
1.0752620697021484,
1.0741626024246216,
1.075844168663025,
1.0723888874053955,
1.0745830535888672,
1.0747100114822388,
1.0735788345336914,
1.0755304098129272,
1.075924277305603,
1.0709103345870972,
1.0746946334838867,
1.0750083923339844,
1.0751594305038452,
1.0761996507644653,
1.0748902559280396,
1.0751378536224365,
1.0760332345962524,
1.0762125253677368,
1.076104998588562,
1.0762650966644287,
1.0755733251571655,
1.0762722492218018,
1.0763760805130005,
1.0756953954696655,
1.076348900794983,
1.0767114162445068,
1.0750622749328613,
1.0763442516326904,
1.076511025428772,
1.0748659372329712,
1.076132893562317,
1.076035976409912,
1.0746126174926758,
1.0760502815246582,
1.0758882761001587,
1.0754872560501099,
1.0764638185501099,
1.0761734247207642,
1.0755800008773804,
1.075986385345459,
1.0760222673416138,
1.0759700536727905,
1.075948715209961,
1.074918270111084,
1.0758452415466309,
1.0759656429290771,
1.074700117111206,
1.0756723880767822,
1.0757962465286255,
1.074649453163147,
1.0757660865783691,
1.0759178400039673,
1.0746865272521973,
1.0757155418395996,
1.075630784034729,
1.0748932361602783,
1.075360655784607,
1.0755488872528076,
1.0750113725662231,
1.0756853818893433,
1.075169324874878,
1.075193166732788,
1.0755850076675415,
1.0744231939315796,
1.075190544128418,
1.0749869346618652,
1.0737413167953491,
1.0746310949325562,
1.0749173164367676,
1.0725363492965698,
1.0749319791793823,
1.0753319263458252,
1.0739244222640991,
1.0747312307357788,
1.0742384195327759,
1.0737981796264648,
1.0741655826568604,
1.074211835861206,
1.0741108655929565,
1.0743850469589233,
1.0733239650726318,
1.073592185974121,
1.0740922689437866,
1.0729008913040161,
1.0738370418548584,
1.073075294494629,
1.0722345113754272,
1.0732530355453491,
1.0734364986419678,
1.071891188621521,
1.073070764541626,
1.0728492736816406,
1.068543553352356,
1.066843867301941,
1.0642919540405273,
1.072402834892273,
1.0618821382522583,
1.0472896099090576,
1.0603996515274048,
1.0545010566711426,
1.0505892038345337,
1.053674340248108,
1.0648850202560425,
1.068469762802124,
1.0670316219329834,
1.0707250833511353,
1.0696552991867065,
1.0693167448043823,
1.0718852281570435,
1.0707974433898926,
1.071170687675476,
1.0707733631134033,
1.0705711841583252,
1.0707728862762451,
1.0686393976211548,
1.0709000825881958,
1.0709308385849,
1.070087194442749,
1.0708074569702148,
1.0710208415985107,
1.0694488286972046,
1.0703120231628418,
1.070236086845398,
1.0690360069274902,
1.069858193397522,
1.0690016746520996,
1.065049409866333,
1.0670685768127441,
1.059794545173645,
1.056397557258606,
1.065591812133789,
1.060559630393982,
1.0625702142715454,
1.0664482116699219,
1.0679585933685303,
1.0682531595230103,
1.0686068534851074,
1.0673942565917969,
1.0681978464126587,
1.0682220458984375,
1.0666106939315796,
1.067927598953247,
1.067851185798645,
1.0667192935943604,
1.067500352859497,
1.0677180290222168,
1.0663762092590332,
1.0671719312667847,
1.0670037269592285,
1.0662919282913208,
1.0667481422424316,
1.066062092781067,
1.0661675930023193,
1.0661793947219849,
1.0652002096176147,
1.0660172700881958,
1.0659507513046265,
1.0648579597473145,
1.065597653388977,
1.065439224243164,
1.0643250942230225,
1.0650585889816284,
1.0651898384094238,
1.063891887664795,
1.0646837949752808,
1.0642096996307373,
1.0639184713363647,
1.0643244981765747,
1.0640991926193237,
1.0635286569595337,
1.0635390281677246,
1.0631908178329468,
1.0635039806365967,
1.0634900331497192,
1.06242036819458,
1.0634552240371704,
1.0614935159683228,
1.0617395639419556,
1.0625627040863037,
1.062878966331482,
1.0612514019012451,
1.0622917413711548,
1.061780333518982,
1.060118317604065,
1.0607460737228394,
1.0604784488677979,
1.0606728792190552,
1.060603141784668,
1.0607072114944458,
1.0594260692596436,
1.060853123664856,
1.0599732398986816,
1.059889554977417,
1.059049129486084,
1.0592063665390015,
1.0595180988311768,
1.0600131750106812,
1.058626413345337,
1.0594459772109985,
1.0594642162322998,
1.0582528114318848,
1.0589650869369507,
1.0588563680648804,
1.057950496673584,
1.0586107969284058,
1.058644413948059,
1.058026909828186,
1.0580658912658691,
1.058013677597046,
1.0577361583709717,
1.0577937364578247,
1.056745171546936,
1.0565485954284668,
1.0564333200454712,
1.055299997329712,
1.056038737297058,
1.0565069913864136,
1.0458921194076538,
1.0532314777374268,
1.056410312652588,
1.0551210641860962,
1.0504523515701294,
1.0544990301132202,
1.0536020994186401,
1.054499864578247,
1.0550823211669922,
1.0547641515731812,
1.0550134181976318,
1.0538311004638672,
1.054389476776123,
1.0542957782745361,
1.0535835027694702,
1.0509250164031982,
1.0518218278884888,
1.0510764122009277,
1.0520278215408325,
1.0521894693374634,
1.0510280132293701,
1.0520011186599731,
1.051948070526123,
1.0497490167617798,
1.0505489110946655,
1.0505918264389038,
1.0505815744400024,
1.051560640335083,
1.0515315532684326,
1.0508745908737183,
1.049824595451355,
1.0498045682907104,
1.049199104309082,
1.0494364500045776,
1.0497087240219116,
1.0500818490982056,
1.0478945970535278,
1.047982096672058,
1.0473685264587402,
1.0499019622802734,
1.0485546588897705,
1.0493967533111572,
1.0495113134384155,
1.0482020378112793,
1.0489144325256348,
1.048264741897583,
1.0478978157043457,
1.0482580661773682,
1.0481206178665161,
1.0476350784301758,
1.0477311611175537,
1.0468281507492065,
1.0471335649490356,
1.0469990968704224,
1.045654535293579,
1.046203851699829,
1.0462371110916138,
1.0451828241348267,
1.0459420680999756,
1.045889139175415,
1.0446828603744507,
1.045450210571289,
1.0452927350997925,
1.0443929433822632,
1.0446574687957764,
1.044008731842041,
1.0438990592956543,
1.0427252054214478,
1.0430362224578857,
1.0435234308242798,
1.042151927947998,
1.0420364141464233,
1.0410906076431274,
1.042373776435852,
1.040151596069336,
1.0420501232147217,
1.041908860206604,
1.0407021045684814,
1.0398492813110352,
1.0409172773361206,
1.0389660596847534,
1.040341854095459,
1.0395973920822144,
1.0396114587783813,
1.0396733283996582,
1.0375057458877563,
1.0377475023269653,
1.0388479232788086,
1.0361515283584595,
1.037956953048706,
1.0378831624984741,
1.0364056825637817,
1.0371637344360352,
1.0371289253234863,
1.0358378887176514,
1.0361369848251343,
1.0358219146728516,
1.03562331199646,
1.0354151725769043,
1.0317367315292358,
1.0347567796707153,
1.0340055227279663,
1.0329478979110718,
1.0334855318069458,
1.0332611799240112,
1.0320554971694946,
1.0326405763626099,
1.032284140586853,
1.0317727327346802,
1.0320591926574707,
1.0311897993087769,
1.0303767919540405,
1.030136227607727,
1.0292567014694214,
1.029746174812317,
1.0296634435653687,
1.0281312465667725,
1.0286567211151123,
1.0283271074295044,
1.0268839597702026,
1.0271780490875244,
1.0267876386642456,
1.0258859395980835,
1.0261093378067017,
1.0254921913146973,
1.0248267650604248,
1.0246796607971191,
1.0235378742218018,
1.023742437362671,
1.0230422019958496,
1.0220623016357422,
1.0226296186447144,
1.0210915803909302,
1.0211334228515625,
1.0202609300613403,
1.0179154872894287,
1.0163333415985107,
1.019823670387268,
1.0188648700714111,
1.0185307264328003,
1.0184123516082764,
1.017015814781189,
1.0171705484390259,
1.0162663459777832,
1.0153559446334839,
1.0156965255737305,
1.0150352716445923,
1.009157657623291,
1.0140503644943237,
1.013131856918335,
1.0111547708511353,
1.0097472667694092,
1.0098003149032593,
1.010756015777588,
1.0101017951965332,
1.0079171657562256,
1.0092748403549194,
1.00751793384552,
1.0073400735855103,
1.00612473487854,
1.0065330266952515,
1.0053952932357788,
1.0028579235076904,
1.0048446655273438,
1.0038472414016724,
1.0021671056747437,
1.002241611480713,
0.9983377456665039,
0.9963681101799011,
0.9994082450866699,
1.0001683235168457,
0.999608039855957,
0.9977985620498657,
0.9938286542892456,
0.9970341324806213,
0.9962387681007385,
0.9952675104141235,
0.9941587448120117,
0.9935405850410461,
0.9930638074874878,
0.9882102608680725,
0.9916788339614868,
0.9909213185310364,
0.9892781376838684,
0.9893316030502319,
0.9886396527290344,
0.9868645071983337,
0.9839199781417847,
0.9853869080543518,
0.9846328496932983,
0.9836962223052979,
0.9823032021522522,
0.9816344380378723,
0.9808641672134399,
0.9792829751968384,
0.9786275625228882,
0.9754919409751892,
0.9755086898803711,
0.9755991697311401,
0.9735391736030579,
0.9703210592269897,
0.972612738609314,
0.9711049795150757,
0.9690278172492981,
0.9673188328742981,
0.9675871133804321,
0.9661767482757568,
0.9652349948883057,
0.9637817740440369,
0.9624220132827759,
0.9608728289604187,
0.9592228531837463,
0.9583572745323181,
0.957243800163269,
0.955361545085907,
0.9545240998268127,
0.9530646800994873,
0.95055091381073,
0.9499822854995728,
0.9487563371658325,
0.9463611841201782,
0.9448041319847107,
0.9438243508338928,
0.9392218589782715,
0.9405165314674377,
0.9390929937362671,
0.9369184374809265,
0.9358431696891785,
0.9337758421897888,
0.9320279359817505,
0.9296604990959167,
0.9294461607933044,
0.9270800948143005,
0.9257471561431885,
0.9236021041870117,
0.9219865798950195,
0.9204395413398743,
0.9188909530639648,
0.9166037440299988,
0.9152100682258606,
0.9135245680809021,
0.9113078713417053,
0.9105125069618225,
0.9082807302474976,
0.9065089821815491,
0.9051520228385925,
0.9033243656158447,
0.9015480875968933,
0.900201678276062,
0.8986082673072815,
0.8964447975158691,
0.894924521446228,
0.8932807445526123,
0.8914644122123718,
0.8901386857032776,
0.8881819248199463,
0.8861339092254639,
0.8847852945327759,
0.8833627700805664,
0.8815799355506897,
0.880506694316864,
0.8788741827011108,
0.8765814900398254,
0.8755450248718262,
0.874070942401886,
0.8717262148857117,
0.8703718781471252,
0.8681151866912842,
0.8667794466018677,
0.8652216196060181,
0.8642699122428894,
0.8621695041656494,
0.8604130148887634,
0.8576343655586243,
0.8554070591926575,
0.8551610112190247,
0.8535040616989136,
0.8516450524330139,
0.8495665192604065,
0.847812831401825,
0.8461359143257141,
0.8448411822319031,
0.8427865505218506,
0.8393840789794922,
0.8400493860244751,
0.8383051156997681,
0.8367636203765869,
0.8346714973449707,
0.8328230381011963,
0.8306095600128174,
0.8290117979049683,
0.8274835348129272,
0.8257073163986206,
0.8257073163986206,
0.8257073163986206,
0.0,
0.0,
0.0,
0.0,
0.0,
0.0,
0.0,
0.0,
0.0,
0.0,
0.0,
0.0,
0.0,
0.0,
0.0,
0.0,
0.0,
0.0,
0.0,
0.0,
0.0,
0.0,
0.0,
0.0,
0.0,
0.0,
0.0,
0.0,
0.0,
0.0,
0.0,
0.0,
0.0,
0.0,
0.0,
0.0,
0.0,
0.0,
0.0,
0.0,
0.0,
0.0,
0.0,
0.0,
0.0,
0.0,
0.0,
0.0,
0.0,
0.0,
0.0,
0.0,
0.0,
0.0,
0.0,
0.0,
0.0,
0.0,
0.0,
0.0,
0.0,
0.0,
0.0,
0.0,
0.0,
0.0,
0.0,
0.0,
0.0,
0.0,
0.0,
0.0,
0.0,
0.0,
0.0,
0.0,
0.0,
0.0,
0.0,
0.0,
0.0,
0.0,
0.0,
0.0,
0.0,
0.0,
0.0,
0.0,
0.0,
0.0,
0.0,
0.0,
0.0,
0.0,
0.0,
0.0,
0.0,
0.0,
0.0,
0.0,
0.0,
0.0,
0.0,
0.0,
0.0,
0.0,
0.0,
0.0,
0.0,
0.0,
0.0,
0.0,
0.0,
0.0,
0.0,
0.0,
0.0,
0.0,
0.0,
0.0,
0.0,
0.0,
0.0,
0.0,
0.0,
0.0,
0.0,
0.0,
0.0,
0.0,
0.0,
0.0,
0.0,
0.0,
0.0,
0.0,
0.0,
0.0,
0.0,
0.0,
0.0,
0.0,
0.0,
0.0,
0.0,
0.0,
0.0,
0.0,
0.0,
0.0,
0.0,
0.0,
0.0,
0.0,
0.0,
0.0,
0.0,
0.0,
0.0,
0.0,
0.0,
0.0,
0.0,
0.0,
0.0,
0.0,
0.0,
0.0,
0.0,
0.0,
0.0,
0.0,
0.0,
0.0,
0.0,
0.0,
0.0,
0.0,
0.0,
0.0,
0.0,
0.0,
0.0,
0.0,
0.0,
0.0,
0.0,
0.0,
0.0,
0.0,
0.0,
0.0,
0.0,
0.0,
0.0,
0.0,
0.0,
0.0,
0.0,
0.0,
0.0,
0.0,
0.0,
0.0,
0.0,
0.0,
0.0,
0.0,
0.0,
0.0,
0.0,
0.0,
0.0,
0.0,
0.0,
0.0,
0.0,
0.0,
0.0,
0.0,
0.0,
0.0,
0.0,
0.0,
0.0,
0.0,
0.0,
0.0,
0.0,
0.0,
0.0,
0.0,
0.0,
0.0,
0.0,
0.0,
0.0,
0.0,
0.0,
0.0,
0.0,
0.0,
0.0,
0.0,
0.0,
0.0,
0.0,
0.0,
0.0,
0.0,
0.0,
0.0,
0.0,
0.0,
0.0,
0.0,
0.0,
0.0,
0.0,
0.0,
0.0,
0.0,
0.0,
0.0,
0.0,
0.0,
0.0,
0.0,
0.0,
0.0,
0.0,
0.0,
0.0,
0.0,
0.0,
0.0,
0.0,
0.0,
0.0,
0.0,
0.0,
0.0,
0.0,
0.0,
0.0,
0.0,
0.0,
0.0,
0.0,
0.0,
0.0,
0.0,
0.0,
0.0,
0.0,
0.0,
0.0,
0.0,
0.0,
0.0,
0.0,
0.0,
0.0,
0.0,
0.0,
0.0,
0.0,
0.0,
0.0,
0.0,
0.0,
0.0,
0.0,
0.0,
0.0,
0.0,
0.0,
0.0,
0.0,
0.0,
0.0,
0.0,
0.0,
0.0,
0.0,
0.0,
0.0,
0.0,
0.0,
0.0,
0.0,
0.0,
0.0,
0.0,
0.0,
0.0,
0.0,
0.0,
0.0,
0.0,
0.0,
0.0,
0.0,
0.0,
0.0,
0.0,
0.0,
0.0,
0.0,
0.0,
0.0,
0.0,
0.0,
0.0,
0.0,
0.0,
0.0,
0.0,
0.0,
0.0,
0.0,
0.0,
0.0,
0.0,
0.0,
0.0,
0.0,
0.0,
0.0,
0.0,
0.0,
0.0,
0.0,
0.0,
0.0,
0.0,
0.0,
0.0,
0.0,
0.0,
0.0,
0.0,
0.0,
0.0,
0.0,
0.0,
0.0,
0.0,
0.0,
0.0,
0.0,
0.0,
0.0,
0.0,
0.0,
0.0,
0.0,
0.0,
0.0,
0.0,
0.0,
0.0,
0.0,
0.0,
0.0,
0.0,
0.0,
0.0,
0.0,
0.0,
0.0,
0.0,
0.0,
0.0,
0.0,
0.0,
0.0,
0.0,
0.0,
0.0,
0.0,
0.0,
0.0,
0.0,
0.0,
0.0,
0.0,
0.0,
0.0,
0.0,
0.0,
0.0,
0.0,
0.0,
0.0,
0.0,
0.0,
0.0,
0.0,
0.0,
0.0,
0.0,
0.0,
0.0,
0.0,
0.0,
0.0,
0.0,
0.0,
0.0,
0.0,
0.0,
0.0,
0.0,
0.0,
0.0,
0.0,
0.0,
0.0,
0.0,
0.0,
0.0,
0.0,
0.0,
0.0,
0.0,
0.0,
0.0,
0.0,
0.0,
0.0,
0.0,
0.0,
0.0,
0.0,
0.0,
0.0,
0.0,
0.0,
0.0,
0.0,
0.0,
0.0,
0.0,
0.0,
0.0,
0.0,
0.0,
0.0,
0.0,
0.0,
0.0,
0.0,
0.0,
0.0,
0.0,
0.0,
0.0,
0.0,
0.0,
0.0,
0.0,
0.0,
0.0,
0.0,
0.0,
0.0,
0.0,
0.0,
0.0,
0.0,
0.0,
0.0,
0.0,
0.0,
0.0,
0.0,
0.0,
0.0,
0.0,
0.0,
0.0,
0.0,
0.0,
0.0,
0.0,
0.0,
0.0,
0.0,
0.0,
0.0,
0.0,
0.0,
0.0,
0.0,
0.0,
0.0,
0.0,
0.0,
0.0,
0.0,
0.0,
0.0,
0.0,
0.0,
0.0,
0.0,
0.0,
0.0,
0.0,
0.0,
0.0,
0.0,
0.0,
0.0,
0.0,
0.0,
0.0,
0.0,
0.0,
0.0,
0.0,
0.0,
0.0,
0.0,
0.0,
0.0,
0.0,
0.0,
0.0,
0.0,
0.0,
0.0,
0.0,
0.0,
0.0,
0.0,
0.0,
0.0,
0.0,
0.0,
0.0,
0.0,
0.0,
0.0,
0.0,
0.0,
0.0,
0.0,
0.0,
0.0,
0.0,
0.0,
0.0,
0.0,
0.0,
0.0,
0.0,
0.0,
0.0,
0.0,
0.0,
0.0,
0.0,
0.0,
0.0,
0.0,
0.0,
0.0,
0.0,
0.0,
0.0,
0.0,
0.0,
0.0,
0.0,
0.0,
0.0,
0.0,
0.0,
0.0,
0.0,
0.0,
0.0,
0.0,
0.0,
0.0,
0.0,
0.0,
0.0,
0.0,
0.0,
0.0,
0.0,
0.0,
0.0,
0.0,
0.0,
0.0,
0.0,
0.0,
0.0,
0.0,
0.0,
0.0,
0.0,
0.0,
0.0,
0.0,
0.0,
0.0,
0.0,
0.0,
0.0,
0.0,
0.0,
0.0,
0.0,
0.0,
0.0,
0.0,
0.0,
0.0,
0.0,
0.0,
0.0,
0.0,
0.0,
0.0,
0.0,
0.0,
0.0,
0.0,
0.0,
0.0,
0.0,
0.0,
0.0,
0.0,
0.0,
0.0,
0.0,
0.0,
0.0,
0.0,
0.0,
0.0,
0.0,
0.0,
0.0,
0.0,
0.0,
0.0,
0.0,
0.0,
0.0,
0.0,
0.0,
0.0,
0.0,
0.0,
0.0,
0.0,
0.0,
0.0,
0.0,
0.0,
0.0,
0.0,
0.0,
0.0,
0.0,
0.0,
0.0,
0.0,
0.0,
0.0,
0.0,
0.0,
0.0,
0.0,
0.0,
0.0,
0.0,
0.0,
0.0,
0.0,
0.0,
0.0,
0.0,
0.0,
0.0,
0.0,
0.0,
0.0,
0.0,
0.0,
0.0,
0.0,
0.0,
0.0,
0.0,
0.0,
0.0,
0.0,
0.0,
0.0,
0.0,
0.0,
0.0,
0.0,
0.0,
0.0,
0.0,
0.0,
0.0,
0.0,
0.0,
0.0,
0.0,
0.0,
0.0,
0.0,
0.0,
0.0,
0.0,
0.0,
0.0,
0.0,
0.0,
0.0,
0.0,
0.0,
0.0,
0.0,
0.0,
0.0,
0.0,
0.0,
0.0,
0.0,
0.0,
0.0,
0.0,
0.0,
0.0,
0.0,
0.0,
0.0,
0.0,
0.0,
0.0,
0.0,
0.0,
0.0,
0.0,
0.0,
0.0,
0.0,
0.0,
0.0,
0.0,
0.0,
0.0,
0.0,
0.0,
0.0,
0.0,
0.0,
0.0,
0.0,
0.0,
0.0,
0.0,
0.0,
0.0,
0.0,
0.0,
0.0,
0.0,
0.0,
0.0,
0.0,
0.0,
0.0,
0.0,
0.0,
0.0,
0.0,
0.0,
0.0,
0.0,
0.0,
0.0,
0.0,
0.0,
0.0,
0.0,
0.0,
0.0,
0.0,
0.0,
0.0,
0.0,
0.0,
0.0,
0.0,
0.0,
0.0,
0.0,
0.0,
0.0,
0.0,
0.0,
0.0,
0.0,
0.0,
0.0,
0.0,
0.0,
0.0,
0.0,
0.0,
0.0,
0.0,
0.0,
0.0,
0.0,
0.0,
0.0,
0.0,
0.0,
0.0,
0.0,
0.0,
0.0,
0.0,
0.0,
0.0,
0.0,
0.0,
0.0,
0.0,
0.0,
0.0,
0.0,
0.0,
0.0,
0.0,
0.0,
0.0,
0.0,
0.0,
0.0,
0.0,
0.0,
0.0,
0.0,
0.0,
0.0,
0.0,
0.0,
0.0,
0.0,
0.0,
0.0,
0.0,
0.0,
0.0,
0.0,
0.0,
0.0,
0.0,
0.0,
0.0,
0.0,
0.0,
0.0,
0.0,
0.0,
0.0,
0.0,
0.0,
0.0,
0.0,
0.0,
0.0,
0.0,
0.0,
0.0,
0.0,
0.0,
0.0,
0.0,
0.0,
0.0,
0.0,
0.0,
0.0,
0.0,
0.0,
0.0,
0.0,
0.0,
0.0,
0.0,
0.0,
0.0,
0.0,
0.0,
0.0,
0.0,
0.0,
0.0,
0.0,
0.0,
0.0,
0.0,
0.0,
0.0,
0.0,
0.0,
0.0,
0.0,
0.0,
0.0,
0.0,
0.0,
0.0,
0.0,
0.0,
0.0,
0.0,
0.0,
0.0,
0.0,
0.0,
0.0,
0.0,
0.0,
0.0,
0.0,
0.0,
0.0,
0.0,
0.0,
0.0,
0.0,
0.0,
0.0,
0.0,
0.0,
0.0,
0.0,
0.0,
0.0,
0.0,
0.0,
0.0,
0.0,
0.0,
0.0,
0.0,
0.0,
0.0,
0.0,
0.0,
0.0,
0.0,
0.0,
0.0,
0.0,
0.0,
0.0,
0.0,
0.0,
0.0,
0.0,
0.0,
0.0,
0.0,
0.0,
0.0,
0.0,
0.0,
0.0,
0.0,
0.0,
0.0,
0.0,
0.0,
0.0,
0.0,
0.0,
0.0,
0.0,
0.0,
0.0,
0.0,
0.0,
0.0,
0.0,
0.0,
0.0,
0.0,
0.0,
0.0,
0.0,
0.0,
0.0,
0.0,
0.0,
0.0,
0.0,
0.0,
0.0,
0.0,
0.0,
0.0,
0.0,
0.0,
0.0,
0.0,
0.0,
0.0,
0.0,
0.0,
0.0,
0.0,
0.0,
0.0,
0.0,
0.0,
0.0,
0.0,
0.0,
0.0,
0.0,
0.0,
0.0,
0.0,
0.0,
0.0,
0.0,
0.0,
0.0,
0.0,
0.0,
0.0,
0.0,
0.0,
0.0,
0.0,
0.0,
0.0,
0.0,
0.0,
0.0,
0.0,
0.0,
0.0,
0.0,
0.0,
0.0,
0.0,
0.0,
0.0,
0.0,
0.0,
0.0,
0.0,
0.0,
0.0,
0.0,
0.0,
0.0,
0.0,
0.0,
0.0,
0.0,
0.0,
0.0,
0.0,
0.0,
0.0,
0.0,
0.0,
0.0,
0.0,
0.0,
0.0,
0.0,
0.0,
0.0,
0.0,
0.0,
0.0,
0.0,
0.0,
0.0,
0.0,
0.0,
0.0,
0.0,
0.0,
0.0,
0.0,
0.0,
0.0,
0.0,
0.0,
0.0,
0.0,
0.0,
0.0,
0.0,
0.0,
0.0,
0.0,
0.0,
0.0,
0.0,
0.0,
0.0,
0.0,
0.0,
0.0,
0.0,
0.0,
0.0,
0.0,
0.0,
0.0,
0.0,
0.0,
0.0,
0.0,
0.0,
0.0,
0.0,
0.0,
0.0,
0.0,
0.0,
0.0,
0.0,
0.0,
0.0,
0.0,
0.0,
0.0,
0.0,
0.0,
0.0,
0.0,
0.0,
0.0,
0.0,
0.0,
0.0,
0.0,
0.0,
0.0,
0.0,
0.0,
0.0,
0.0,
0.0,
0.0,
0.0,
0.0,
0.0,
0.0,
0.0,
0.0,
0.0,
0.0,
0.0,
0.0,
0.0,
0.0,
0.0,
0.0,
0.0,
0.0,
0.0,
0.0,
0.0,
0.0,
0.0,
0.0,
0.0,
0.0,
0.0,
0.0,
0.0,
0.0,
0.0,
0.0,
0.0,
0.0,
0.0,
0.0,
0.0,
0.0,
0.0,
0.0,
0.0,
0.0,
0.0,
0.0,
0.0,
0.0,
0.0,
0.0,
0.0,
0.0,
0.0,
0.0,
0.0,
0.0,
0.0,
0.0,
0.0,
0.0,
0.0,
0.0,
0.0,
0.0,
0.0,
0.0,
0.0,
0.0,
0.0,
0.0,
0.0,
0.0,
0.0,
0.0,
0.0,
0.0,
0.0,
0.0,
0.0,
0.0,
0.0,
0.0,
0.0,
0.0,
0.0,
0.0,
0.0,
0.0,
0.0,
0.0,
0.0,
0.0,
0.0,
0.0,
0.0,
0.0,
0.0,
0.0,
0.0,
0.0,
0.0,
0.0,
0.0,
0.0,
0.0,
0.0,
0.0,
0.0,
0.0,
0.0,
0.0,
0.0,
0.0,
0.0,
0.0,
0.0,
0.0,
0.0,
0.0,
0.0,
0.0,
0.0,
0.0,
0.0,
0.0,
0.0,
0.0,
0.0,
0.0,
0.0,
0.0,
0.0,
0.0,
0.0,
0.0,
0.0,
0.0,
0.0,
0.0,
0.0,
0.0,
0.0,
0.0,
0.0,
0.0,
0.0,
0.0,
0.0,
0.0,
0.0,
0.0,
0.0,
0.0,
0.0,
0.0,
0.0,
0.0,
0.0,
0.0,
0.0,
0.0,
0.0,
0.0,
0.0,
0.0,
0.0,
0.0,
0.0,
0.0,
0.0,
0.0,
0.0,
0.0,
0.0,
0.0,
0.0,
0.0,
0.0,
0.0,
0.0,
0.0,
0.0,
0.0,
0.0,
0.0,
0.0,
0.0,
0.0,
0.0,
0.0,
0.0,
0.0,
0.0,
0.0,
0.0,
0.0,
0.0,
0.0,
0.0,
0.0,
0.0,
0.0,
0.0,
0.0,
0.0,
0.0,
0.0,
0.0,
0.0,
0.0,
0.0,
0.0,
0.0,
0.0,
0.0,
0.0,
0.0,
0.0,
0.0,
0.0,
0.0,
0.0,
0.0,
0.0,
0.0,
0.0,
0.0,
0.0,
0.0,
0.0,
0.0,
0.0,
0.0,
0.0,
0.0,
0.0,
0.0,
0.0,
0.0,
0.0,
0.0,
0.0,
0.0,
0.0,
0.0,
0.0,
0.0,
0.0,
0.0,
0.0,
0.0,
0.0,
0.0,
0.0,
0.0,
0.0,
0.0,
0.0,
0.0,
0.0,
0.0,
0.0,
0.0,
0.0,
0.0,
0.0,
0.0,
0.0,
0.0,
0.0,
0.0,
0.0,
0.0,
0.0,
0.0,
0.0,
0.0,
0.0,
0.0,
0.0,
0.0,
0.0,
0.0,
0.0,
0.0,
0.0,
0.0,
0.0,
0.0,
0.0,
0.0,
0.0,
0.0,
0.0,
0.0,
0.0,
0.0,
0.0,
0.0,
0.0,
0.0,
0.0,
0.0,
0.0,
0.0,
0.0,
0.0,
0.0,
0.0,
0.0,
0.0,
0.0,
0.0,
0.0,
0.0,
0.0,
0.0,
0.0,
0.0,
0.0,
0.0,
0.0,
0.0,
0.0,
0.0,
0.0,
0.0,
0.0,
0.0,
0.0,
0.0,
0.0,
0.0,
0.0,
0.0,
0.0,
0.0,
0.0,
0.0,
0.0,
0.0,
0.0,
0.0,
0.0,
0.0,
0.0,
0.0,
0.0,
0.0,
0.0,
0.0,
0.0,
0.0,
0.0,
0.0,
0.0,
0.0,
0.0,
0.0,
0.0,
0.0,
0.0,
0.0,
0.0,
0.0,
0.0,
0.0,
0.0,
0.0,
0.0,
0.0,
0.0,
0.0,
0.0,
0.0,
0.0,
0.0,
0.0,
0.0,
0.0,
0.0,
0.0,
0.0,
0.0,
0.0,
0.0,
0.0,
0.0,
0.0,
0.0,
0.0,
0.0,
0.0,
0.0,
0.0,
0.0,
0.0,
0.0,
0.0,
0.0,
0.0,
0.0,
0.0,
0.0,
0.0,
0.0,
0.0,
0.0,
0.0,
0.0,
0.0,
0.0,
0.0,
0.0,
0.0,
0.0,
0.0,
0.0,
0.0,
0.0,
0.0,
0.0,
0.0,
0.0,
0.0,
0.0,
0.0,
0.0,
0.0,
0.0,
0.0,
0.0,
0.0,
0.0,
0.0,
0.0,
0.0,
0.0,
0.0,
0.0,
0.0,
0.0,
0.0,
0.0,
0.0,
0.0,
0.0,
0.0,
0.0,
0.0,
0.0,
0.0,
0.0,
0.0,
0.0,
0.0,
0.0,
0.0,
0.0,
0.0,
0.0,
0.0,
0.0,
0.0,
0.0,
0.0,
0.0,
0.0,
0.0,
0.0,
0.0,
0.0,
0.0,
0.0,
0.0,
0.0,
0.0,
0.0,
0.0,
0.0,
0.0,
0.0,
0.0,
0.0,
0.0,
0.0,
0.0,
0.0,
0.0,
0.0,
0.0,
0.0,
0.0,
0.0,
0.0,
0.0,
0.0,
0.0,
0.0,
0.0,
0.0,
0.0,
0.0,
0.0,
0.0,
0.0,
0.0,
0.0,
0.0,
0.0,
0.0,
0.0,
0.0,
0.0,
0.0,
0.0,
0.0,
0.0,
0.0,
0.0,
0.0,
0.0,
0.0,
0.0,
0.0,
0.0,
0.0,
0.0,
0.0,
0.0,
0.0,
0.0,
0.0,
0.0,
0.0,
0.0,
0.0,
0.0,
0.0,
0.0,
0.0,
0.0,
0.0,
0.0,
0.0,
0.0,
0.0,
0.0,
0.0,
0.0,
0.0,
0.0,
0.0,
0.0,
0.0,
0.0,
0.0,
0.0,
0.0,
0.0,
0.0,
0.0,
0.0,
0.0,
0.0,
0.0,
0.0,
0.0,
0.0,
0.0,
0.0,
0.0,
