1.0454258918762207,
1.0480372905731201,
1.0480293035507202,
1.0490996837615967,
1.0496797561645508,
1.049285888671875,
1.0494496822357178,
1.0494210720062256,
1.0490589141845703,
1.0491069555282593,
1.0487089157104492,
1.048761010169983,
1.0487110614776611,
1.0486100912094116,
1.048612117767334,
1.0483627319335938,
1.04804527759552,
1.0483951568603516,
1.0481905937194824,
1.0477476119995117,
1.047959327697754,
1.0479947328567505,
1.0473452806472778,
1.047396183013916,
1.0473265647888184,
1.046999454498291,
1.0471800565719604,
1.0467928647994995,
1.0467069149017334,
1.0464903116226196,
1.045920968055725,
1.0461137294769287,
1.0458585023880005,
1.045087218284607,
1.0453367233276367,
1.04488205909729,
1.0447680950164795,
1.0451405048370361,
1.0447558164596558,
1.0445387363433838,
1.0448119640350342,
1.0447156429290771,
1.0443196296691895,
1.0443071126937866,
1.0438224077224731,
1.043683409690857,
1.0435411930084229,
1.0428478717803955,
1.0430326461791992,
1.0430198907852173,
1.042513132095337,
1.0426855087280273,
1.0426400899887085,
1.0416744947433472,
1.0420016050338745,
1.041877031326294,
1.0411434173583984,
1.0413216352462769,
1.0406899452209473,
1.040665864944458,
1.040961742401123,
1.0407214164733887,
1.0402929782867432,
1.0402826070785522,
1.039534568786621,
1.0397344827651978,
1.0396902561187744,
1.0390284061431885,
1.0393409729003906,
1.0392652750015259,
1.0382734537124634,
1.0385570526123047,
1.0384581089019775,
1.03775954246521,
1.0380353927612305,
1.0380117893218994,
1.037343144416809,
1.0373871326446533,
1.0372768640518188,
1.036873698234558,
1.036836862564087,
1.036100149154663,
1.0360437631607056,
1.0358471870422363,
1.0355452299118042,
1.0356354713439941,
1.0355972051620483,
1.0349764823913574,
1.0352197885513306,
1.0352873802185059,
1.034427285194397,
1.0344839096069336,
1.033839225769043,
1.0335700511932373,
1.0338048934936523,
1.0335373878479004,
1.0331554412841797,
1.0331544876098633,
1.0331815481185913,
1.0328457355499268,
1.0327210426330566,
1.0318528413772583,
1.031958818435669,
1.0318862199783325,
1.0311920642852783,
1.0313481092453003,
1.0312695503234863,
1.030529260635376,
1.0307341814041138,
1.030696988105774,
1.0301423072814941,
1.0303868055343628,
1.0299124717712402,
1.0295134782791138,
1.0296868085861206,
1.0295192003250122,
1.0289798974990845,
1.0289585590362549,
1.0283863544464111,
1.0283738374710083,
1.0270522832870483,
1.0277540683746338,
1.0277950763702393,
1.0277642011642456,
1.0271246433258057,
1.027218222618103,
1.0269540548324585,
1.0263482332229614,
1.0264559984207153,
1.026273488998413,
1.025745153427124,
1.0259020328521729,
1.025803804397583,
1.025394082069397,
1.0253801345825195,
1.0252703428268433,
1.0249630212783813,
1.0249184370040894,
1.0243507623672485,
1.0244196653366089,
1.0242760181427002,
1.0235445499420166,
1.0235697031021118,
1.0236338376998901,
1.0227899551391602,
1.0229233503341675,
1.022824764251709,
1.022214651107788,
1.0223954916000366,
1.0222536325454712,
1.021790862083435,
1.0214208364486694,
1.0212997198104858,
1.0210963487625122,
1.0209319591522217,
1.0205078125,
1.0207237005233765,
1.0205339193344116,
1.0204565525054932,
1.0201959609985352,
1.0202456712722778,
1.0193854570388794,
1.019531011581421,
1.019307017326355,
1.0188500881195068,
1.0183393955230713,
1.0186280012130737,
1.0181716680526733,
1.0180730819702148,
1.0177785158157349,
1.0178735256195068,
1.0170831680297852,
1.0173413753509521,
1.0172631740570068,
1.0170084238052368,
1.016578197479248,
1.0158523321151733,
1.0163776874542236,
1.015978217124939,
1.0158772468566895,
1.0156410932540894,
1.0155738592147827,
1.0154157876968384,
1.0152814388275146,
1.0149692296981812,
1.0149509906768799,
1.014636516571045,
1.0143581628799438,
1.0144641399383545,
1.0139940977096558,
1.0140000581741333,
1.0137630701065063,
1.013110876083374,
1.0126157999038696,
1.0129550695419312,
1.0124799013137817,
1.0127427577972412,
1.012455940246582,
1.0116819143295288,
1.011864423751831,
1.0115171670913696,
1.0104278326034546,
1.0110613107681274,
1.0104705095291138,
1.0102895498275757,
1.0103998184204102,
1.010366439819336,
1.0101524591445923,
1.0098789930343628,
1.0097182989120483,
1.0088927745819092,
1.008863091468811,
1.0086519718170166,
1.008076786994934,
1.0082478523254395,
1.0076640844345093,
1.0077379941940308,
1.0079550743103027,
1.0066181421279907,
1.007246971130371,
1.0072277784347534,
1.0073564052581787,
1.0067312717437744,
1.0064575672149658,
1.0060120820999146,
1.00613534450531,
1.0056439638137817,
1.0055643320083618,
1.0052568912506104,
1.0051777362823486,
1.0047972202301025,
1.0048925876617432,
1.0051323175430298,
1.0046117305755615,
1.0042558908462524,
1.0037721395492554,
1.0038092136383057,
1.0037429332733154,
1.0035462379455566,
1.0031706094741821,
1.0028210878372192,
1.002346396446228,
1.0023716688156128,
1.0020356178283691,
1.0020735263824463,
1.0014277696609497,
1.0015746355056763,
1.0013326406478882,
0.9960169792175293,
0.9987456798553467,
0.9983360171318054,
0.9989610910415649,
0.9988211393356323,
0.9988278150558472,
0.9992440342903137,
0.9989801049232483,
0.9983369708061218,
0.9982513785362244,
0.9987007975578308,
0.998165488243103,
0.9975636601448059,
0.9977152347564697,
0.9974318146705627,
0.9969673752784729,
0.9971826672554016,
0.9958876371383667,
0.9966417551040649,
0.9962603449821472,
0.9953877329826355,
0.9960935711860657,
0.996660590171814,
0.9953973889350891,
0.9957464933395386,
0.9950804114341736,
0.9952338933944702,
0.9953836798667908,
0.9949014186859131,
0.9940884113311768,
0.9941920042037964,
0.9942015409469604,
0.9939524531364441,
0.9939826726913452,
0.9935597777366638,
0.9933732748031616,
0.992384672164917,
0.9929118156433105,
0.9923175573348999,
0.9923936724662781,
0.9918859004974365,
0.9922452569007874,
0.9916443824768066,
0.9907810688018799,
0.9908722043037415,
0.9910171627998352,
0.990433394908905,
0.990208625793457,
0.9897666573524475,
0.9894199371337891,
0.989375114440918,
0.9890697598457336,
0.9893783330917358,
0.9890763163566589,
0.9889266490936279,
0.9882463812828064,
0.9881313443183899,
0.9877241253852844,
0.9874488711357117,
0.9872235059738159,
0.9871938824653625,
0.9871582984924316,
0.986883819103241,
0.9866021275520325,
0.9859834909439087,
0.9859619140625,
0.9855433106422424,
0.9849802255630493,
0.985177218914032,
0.9847262501716614,
0.9835466742515564,
0.9841287732124329,
0.9834624528884888,
0.983166515827179,
0.9830504059791565,
0.983374297618866,
0.9830504059791565,
0.9826846718788147,
0.981998085975647,
0.9818841814994812,
0.9814831614494324,
0.9814593195915222,
0.9808568358421326,
0.9810349941253662,
0.9806961417198181,
0.980212390422821,
0.979554295539856,
0.9793161153793335,
0.9782913327217102,
0.9788094758987427,
0.9781104326248169,
0.9775781631469727,
0.976694643497467,
0.9769917726516724,
0.9766546487808228,
0.9766957759857178,
0.9764595627784729,
0.9763092398643494,
0.9759668111801147,
0.9752218723297119,
0.9746482968330383,
0.9746677279472351,
0.9743332862854004,
0.9735828042030334,
0.9733497500419617,
0.9730107188224792,
0.9724439978599548,
0.9721307754516602,
0.9724727272987366,
0.9717324376106262,
0.9709303379058838,
0.9710639119148254,
0.9701351523399353,
0.969825267791748,
0.9694440364837646,
0.9691560864448547,
0.9684609770774841,
0.9678503274917603,
0.9674330353736877,
0.9675480723381042,
0.9664208292961121,
0.9661141633987427,
0.9661059975624084,
0.9652571082115173,
0.9653075933456421,
0.9648085236549377,
0.9645186066627502,
0.9640200138092041,
0.9632615447044373,
0.9628344178199768,
0.962231457233429,
0.9620650410652161,
0.9617850184440613,
0.9610159993171692,
0.9605594873428345,
0.960514485836029,
0.9595696330070496,
0.9589885473251343,
0.958440899848938,
0.957557201385498,
0.9572375416755676,
0.9567267894744873,
0.955426812171936,
0.9546741247177124,
0.9549802541732788,
0.9542038440704346,
0.9539930820465088,
0.9534971714019775,
0.9526700377464294,
0.9516865611076355,
0.9513658881187439,
0.950485348701477,
0.9500691890716553,
0.9497191905975342,
0.9484963417053223,
0.9477523565292358,
0.9474066495895386,
0.9470347762107849,
0.9457392692565918,
0.945252537727356,
0.9445747137069702,
0.9435370564460754,
0.9432529807090759,
0.9430361986160278,
0.9416694045066833,
0.9408977031707764,
0.9402747750282288,
0.9385392665863037,
0.9378893971443176,
0.9372636079788208,
0.9358465671539307,
0.9352982044219971,
0.9343039393424988,
0.9336376786231995,
0.9326776266098022,
0.931942880153656,
0.9306036233901978,
0.9297763109207153,
0.9286799430847168,
0.9275668263435364,
0.926510751247406,
0.9256786704063416,
0.9237262606620789,
0.9227747917175293,
0.9219920635223389,
0.9205932021141052,
0.9194929599761963,
0.9182962775230408,
0.9168747067451477,
0.915409505367279,
0.9142491817474365,
0.9130640029907227,
0.9112869501113892,
0.9101507663726807,
0.9088202118873596,
0.9073652029037476,
0.905932605266571,
0.9042431116104126,
0.902956485748291,
0.9014455676078796,
0.9003025889396667,
0.8987945914268494,
0.8971304297447205,
0.8958687782287598,
0.8936496376991272,
0.8922175765037537,
0.8908010721206665,
0.8886653780937195,
0.8870712518692017,
0.8850357532501221,
0.8831222653388977,
0.8821160793304443,
0.879588782787323,
0.879021167755127,
0.877280056476593,
0.8752157688140869,
0.872982382774353,
0.8712400794029236,
0.8694499731063843,
0.8673538565635681,
0.8652328848838806,
0.8634835481643677,
0.8613541126251221,
0.859332799911499,
0.8559961915016174,
0.8553000092506409,
0.853294849395752,
0.8515703082084656,
0.8495278358459473,
0.8473381996154785,
0.8455963134765625,
0.843410849571228,
0.8411020636558533,
0.8394839763641357,
0.8374561667442322,
0.8355025053024292,
0.8335943818092346,
0.8317000865936279,
0.829521894454956,
0.827459990978241,
0.825773298740387,
0.825773298740387,
0.825773298740387,
0.0,
0.0,
0.0,
0.0,
0.0,
0.0,
0.0,
0.0,
0.0,
0.0,
0.0,
0.0,
0.0,
0.0,
0.0,
0.0,
0.0,
0.0,
0.0,
0.0,
0.0,
0.0,
0.0,
0.0,
0.0,
0.0,
0.0,
0.0,
0.0,
0.0,
0.0,
0.0,
0.0,
0.0,
0.0,
0.0,
0.0,
0.0,
0.0,
0.0,
0.0,
0.0,
0.0,
0.0,
0.0,
0.0,
0.0,
0.0,
0.0,
0.0,
0.0,
0.0,
0.0,
0.0,
0.0,
0.0,
0.0,
0.0,
0.0,
0.0,
0.0,
0.0,
0.0,
0.0,
0.0,
0.0,
0.0,
0.0,
0.0,
0.0,
0.0,
0.0,
0.0,
0.0,
0.0,
0.0,
0.0,
0.0,
0.0,
0.0,
0.0,
0.0,
0.0,
0.0,
0.0,
0.0,
0.0,
0.0,
0.0,
0.0,
0.0,
0.0,
0.0,
0.0,
0.0,
0.0,
0.0,
0.0,
0.0,
0.0,
0.0,
0.0,
0.0,
0.0,
0.0,
0.0,
0.0,
0.0,
0.0,
0.0,
0.0,
0.0,
0.0,
0.0,
0.0,
0.0,
0.0,
0.0,
0.0,
0.0,
0.0,
0.0,
0.0,
0.0,
0.0,
0.0,
0.0,
0.0,
0.0,
0.0,
0.0,
0.0,
0.0,
0.0,
0.0,
0.0,
0.0,
0.0,
0.0,
0.0,
0.0,
0.0,
0.0,
0.0,
0.0,
0.0,
0.0,
0.0,
0.0,
0.0,
0.0,
0.0,
0.0,
0.0,
0.0,
0.0,
0.0,
0.0,
0.0,
0.0,
0.0,
0.0,
0.0,
0.0,
0.0,
0.0,
0.0,
0.0,
0.0,
0.0,
0.0,
0.0,
0.0,
0.0,
0.0,
0.0,
0.0,
0.0,
0.0,
0.0,
0.0,
0.0,
0.0,
0.0,
0.0,
0.0,
0.0,
0.0,
0.0,
0.0,
0.0,
0.0,
0.0,
0.0,
0.0,
0.0,
0.0,
0.0,
0.0,
0.0,
0.0,
0.0,
0.0,
0.0,
0.0,
0.0,
0.0,
0.0,
0.0,
0.0,
0.0,
0.0,
0.0,
0.0,
0.0,
0.0,
0.0,
0.0,
0.0,
0.0,
0.0,
0.0,
0.0,
0.0,
0.0,
0.0,
0.0,
0.0,
0.0,
0.0,
0.0,
0.0,
0.0,
0.0,
0.0,
0.0,
0.0,
0.0,
0.0,
0.0,
0.0,
0.0,
0.0,
0.0,
0.0,
0.0,
0.0,
0.0,
0.0,
0.0,
0.0,
0.0,
0.0,
0.0,
0.0,
0.0,
0.0,
0.0,
0.0,
0.0,
0.0,
0.0,
0.0,
0.0,
0.0,
0.0,
0.0,
0.0,
0.0,
0.0,
0.0,
0.0,
0.0,
0.0,
0.0,
0.0,
0.0,
0.0,
0.0,
0.0,
0.0,
0.0,
0.0,
0.0,
0.0,
0.0,
0.0,
0.0,
0.0,
0.0,
0.0,
0.0,
0.0,
0.0,
0.0,
0.0,
0.0,
0.0,
0.0,
0.0,
0.0,
0.0,
0.0,
0.0,
0.0,
0.0,
0.0,
0.0,
0.0,
0.0,
0.0,
0.0,
0.0,
0.0,
0.0,
0.0,
0.0,
0.0,
0.0,
0.0,
0.0,
0.0,
0.0,
0.0,
0.0,
0.0,
0.0,
0.0,
0.0,
0.0,
0.0,
0.0,
0.0,
0.0,
0.0,
0.0,
0.0,
0.0,
0.0,
0.0,
0.0,
0.0,
0.0,
0.0,
0.0,
0.0,
0.0,
0.0,
0.0,
0.0,
0.0,
0.0,
0.0,
0.0,
0.0,
0.0,
0.0,
0.0,
0.0,
0.0,
0.0,
0.0,
0.0,
0.0,
0.0,
0.0,
0.0,
0.0,
0.0,
0.0,
0.0,
0.0,
0.0,
0.0,
0.0,
0.0,
0.0,
0.0,
0.0,
0.0,
0.0,
0.0,
0.0,
0.0,
0.0,
0.0,
0.0,
0.0,
0.0,
0.0,
0.0,
0.0,
0.0,
0.0,
0.0,
0.0,
0.0,
0.0,
0.0,
0.0,
0.0,
0.0,
0.0,
0.0,
0.0,
0.0,
0.0,
0.0,
0.0,
0.0,
0.0,
0.0,
0.0,
0.0,
0.0,
0.0,
0.0,
0.0,
0.0,
0.0,
0.0,
0.0,
0.0,
0.0,
0.0,
0.0,
0.0,
0.0,
0.0,
0.0,
0.0,
0.0,
0.0,
0.0,
0.0,
0.0,
0.0,
0.0,
0.0,
0.0,
0.0,
0.0,
0.0,
0.0,
0.0,
0.0,
0.0,
0.0,
0.0,
0.0,
0.0,
0.0,
0.0,
0.0,
0.0,
0.0,
0.0,
0.0,
0.0,
0.0,
0.0,
0.0,
0.0,
0.0,
0.0,
0.0,
0.0,
0.0,
0.0,
0.0,
0.0,
0.0,
0.0,
0.0,
0.0,
0.0,
0.0,
0.0,
0.0,
0.0,
0.0,
0.0,
0.0,
0.0,
0.0,
0.0,
0.0,
0.0,
0.0,
0.0,
0.0,
0.0,
0.0,
0.0,
0.0,
0.0,
0.0,
0.0,
0.0,
0.0,
0.0,
0.0,
0.0,
0.0,
0.0,
0.0,
0.0,
0.0,
0.0,
0.0,
0.0,
0.0,
0.0,
0.0,
0.0,
0.0,
0.0,
0.0,
0.0,
0.0,
0.0,
0.0,
0.0,
0.0,
0.0,
0.0,
0.0,
0.0,
0.0,
0.0,
0.0,
0.0,
0.0,
0.0,
0.0,
0.0,
0.0,
0.0,
0.0,
0.0,
0.0,
0.0,
0.0,
0.0,
0.0,
0.0,
0.0,
0.0,
0.0,
0.0,
0.0,
0.0,
0.0,
0.0,
0.0,
0.0,
0.0,
0.0,
0.0,
0.0,
0.0,
0.0,
0.0,
0.0,
0.0,
0.0,
0.0,
0.0,
0.0,
0.0,
0.0,
0.0,
0.0,
0.0,
0.0,
0.0,
0.0,
0.0,
0.0,
0.0,
0.0,
0.0,
0.0,
0.0,
0.0,
0.0,
0.0,
0.0,
0.0,
0.0,
0.0,
0.0,
0.0,
0.0,
0.0,
0.0,
0.0,
0.0,
0.0,
0.0,
0.0,
0.0,
0.0,
0.0,
0.0,
0.0,
0.0,
0.0,
0.0,
0.0,
0.0,
0.0,
0.0,
0.0,
0.0,
0.0,
0.0,
0.0,
0.0,
0.0,
0.0,
0.0,
0.0,
0.0,
0.0,
0.0,
0.0,
0.0,
0.0,
0.0,
0.0,
0.0,
0.0,
0.0,
0.0,
0.0,
0.0,
0.0,
0.0,
0.0,
0.0,
0.0,
0.0,
0.0,
0.0,
0.0,
0.0,
0.0,
0.0,
0.0,
0.0,
0.0,
0.0,
0.0,
0.0,
0.0,
0.0,
0.0,
0.0,
0.0,
0.0,
0.0,
0.0,
0.0,
0.0,
0.0,
0.0,
0.0,
0.0,
0.0,
0.0,
0.0,
0.0,
0.0,
0.0,
0.0,
0.0,
0.0,
0.0,
0.0,
0.0,
0.0,
0.0,
0.0,
0.0,
0.0,
0.0,
0.0,
0.0,
0.0,
0.0,
0.0,
0.0,
0.0,
0.0,
0.0,
0.0,
0.0,
0.0,
0.0,
0.0,
0.0,
0.0,
0.0,
0.0,
0.0,
0.0,
0.0,
0.0,
0.0,
0.0,
0.0,
0.0,
0.0,
0.0,
0.0,
0.0,
0.0,
0.0,
0.0,
0.0,
0.0,
0.0,
0.0,
0.0,
0.0,
0.0,
0.0,
0.0,
0.0,
0.0,
0.0,
0.0,
0.0,
0.0,
0.0,
0.0,
0.0,
0.0,
0.0,
0.0,
0.0,
0.0,
0.0,
0.0,
0.0,
0.0,
0.0,
0.0,
0.0,
0.0,
0.0,
0.0,
0.0,
0.0,
0.0,
0.0,
0.0,
0.0,
0.0,
0.0,
0.0,
0.0,
0.0,
0.0,
0.0,
0.0,
0.0,
0.0,
0.0,
0.0,
0.0,
0.0,
0.0,
0.0,
0.0,
0.0,
0.0,
0.0,
0.0,
0.0,
0.0,
0.0,
0.0,
0.0,
0.0,
0.0,
0.0,
0.0,
0.0,
0.0,
0.0,
0.0,
0.0,
0.0,
0.0,
0.0,
0.0,
0.0,
0.0,
0.0,
0.0,
0.0,
0.0,
0.0,
0.0,
0.0,
0.0,
0.0,
0.0,
0.0,
0.0,
0.0,
0.0,
0.0,
0.0,
0.0,
0.0,
0.0,
0.0,
0.0,
0.0,
0.0,
0.0,
0.0,
0.0,
0.0,
0.0,
0.0,
0.0,
0.0,
0.0,
0.0,
0.0,
0.0,
0.0,
0.0,
0.0,
0.0,
0.0,
0.0,
0.0,
0.0,
0.0,
0.0,
0.0,
0.0,
0.0,
0.0,
0.0,
0.0,
0.0,
0.0,
0.0,
0.0,
0.0,
0.0,
0.0,
0.0,
0.0,
0.0,
0.0,
0.0,
0.0,
0.0,
0.0,
0.0,
0.0,
0.0,
0.0,
0.0,
0.0,
0.0,
0.0,
0.0,
0.0,
0.0,
0.0,
0.0,
0.0,
0.0,
0.0,
0.0,
0.0,
0.0,
0.0,
0.0,
0.0,
0.0,
0.0,
0.0,
0.0,
0.0,
0.0,
0.0,
0.0,
0.0,
0.0,
0.0,
0.0,
0.0,
0.0,
0.0,
0.0,
0.0,
0.0,
0.0,
0.0,
0.0,
0.0,
0.0,
0.0,
0.0,
0.0,
0.0,
0.0,
0.0,
0.0,
0.0,
0.0,
0.0,
0.0,
0.0,
0.0,
0.0,
0.0,
0.0,
0.0,
0.0,
0.0,
0.0,
0.0,
0.0,
0.0,
0.0,
0.0,
0.0,
0.0,
0.0,
0.0,
0.0,
0.0,
0.0,
0.0,
0.0,
0.0,
0.0,
0.0,
0.0,
0.0,
0.0,
0.0,
0.0,
0.0,
0.0,
0.0,
0.0,
0.0,
0.0,
0.0,
0.0,
0.0,
0.0,
0.0,
0.0,
0.0,
0.0,
0.0,
0.0,
0.0,
0.0,
0.0,
0.0,
0.0,
0.0,
0.0,
0.0,
0.0,
0.0,
0.0,
0.0,
0.0,
0.0,
0.0,
0.0,
0.0,
0.0,
0.0,
0.0,
0.0,
0.0,
0.0,
0.0,
0.0,
0.0,
0.0,
0.0,
0.0,
0.0,
0.0,
0.0,
0.0,
0.0,
0.0,
0.0,
0.0,
0.0,
0.0,
0.0,
0.0,
0.0,
0.0,
0.0,
0.0,
0.0,
0.0,
0.0,
0.0,
0.0,
0.0,
0.0,
0.0,
0.0,
0.0,
0.0,
0.0,
0.0,
0.0,
0.0,
0.0,
0.0,
0.0,
0.0,
0.0,
0.0,
0.0,
0.0,
0.0,
0.0,
0.0,
0.0,
0.0,
0.0,
0.0,
0.0,
0.0,
0.0,
0.0,
0.0,
0.0,
0.0,
0.0,
0.0,
0.0,
0.0,
0.0,
0.0,
0.0,
0.0,
0.0,
0.0,
0.0,
0.0,
0.0,
0.0,
0.0,
0.0,
0.0,
0.0,
0.0,
0.0,
0.0,
0.0,
0.0,
0.0,
0.0,
0.0,
0.0,
0.0,
0.0,
0.0,
0.0,
0.0,
0.0,
0.0,
0.0,
0.0,
0.0,
0.0,
0.0,
0.0,
0.0,
0.0,
0.0,
0.0,
0.0,
0.0,
0.0,
0.0,
0.0,
0.0,
0.0,
0.0,
0.0,
0.0,
0.0,
0.0,
0.0,
0.0,
0.0,
0.0,
0.0,
0.0,
0.0,
0.0,
0.0,
0.0,
0.0,
0.0,
0.0,
0.0,
0.0,
0.0,
0.0,
0.0,
0.0,
0.0,
0.0,
0.0,
0.0,
0.0,
0.0,
0.0,
0.0,
0.0,
0.0,
0.0,
0.0,
0.0,
0.0,
0.0,
0.0,
0.0,
0.0,
0.0,
0.0,
0.0,
0.0,
0.0,
0.0,
0.0,
0.0,
0.0,
0.0,
0.0,
0.0,
0.0,
0.0,
0.0,
0.0,
0.0,
0.0,
0.0,
0.0,
0.0,
0.0,
0.0,
0.0,
0.0,
0.0,
0.0,
0.0,
0.0,
0.0,
0.0,
0.0,
0.0,
0.0,
0.0,
0.0,
0.0,
0.0,
0.0,
0.0,
0.0,
0.0,
0.0,
0.0,
0.0,
0.0,
0.0,
0.0,
0.0,
0.0,
0.0,
0.0,
0.0,
0.0,
0.0,
0.0,
0.0,
0.0,
0.0,
0.0,
0.0,
0.0,
0.0,
0.0,
0.0,
0.0,
0.0,
0.0,
0.0,
0.0,
0.0,
0.0,
0.0,
0.0,
0.0,
0.0,
0.0,
0.0,
0.0,
0.0,
0.0,
0.0,
0.0,
0.0,
0.0,
0.0,
0.0,
0.0,
0.0,
0.0,
0.0,
0.0,
0.0,
0.0,
0.0,
0.0,
0.0,
0.0,
0.0,
0.0,
0.0,
0.0,
0.0,
0.0,
0.0,
0.0,
0.0,
0.0,
0.0,
0.0,
0.0,
0.0,
0.0,
0.0,
0.0,
0.0,
0.0,
0.0,
0.0,
0.0,
0.0,
0.0,
0.0,
0.0,
0.0,
0.0,
0.0,
0.0,
0.0,
0.0,
0.0,
0.0,
0.0,
0.0,
0.0,
0.0,
0.0,
0.0,
0.0,
0.0,
0.0,
0.0,
0.0,
0.0,
0.0,
0.0,
0.0,
0.0,
0.0,
0.0,
0.0,
0.0,
0.0,
0.0,
0.0,
0.0,
0.0,
0.0,
0.0,
0.0,
0.0,
0.0,
0.0,
0.0,
0.0,
0.0,
0.0,
0.0,
0.0,
0.0,
0.0,
0.0,
0.0,
0.0,
0.0,
0.0,
0.0,
0.0,
0.0,
0.0,
0.0,
0.0,
0.0,
0.0,
0.0,
0.0,
0.0,
0.0,
0.0,
0.0,
0.0,
0.0,
0.0,
0.0,
0.0,
0.0,
0.0,
0.0,
0.0,
0.0,
0.0,
0.0,
0.0,
0.0,
0.0,
0.0,
0.0,
0.0,
0.0,
0.0,
0.0,
0.0,
0.0,
0.0,
0.0,
0.0,
0.0,
0.0,
0.0,
0.0,
0.0,
0.0,
0.0,
0.0,
0.0,
0.0,
0.0,
0.0,
0.0,
0.0,
0.0,
0.0,
0.0,
0.0,
0.0,
0.0,
0.0,
0.0,
0.0,
0.0,
0.0,
0.0,
0.0,
0.0,
0.0,
0.0,
0.0,
0.0,
0.0,
0.0,
0.0,
0.0,
0.0,
0.0,
0.0,
0.0,
0.0,
0.0,
0.0,
0.0,
0.0,
0.0,
0.0,
0.0,
0.0,
0.0,
0.0,
0.0,
0.0,
0.0,
0.0,
0.0,
0.0,
0.0,
0.0,
0.0,
0.0,
0.0,
0.0,
0.0,
0.0,
0.0,
0.0,
0.0,
0.0,
0.0,
0.0,
0.0,
0.0,
0.0,
0.0,
0.0,
0.0,
0.0,
0.0,
0.0,
0.0,
0.0,
0.0,
0.0,
0.0,
0.0,
0.0,
0.0,
0.0,
0.0,
0.0,
0.0,
0.0,
0.0,
0.0,
0.0,
0.0,
0.0,
0.0,
0.0,
0.0,
0.0,
0.0,
0.0,
0.0,
0.0,
0.0,
0.0,
0.0,
0.0,
0.0,
0.0,
0.0,
0.0,
0.0,
0.0,
0.0,
0.0,
0.0,
0.0,
0.0,
0.0,
0.0,
0.0,
0.0,
0.0,
0.0,
0.0,
0.0,
0.0,
0.0,
0.0,
0.0,
0.0,
0.0,
0.0,
0.0,
0.0,
0.0,
0.0,
0.0,
0.0,
0.0,
0.0,
0.0,
0.0,
0.0,
0.0,
0.0,
0.0,
0.0,
0.0,
0.0,
0.0,
0.0,
0.0,
0.0,
0.0,
0.0,
0.0,
0.0,
0.0,
0.0,
0.0,
0.0,
0.0,
0.0,
0.0,
0.0,
0.0,
0.0,
0.0,
0.0,
0.0,
0.0,
0.0,
0.0,
0.0,
0.0,
0.0,
0.0,
0.0,
0.0,
0.0,
0.0,
0.0,
0.0,
0.0,
0.0,
0.0,
0.0,
0.0,
0.0,
0.0,
0.0,
0.0,
0.0,
0.0,
0.0,
0.0,
0.0,
0.0,
0.0,
0.0,
0.0,
0.0,
0.0,
0.0,
0.0,
0.0,
0.0,
0.0,
0.0,
0.0,
0.0,
0.0,
0.0,
0.0,
0.0,
0.0,
0.0,
0.0,
0.0,
0.0,
0.0,
0.0,
0.0,
0.0,
0.0,
0.0,
0.0,
0.0,
0.0,
0.0,
0.0,
0.0,
0.0,
0.0,
0.0,
0.0,
0.0,
0.0,
0.0,
0.0,
0.0,
0.0,
0.0,
0.0,
0.0,
0.0,
0.0,
0.0,
0.0,
0.0,
0.0,
0.0,
0.0,
0.0,
0.0,
0.0,
0.0,
0.0,
0.0,
0.0,
0.0,
0.0,
0.0,
0.0,
0.0,
0.0,
0.0,
0.0,
0.0,
0.0,
0.0,
0.0,
0.0,
0.0,
0.0,
0.0,
0.0,
0.0,
0.0,
0.0,
0.0,
0.0,
0.0,
0.0,
0.0,
0.0,
0.0,
0.0,
0.0,
0.0,
0.0,
0.0,
0.0,
0.0,
0.0,
0.0,
0.0,
0.0,
0.0,
0.0,
0.0,
0.0,
0.0,
0.0,
0.0,
0.0,
0.0,
0.0,
0.0,
0.0,
0.0,
0.0,
0.0,
0.0,
0.0,
0.0,
0.0,
0.0,
0.0,
0.0,
0.0,
0.0,
0.0,
0.0,
0.0,
0.0,
0.0,
0.0,
0.0,
0.0,
0.0,
0.0,
0.0,
0.0,
0.0,
0.0,
0.0,
0.0,
0.0,
0.0,
0.0,
0.0,
0.0,
0.0,
0.0,
0.0,
0.0,
0.0,
0.0,
0.0,
0.0,
0.0,
0.0,
0.0,
0.0,
0.0,
0.0,
0.0,
0.0,
0.0,
0.0,
0.0,
0.0,
0.0,
0.0,
0.0,
0.0,
0.0,
0.0,
0.0,
0.0,
0.0,
0.0,
0.0,
0.0,
0.0,
0.0,
0.0,
0.0,
0.0,
0.0,
0.0,
0.0,
0.0,
0.0,
0.0,
0.0,
0.0,
0.0,
0.0,
0.0,
0.0,
0.0,
0.0,
0.0,
0.0,
0.0,
0.0,
0.0,
0.0,
0.0,
0.0,
0.0,
0.0,
0.0,
0.0,
0.0,
0.0,
0.0,
0.0,
0.0,
0.0,
0.0,
0.0,
0.0,
0.0,
0.0,
0.0,
0.0,
0.0,
0.0,
0.0,
0.0,
0.0,
0.0,
0.0,
0.0,
0.0,
0.0,
0.0,
0.0,
0.0,
0.0,
0.0,
0.0,
0.0,
0.0,
0.0,
0.0,
0.0,
0.0,
0.0,
0.0,
0.0,
0.0,
0.0,
0.0,
0.0,
0.0,
