1.0742624998092651,
1.0780683755874634,
1.0795291662216187,
1.0802991390228271,
1.0808920860290527,
1.0810261964797974,
1.0812426805496216,
1.0814323425292969,
1.0815796852111816,
1.0816982984542847,
1.0817382335662842,
1.0819413661956787,
1.0821274518966675,
1.0821843147277832,
1.0823216438293457,
1.0824695825576782,
1.0824068784713745,
1.082515835762024,
1.0825363397598267,
1.0825061798095703,
1.0825185775756836,
1.0826084613800049,
1.0824755430221558,
1.082458257675171,
1.0825022459030151,
1.0825368165969849,
1.0825872421264648,
1.0826245546340942,
1.082640290260315,
1.0826116800308228,
1.0826339721679688,
1.0826727151870728,
1.0827306509017944,
1.0826714038848877,
1.0827809572219849,
1.082836627960205,
1.0828399658203125,
1.0828561782836914,
1.0828831195831299,
1.0828114748001099,
1.0827968120574951,
1.0828509330749512,
1.0828421115875244,
1.0828750133514404,
1.0827385187149048,
1.0827653408050537,
1.082632303237915,
1.082657814025879,
1.0825761556625366,
1.0826743841171265,
1.082660436630249,
1.0826910734176636,
1.0827590227127075,
1.082597017288208,
1.0825996398925781,
1.0826078653335571,
1.0824949741363525,
1.08250892162323,
1.082489013671875,
1.0824495553970337,
1.0824905633926392,
1.0825462341308594,
1.0824822187423706,
1.082471251487732,
1.0823746919631958,
1.082331657409668,
1.0823246240615845,
1.0822570323944092,
1.0822365283966064,
1.082201600074768,
1.082094430923462,
1.0820648670196533,
1.082125186920166,
1.0820391178131104,
1.082064151763916,
1.082088589668274,
1.08196222782135,
1.0819755792617798,
1.081983208656311,
1.0818277597427368,
1.0817575454711914,
1.0816683769226074,
1.0804239511489868,
1.0815935134887695,
1.0816090106964111,
1.0815950632095337,
1.0816938877105713,
1.0815361738204956,
1.0814993381500244,
1.0813902616500854,
1.0813524723052979,
1.08124840259552,
1.0812368392944336,
1.0811786651611328,
1.0811136960983276,
1.0810173749923706,
1.0809273719787598,
1.0809998512268066,
1.0810439586639404,
1.0809475183486938,
1.080830693244934,
1.080710530281067,
1.080643892288208,
1.0806162357330322,
1.080528974533081,
1.0805168151855469,
1.0803892612457275,
1.0803592205047607,
1.080221176147461,
1.0803616046905518,
1.080242395401001,
1.0801528692245483,
1.0802539587020874,
1.080013632774353,
1.0800153017044067,
1.0798434019088745,
1.079732060432434,
1.0796043872833252,
1.079593539237976,
1.0794284343719482,
1.0793546438217163,
1.0792495012283325,
1.079203724861145,
1.0791897773742676,
1.0790880918502808,
1.0789483785629272,
1.0788018703460693,
1.0787484645843506,
1.0786776542663574,
1.0786620378494263,
1.0786075592041016,
1.0785901546478271,
1.078499436378479,
1.078385353088379,
1.0783957242965698,
1.0783724784851074,
1.0781245231628418,
1.0779802799224854,
1.0779547691345215,
1.0778275728225708,
1.07776939868927,
1.077669620513916,
1.0775299072265625,
1.077485203742981,
1.077343463897705,
1.0772358179092407,
1.077166199684143,
1.0770480632781982,
1.0769338607788086,
1.0768259763717651,
1.0766736268997192,
1.0767172574996948,
1.0765697956085205,
1.0764135122299194,
1.076339840888977,
1.076271891593933,
1.0762403011322021,
1.076095461845398,
1.0760583877563477,
1.0758540630340576,
1.07570219039917,
1.0756359100341797,
1.0755491256713867,
1.0753953456878662,
1.0752655267715454,
1.0751731395721436,
1.0750248432159424,
1.0748720169067383,
1.074741244316101,
1.0746663808822632,
1.0745023488998413,
1.0744030475616455,
1.0743125677108765,
1.0741376876831055,
1.073988676071167,
1.0739206075668335,
1.073813796043396,
1.0737134218215942,
1.0735007524490356,
1.0734012126922607,
1.0732136964797974,
1.073175311088562,
1.0730489492416382,
1.0729858875274658,
1.072777509689331,
1.0726391077041626,
1.0726646184921265,
1.0724637508392334,
1.0723559856414795,
1.0722122192382812,
1.07198166847229,
1.0718499422073364,
1.0718029737472534,
1.0716211795806885,
1.0715683698654175,
1.071436882019043,
1.0712823867797852,
1.071143388748169,
1.0709764957427979,
1.0708366632461548,
1.0707556009292603,
1.070568561553955,
1.070426106452942,
1.0703967809677124,
1.0701684951782227,
1.0700652599334717,
1.0699719190597534,
1.0697764158248901,
1.0696073770523071,
1.0695197582244873,
1.0693057775497437,
1.0691306591033936,
1.0690094232559204,
1.0687907934188843,
1.0687419176101685,
1.0684845447540283,
1.0683444738388062,
1.0681850910186768,
1.0680569410324097,
1.0678871870040894,
1.0677162408828735,
1.0674844980239868,
1.0673447847366333,
1.0672438144683838,
1.0670270919799805,
1.0668516159057617,
1.0666875839233398,
1.0665252208709717,
1.066433072090149,
1.0663169622421265,
1.066062331199646,
1.0659685134887695,
1.0658046007156372,
1.0655925273895264,
1.0654544830322266,
1.0651596784591675,
1.0649495124816895,
1.0646759271621704,
1.0645588636398315,
1.0643970966339111,
1.0642673969268799,
1.0639649629592896,
1.063835859298706,
1.063678503036499,
1.0634819269180298,
1.0632826089859009,
1.0631499290466309,
1.0597343444824219,
1.0604701042175293,
1.0608112812042236,
1.0610220432281494,
1.061068058013916,
1.0610718727111816,
1.0609920024871826,
1.0608735084533691,
1.0607506036758423,
1.0605888366699219,
1.060510516166687,
1.06046724319458,
1.060359001159668,
1.0601950883865356,
1.0600407123565674,
1.059868335723877,
1.0597338676452637,
1.05950927734375,
1.0593608617782593,
1.0591599941253662,
1.0590053796768188,
1.0588948726654053,
1.0587308406829834,
1.0585205554962158,
1.0583559274673462,
1.058188557624817,
1.0579898357391357,
1.0578043460845947,
1.0576187372207642,
1.0574300289154053,
1.057184100151062,
1.0569342374801636,
1.056712031364441,
1.0565292835235596,
1.0563455820083618,
1.056174874305725,
1.0559762716293335,
1.0557506084442139,
1.0555037260055542,
1.05528724193573,
1.0550552606582642,
1.054898738861084,
1.054620385169983,
1.0544124841690063,
1.0542041063308716,
1.053950309753418,
1.053726077079773,
1.0534852743148804,
1.0532004833221436,
1.0529768466949463,
1.0527468919754028,
1.0524485111236572,
1.0522407293319702,
1.0519596338272095,
1.0516972541809082,
1.0514559745788574,
1.0511881113052368,
1.0508674383163452,
1.0506376028060913,
1.050335168838501,
1.0500764846801758,
1.0498557090759277,
1.049193263053894,
1.0491517782211304,
1.0489861965179443,
1.0486435890197754,
1.0484304428100586,
1.0481818914413452,
1.04780113697052,
1.0476090908050537,
1.0473319292068481,
1.046972393989563,
1.0467203855514526,
1.0463402271270752,
1.0459909439086914,
1.0457285642623901,
1.0453356504440308,
1.0449938774108887,
1.0446949005126953,
1.0442811250686646,
1.0438895225524902,
1.0436629056930542,
1.043241262435913,
1.0429333448410034,
1.0426013469696045,
1.0421700477600098,
1.0417428016662598,
1.0414252281188965,
1.04106867313385,
1.040676236152649,
1.0403298139572144,
1.0399283170700073,
1.0395712852478027,
1.039259433746338,
1.0388600826263428,
1.0384790897369385,
1.0381171703338623,
1.0376814603805542,
1.0371013879776,
1.03634512424469,
1.0364317893981934,
1.0361400842666626,
1.0356296300888062,
1.0352033376693726,
1.0347461700439453,
1.0343482494354248,
1.033940076828003,
1.0335595607757568,
1.0329850912094116,
1.0325119495391846,
1.0321037769317627,
1.0316753387451172,
1.0312644243240356,
1.0307185649871826,
1.0303246974945068,
1.029860258102417,
1.0293464660644531,
1.028875708580017,
1.027997374534607,
1.0274271965026855,
1.026961088180542,
1.0268017053604126,
1.0263162851333618,
1.0256872177124023,
1.0249896049499512,
1.0245941877365112,
1.0239900350570679,
1.0232906341552734,
1.0229495763778687,
1.0217519998550415,
1.0211865901947021,
1.020782232284546,
1.0203421115875244,
1.0199601650238037,
1.018992304801941,
1.0185010433197021,
1.0178800821304321,
1.0173068046569824,
1.0164762735366821,
1.0156254768371582,
1.0152114629745483,
1.0134432315826416,
1.0138604640960693,
1.0132337808609009,
1.0123611688613892,
1.0114586353302002,
1.0109150409698486,
1.00980544090271,
1.0093770027160645,
1.0081815719604492,
1.007502794265747,
1.0066863298416138,
1.0060498714447021,
1.0050207376480103,
1.0045777559280396,
1.0039089918136597,
1.0028975009918213,
1.0017876625061035,
1.0012805461883545,
1.000401258468628,
0.9994495511054993,
0.9982935786247253,
0.9974966645240784,
0.9963300824165344,
0.9959421753883362,
0.9949622750282288,
0.9937275052070618,
0.9925873279571533,
0.9918675422668457,
0.9904158711433411,
0.9896255135536194,
0.9886221289634705,
0.9878311157226562,
0.986486554145813,
0.9853789210319519,
0.9842550158500671,
0.982886016368866,
0.9818236231803894,
0.9807927012443542,
0.9792365431785583,
0.9783312082290649,
0.9772012233734131,
0.9756194353103638,
0.9742498993873596,
0.9730234742164612,
0.9716870188713074,
0.970170259475708,
0.9690170288085938,
0.9676114916801453,
0.9661805629730225,
0.9648219347000122,
0.9631018042564392,
0.961749792098999,
0.9601328372955322,
0.958436131477356,
0.9571362733840942,
0.9554457068443298,
0.9537051320075989,
0.9521639943122864,
0.9504411220550537,
0.9486238360404968,
0.9474753141403198,
0.9456611275672913,
0.9437476396560669,
0.9420785903930664,
0.9402403831481934,
0.9383707046508789,
0.9366957545280457,
0.9348345398902893,
0.9331306219100952,
0.9311966896057129,
0.929450273513794,
0.9274526238441467,
0.9257275462150574,
0.9237048029899597,
0.9219529032707214,
0.920097827911377,
0.9181188941001892,
0.9159145951271057,
0.9143312573432922,
0.9124093651771545,
0.9104025363922119,
0.9080473780632019,
0.9066601991653442,
0.9045113921165466,
0.9027642011642456,
0.9003202319145203,
0.8985534906387329,
0.8966426253318787,
0.8948596119880676,
0.8926499485969543,
0.8906315565109253,
0.8885760307312012,
0.886875331401825,
0.8847482800483704,
0.8828010559082031,
0.8808527588844299,
0.8784658312797546,
0.8764277696609497,
0.8743546009063721,
0.8720834851264954,
0.8700199127197266,
0.8679995536804199,
0.865741491317749,
0.8638079166412354,
0.8615610599517822,
0.8594802618026733,
0.8574767112731934,
0.8552245497703552,
0.8530076742172241,
0.8507564663887024,
0.8475207686424255,
0.8462316989898682,
0.8440689444541931,
0.8417963981628418,
0.8396186828613281,
0.8375259637832642,
0.8352428078651428,
0.8326882719993591,
0.8305394053459167,
0.828334629535675,
0.8262010216712952,
0.8262010216712952,
0.8262010216712952,
0.0,
0.0,
0.0,
0.0,
0.0,
0.0,
0.0,
0.0,
0.0,
0.0,
0.0,
0.0,
0.0,
0.0,
0.0,
0.0,
0.0,
0.0,
0.0,
0.0,
0.0,
0.0,
0.0,
0.0,
0.0,
0.0,
0.0,
0.0,
0.0,
0.0,
0.0,
0.0,
0.0,
0.0,
0.0,
0.0,
0.0,
0.0,
0.0,
0.0,
0.0,
0.0,
0.0,
0.0,
0.0,
0.0,
0.0,
0.0,
0.0,
0.0,
0.0,
0.0,
0.0,
0.0,
0.0,
0.0,
0.0,
0.0,
0.0,
0.0,
0.0,
0.0,
0.0,
0.0,
0.0,
0.0,
0.0,
0.0,
0.0,
0.0,
0.0,
0.0,
0.0,
0.0,
0.0,
0.0,
0.0,
0.0,
0.0,
0.0,
0.0,
0.0,
0.0,
0.0,
0.0,
0.0,
0.0,
0.0,
0.0,
0.0,
0.0,
0.0,
0.0,
0.0,
0.0,
0.0,
0.0,
0.0,
0.0,
0.0,
0.0,
0.0,
0.0,
0.0,
0.0,
0.0,
0.0,
0.0,
0.0,
0.0,
0.0,
0.0,
0.0,
0.0,
0.0,
0.0,
0.0,
0.0,
0.0,
0.0,
0.0,
0.0,
0.0,
0.0,
0.0,
0.0,
0.0,
0.0,
0.0,
0.0,
0.0,
0.0,
0.0,
0.0,
0.0,
0.0,
0.0,
0.0,
0.0,
0.0,
0.0,
0.0,
0.0,
0.0,
0.0,
0.0,
0.0,
0.0,
0.0,
0.0,
0.0,
0.0,
0.0,
0.0,
0.0,
0.0,
0.0,
0.0,
0.0,
0.0,
0.0,
0.0,
0.0,
0.0,
0.0,
0.0,
0.0,
0.0,
0.0,
0.0,
0.0,
0.0,
0.0,
0.0,
0.0,
0.0,
0.0,
0.0,
0.0,
0.0,
0.0,
0.0,
0.0,
0.0,
0.0,
0.0,
0.0,
0.0,
0.0,
0.0,
0.0,
0.0,
0.0,
0.0,
0.0,
0.0,
0.0,
0.0,
0.0,
0.0,
0.0,
0.0,
0.0,
0.0,
0.0,
0.0,
0.0,
0.0,
0.0,
0.0,
0.0,
0.0,
0.0,
0.0,
0.0,
0.0,
0.0,
0.0,
0.0,
0.0,
0.0,
0.0,
0.0,
0.0,
0.0,
0.0,
0.0,
0.0,
0.0,
0.0,
0.0,
0.0,
0.0,
0.0,
0.0,
0.0,
0.0,
0.0,
0.0,
0.0,
0.0,
0.0,
0.0,
0.0,
0.0,
0.0,
0.0,
0.0,
0.0,
0.0,
0.0,
0.0,
0.0,
0.0,
0.0,
0.0,
0.0,
0.0,
0.0,
0.0,
0.0,
0.0,
0.0,
0.0,
0.0,
0.0,
0.0,
0.0,
0.0,
0.0,
0.0,
0.0,
0.0,
0.0,
0.0,
0.0,
0.0,
0.0,
0.0,
0.0,
0.0,
0.0,
0.0,
0.0,
0.0,
0.0,
0.0,
0.0,
0.0,
0.0,
0.0,
0.0,
0.0,
0.0,
0.0,
0.0,
0.0,
0.0,
0.0,
0.0,
0.0,
0.0,
0.0,
0.0,
0.0,
0.0,
0.0,
0.0,
0.0,
0.0,
0.0,
0.0,
0.0,
0.0,
0.0,
0.0,
0.0,
0.0,
0.0,
0.0,
0.0,
0.0,
0.0,
0.0,
0.0,
0.0,
0.0,
0.0,
0.0,
0.0,
0.0,
0.0,
0.0,
0.0,
0.0,
0.0,
0.0,
0.0,
0.0,
0.0,
0.0,
0.0,
0.0,
0.0,
0.0,
0.0,
0.0,
0.0,
0.0,
0.0,
0.0,
0.0,
0.0,
0.0,
0.0,
0.0,
0.0,
0.0,
0.0,
0.0,
0.0,
0.0,
0.0,
0.0,
0.0,
0.0,
0.0,
0.0,
0.0,
0.0,
0.0,
0.0,
0.0,
0.0,
0.0,
0.0,
0.0,
0.0,
0.0,
0.0,
0.0,
0.0,
0.0,
0.0,
0.0,
0.0,
0.0,
0.0,
0.0,
0.0,
0.0,
0.0,
0.0,
0.0,
0.0,
0.0,
0.0,
0.0,
0.0,
0.0,
0.0,
0.0,
0.0,
0.0,
0.0,
0.0,
0.0,
0.0,
0.0,
0.0,
0.0,
0.0,
0.0,
0.0,
0.0,
0.0,
0.0,
0.0,
0.0,
0.0,
0.0,
0.0,
0.0,
0.0,
0.0,
0.0,
0.0,
0.0,
0.0,
0.0,
0.0,
0.0,
0.0,
0.0,
0.0,
0.0,
0.0,
0.0,
0.0,
0.0,
0.0,
0.0,
0.0,
0.0,
0.0,
0.0,
0.0,
0.0,
0.0,
0.0,
0.0,
0.0,
0.0,
0.0,
0.0,
0.0,
0.0,
0.0,
0.0,
0.0,
0.0,
0.0,
0.0,
0.0,
0.0,
0.0,
0.0,
0.0,
0.0,
0.0,
0.0,
0.0,
0.0,
0.0,
0.0,
0.0,
0.0,
0.0,
0.0,
0.0,
0.0,
0.0,
0.0,
0.0,
0.0,
0.0,
0.0,
0.0,
0.0,
0.0,
0.0,
0.0,
0.0,
0.0,
0.0,
0.0,
0.0,
0.0,
0.0,
0.0,
0.0,
0.0,
0.0,
0.0,
0.0,
0.0,
0.0,
0.0,
0.0,
0.0,
0.0,
0.0,
0.0,
0.0,
0.0,
0.0,
0.0,
0.0,
0.0,
0.0,
0.0,
0.0,
0.0,
0.0,
0.0,
0.0,
0.0,
0.0,
0.0,
0.0,
0.0,
0.0,
0.0,
0.0,
0.0,
0.0,
0.0,
0.0,
0.0,
0.0,
0.0,
0.0,
0.0,
0.0,
0.0,
0.0,
0.0,
0.0,
0.0,
0.0,
0.0,
0.0,
0.0,
0.0,
0.0,
0.0,
0.0,
0.0,
0.0,
0.0,
0.0,
0.0,
0.0,
0.0,
0.0,
0.0,
0.0,
0.0,
0.0,
0.0,
0.0,
0.0,
0.0,
0.0,
0.0,
0.0,
0.0,
0.0,
0.0,
0.0,
0.0,
0.0,
0.0,
0.0,
0.0,
0.0,
0.0,
0.0,
0.0,
0.0,
0.0,
0.0,
0.0,
0.0,
0.0,
0.0,
0.0,
0.0,
0.0,
0.0,
0.0,
0.0,
0.0,
0.0,
0.0,
0.0,
0.0,
0.0,
0.0,
0.0,
0.0,
0.0,
0.0,
0.0,
0.0,
0.0,
0.0,
0.0,
0.0,
0.0,
0.0,
0.0,
0.0,
0.0,
0.0,
0.0,
0.0,
0.0,
0.0,
0.0,
0.0,
0.0,
0.0,
0.0,
0.0,
0.0,
0.0,
0.0,
0.0,
0.0,
0.0,
0.0,
0.0,
0.0,
0.0,
0.0,
0.0,
0.0,
0.0,
0.0,
0.0,
0.0,
0.0,
0.0,
0.0,
0.0,
0.0,
0.0,
0.0,
0.0,
0.0,
0.0,
0.0,
0.0,
0.0,
0.0,
0.0,
0.0,
0.0,
0.0,
0.0,
0.0,
0.0,
0.0,
0.0,
0.0,
0.0,
0.0,
0.0,
0.0,
0.0,
0.0,
0.0,
0.0,
0.0,
0.0,
0.0,
0.0,
0.0,
0.0,
0.0,
0.0,
0.0,
0.0,
0.0,
0.0,
0.0,
0.0,
0.0,
0.0,
0.0,
0.0,
0.0,
0.0,
0.0,
0.0,
0.0,
0.0,
0.0,
0.0,
0.0,
0.0,
0.0,
0.0,
0.0,
0.0,
0.0,
0.0,
0.0,
0.0,
0.0,
0.0,
0.0,
0.0,
0.0,
0.0,
0.0,
0.0,
0.0,
0.0,
0.0,
0.0,
0.0,
0.0,
0.0,
0.0,
0.0,
0.0,
0.0,
0.0,
0.0,
0.0,
0.0,
0.0,
0.0,
0.0,
0.0,
0.0,
0.0,
0.0,
0.0,
0.0,
0.0,
0.0,
0.0,
0.0,
0.0,
0.0,
0.0,
0.0,
0.0,
0.0,
0.0,
0.0,
0.0,
0.0,
0.0,
0.0,
0.0,
0.0,
0.0,
0.0,
0.0,
0.0,
0.0,
0.0,
0.0,
0.0,
0.0,
0.0,
0.0,
0.0,
0.0,
0.0,
0.0,
0.0,
0.0,
0.0,
0.0,
0.0,
0.0,
0.0,
0.0,
0.0,
0.0,
0.0,
0.0,
0.0,
0.0,
0.0,
0.0,
0.0,
0.0,
0.0,
0.0,
0.0,
0.0,
0.0,
0.0,
0.0,
0.0,
0.0,
0.0,
0.0,
0.0,
0.0,
0.0,
0.0,
0.0,
0.0,
0.0,
0.0,
0.0,
0.0,
0.0,
0.0,
0.0,
0.0,
0.0,
0.0,
0.0,
0.0,
0.0,
0.0,
0.0,
0.0,
0.0,
0.0,
0.0,
0.0,
0.0,
0.0,
0.0,
0.0,
0.0,
0.0,
0.0,
0.0,
0.0,
0.0,
0.0,
0.0,
0.0,
0.0,
0.0,
0.0,
0.0,
0.0,
0.0,
0.0,
0.0,
0.0,
0.0,
0.0,
0.0,
0.0,
0.0,
0.0,
0.0,
0.0,
0.0,
0.0,
0.0,
0.0,
0.0,
0.0,
0.0,
0.0,
0.0,
0.0,
0.0,
0.0,
0.0,
0.0,
0.0,
0.0,
0.0,
0.0,
0.0,
0.0,
0.0,
0.0,
0.0,
0.0,
0.0,
0.0,
0.0,
0.0,
0.0,
0.0,
0.0,
0.0,
0.0,
0.0,
0.0,
0.0,
0.0,
0.0,
0.0,
0.0,
0.0,
0.0,
0.0,
0.0,
0.0,
0.0,
0.0,
0.0,
0.0,
0.0,
0.0,
0.0,
0.0,
0.0,
0.0,
0.0,
0.0,
0.0,
0.0,
0.0,
0.0,
0.0,
0.0,
0.0,
0.0,
0.0,
0.0,
0.0,
0.0,
0.0,
0.0,
0.0,
0.0,
0.0,
0.0,
0.0,
0.0,
0.0,
0.0,
0.0,
0.0,
0.0,
0.0,
0.0,
0.0,
0.0,
0.0,
0.0,
0.0,
0.0,
0.0,
0.0,
0.0,
0.0,
0.0,
0.0,
0.0,
0.0,
0.0,
0.0,
0.0,
0.0,
0.0,
0.0,
0.0,
0.0,
0.0,
0.0,
0.0,
0.0,
0.0,
0.0,
0.0,
0.0,
0.0,
0.0,
0.0,
0.0,
0.0,
0.0,
0.0,
0.0,
0.0,
0.0,
0.0,
0.0,
0.0,
0.0,
0.0,
0.0,
0.0,
0.0,
0.0,
0.0,
0.0,
0.0,
0.0,
0.0,
0.0,
0.0,
0.0,
0.0,
0.0,
0.0,
0.0,
0.0,
0.0,
0.0,
0.0,
0.0,
0.0,
0.0,
0.0,
0.0,
0.0,
0.0,
0.0,
0.0,
0.0,
0.0,
0.0,
0.0,
0.0,
0.0,
0.0,
0.0,
0.0,
0.0,
0.0,
0.0,
0.0,
0.0,
0.0,
0.0,
0.0,
0.0,
0.0,
0.0,
0.0,
0.0,
0.0,
0.0,
0.0,
0.0,
0.0,
0.0,
0.0,
0.0,
0.0,
0.0,
0.0,
0.0,
0.0,
0.0,
0.0,
0.0,
0.0,
0.0,
0.0,
0.0,
0.0,
0.0,
0.0,
0.0,
0.0,
0.0,
0.0,
0.0,
0.0,
0.0,
0.0,
0.0,
0.0,
0.0,
0.0,
0.0,
0.0,
0.0,
0.0,
0.0,
0.0,
0.0,
0.0,
0.0,
0.0,
0.0,
0.0,
0.0,
0.0,
0.0,
0.0,
0.0,
0.0,
0.0,
0.0,
0.0,
0.0,
0.0,
0.0,
0.0,
0.0,
0.0,
0.0,
0.0,
0.0,
0.0,
0.0,
0.0,
0.0,
0.0,
0.0,
0.0,
0.0,
0.0,
0.0,
0.0,
0.0,
0.0,
0.0,
0.0,
0.0,
0.0,
0.0,
0.0,
0.0,
0.0,
0.0,
0.0,
0.0,
0.0,
0.0,
0.0,
0.0,
0.0,
0.0,
0.0,
0.0,
0.0,
0.0,
0.0,
0.0,
0.0,
0.0,
0.0,
0.0,
0.0,
0.0,
0.0,
0.0,
0.0,
0.0,
0.0,
0.0,
0.0,
0.0,
0.0,
0.0,
0.0,
0.0,
0.0,
0.0,
0.0,
0.0,
0.0,
0.0,
0.0,
0.0,
0.0,
0.0,
0.0,
0.0,
0.0,
0.0,
0.0,
0.0,
0.0,
0.0,
0.0,
0.0,
0.0,
0.0,
0.0,
0.0,
0.0,
0.0,
0.0,
0.0,
0.0,
0.0,
0.0,
0.0,
0.0,
0.0,
0.0,
0.0,
0.0,
0.0,
0.0,
0.0,
0.0,
0.0,
0.0,
0.0,
0.0,
0.0,
0.0,
0.0,
0.0,
0.0,
0.0,
0.0,
0.0,
0.0,
0.0,
0.0,
0.0,
0.0,
0.0,
0.0,
0.0,
0.0,
0.0,
0.0,
0.0,
0.0,
0.0,
0.0,
0.0,
0.0,
0.0,
0.0,
0.0,
0.0,
0.0,
0.0,
0.0,
0.0,
0.0,
0.0,
0.0,
0.0,
0.0,
0.0,
0.0,
0.0,
0.0,
0.0,
0.0,
0.0,
0.0,
0.0,
0.0,
0.0,
0.0,
0.0,
0.0,
0.0,
0.0,
0.0,
0.0,
0.0,
0.0,
0.0,
0.0,
0.0,
0.0,
0.0,
0.0,
0.0,
0.0,
0.0,
0.0,
0.0,
0.0,
0.0,
0.0,
0.0,
0.0,
0.0,
0.0,
0.0,
0.0,
0.0,
0.0,
0.0,
0.0,
0.0,
0.0,
0.0,
0.0,
0.0,
0.0,
0.0,
0.0,
0.0,
0.0,
0.0,
0.0,
0.0,
0.0,
0.0,
0.0,
0.0,
0.0,
0.0,
0.0,
0.0,
0.0,
0.0,
0.0,
0.0,
0.0,
0.0,
0.0,
0.0,
0.0,
0.0,
0.0,
0.0,
0.0,
0.0,
0.0,
0.0,
0.0,
0.0,
0.0,
0.0,
0.0,
0.0,
0.0,
0.0,
0.0,
0.0,
0.0,
0.0,
0.0,
0.0,
0.0,
0.0,
0.0,
0.0,
0.0,
0.0,
0.0,
0.0,
0.0,
0.0,
0.0,
0.0,
0.0,
0.0,
0.0,
0.0,
0.0,
0.0,
0.0,
0.0,
0.0,
0.0,
0.0,
0.0,
0.0,
0.0,
0.0,
0.0,
0.0,
0.0,
0.0,
0.0,
0.0,
0.0,
0.0,
0.0,
0.0,
0.0,
0.0,
0.0,
0.0,
0.0,
0.0,
0.0,
0.0,
0.0,
0.0,
0.0,
0.0,
0.0,
0.0,
0.0,
0.0,
0.0,
0.0,
0.0,
0.0,
0.0,
0.0,
0.0,
0.0,
0.0,
0.0,
0.0,
0.0,
0.0,
0.0,
0.0,
0.0,
0.0,
0.0,
0.0,
0.0,
0.0,
0.0,
0.0,
0.0,
0.0,
0.0,
0.0,
0.0,
0.0,
0.0,
0.0,
0.0,
0.0,
0.0,
0.0,
0.0,
0.0,
0.0,
0.0,
0.0,
0.0,
0.0,
0.0,
0.0,
0.0,
0.0,
0.0,
0.0,
0.0,
0.0,
0.0,
0.0,
0.0,
0.0,
0.0,
0.0,
0.0,
0.0,
0.0,
0.0,
0.0,
0.0,
0.0,
0.0,
0.0,
0.0,
0.0,
0.0,
0.0,
0.0,
0.0,
0.0,
0.0,
0.0,
0.0,
0.0,
0.0,
0.0,
0.0,
0.0,
0.0,
0.0,
0.0,
0.0,
0.0,
0.0,
0.0,
0.0,
0.0,
0.0,
0.0,
0.0,
0.0,
0.0,
0.0,
0.0,
0.0,
0.0,
0.0,
0.0,
0.0,
0.0,
0.0,
0.0,
0.0,
0.0,
0.0,
0.0,
0.0,
0.0,
0.0,
0.0,
0.0,
0.0,
0.0,
0.0,
0.0,
0.0,
0.0,
0.0,
0.0,
0.0,
0.0,
0.0,
0.0,
0.0,
0.0,
0.0,
0.0,
0.0,
0.0,
0.0,
0.0,
0.0,
0.0,
0.0,
0.0,
0.0,
0.0,
0.0,
0.0,
0.0,
0.0,
0.0,
0.0,
0.0,
0.0,
0.0,
0.0,
0.0,
0.0,
0.0,
0.0,
0.0,
0.0,
0.0,
0.0,
0.0,
0.0,
0.0,
0.0,
0.0,
0.0,
0.0,
0.0,
0.0,
0.0,
0.0,
0.0,
0.0,
0.0,
0.0,
0.0,
0.0,
0.0,
0.0,
0.0,
0.0,
0.0,
0.0,
0.0,
0.0,
0.0,
0.0,
0.0,
0.0,
0.0,
0.0,
0.0,
0.0,
0.0,
0.0,
0.0,
0.0,
0.0,
0.0,
0.0,
0.0,
0.0,
0.0,
0.0,
0.0,
0.0,
0.0,
0.0,
0.0,
0.0,
0.0,
0.0,
0.0,
0.0,
0.0,
0.0,
0.0,
0.0,
0.0,
0.0,
0.0,
0.0,
0.0,
0.0,
0.0,
0.0,
0.0,
0.0,
0.0,
0.0,
0.0,
0.0,
0.0,
0.0,
0.0,
0.0,
0.0,
0.0,
0.0,
0.0,
0.0,
0.0,
0.0,
0.0,
0.0,
0.0,
0.0,
0.0,
0.0,
0.0,
0.0,
0.0,
0.0,
0.0,
0.0,
0.0,
0.0,
0.0,
0.0,
0.0,
0.0,
0.0,
0.0,
0.0,
0.0,
0.0,
0.0,
0.0,
0.0,
0.0,
0.0,
0.0,
0.0,
0.0,
0.0,
0.0,
0.0,
0.0,
0.0,
0.0,
0.0,
0.0,
0.0,
0.0,
0.0,
0.0,
0.0,
0.0,
0.0,
0.0,
0.0,
0.0,
0.0,
0.0,
0.0,
0.0,
0.0,
0.0,
0.0,
0.0,
0.0,
0.0,
0.0,
0.0,
0.0,
0.0,
0.0,
0.0,
0.0,
0.0,
0.0,
0.0,
0.0,
0.0,
0.0,
0.0,
0.0,
0.0,
0.0,
0.0,
0.0,
0.0,
0.0,
0.0,
0.0,
0.0,
0.0,
0.0,
0.0,
0.0,
0.0,
0.0,
0.0,
0.0,
0.0,
0.0,
0.0,
0.0,
0.0,
0.0,
0.0,
0.0,
0.0,
0.0,
0.0,
0.0,
0.0,
0.0,
0.0,
0.0,
0.0,
0.0,
0.0,
0.0,
0.0,
0.0,
0.0,
0.0,
0.0,
0.0,
0.0,
0.0,
0.0,
0.0,
0.0,
0.0,
0.0,
0.0,
0.0,
0.0,
0.0,
0.0,
0.0,
0.0,
0.0,
0.0,
0.0,
0.0,
0.0,
0.0,
0.0,
0.0,
0.0,
0.0,
0.0,
0.0,
0.0,
0.0,
0.0,
0.0,
0.0,
0.0,
0.0,
0.0,
0.0,
0.0,
