1.076097011566162,
1.0802849531173706,
1.0816162824630737,
1.0824264287948608,
1.0827805995941162,
1.0828320980072021,
1.0830711126327515,
1.0830737352371216,
1.0830258131027222,
1.083093523979187,
1.0830073356628418,
1.0830258131027222,
1.0831787586212158,
1.0831265449523926,
1.0830782651901245,
1.0832167863845825,
1.0830419063568115,
1.083052635192871,
1.083128809928894,
1.0829652547836304,
1.0829297304153442,
1.0829966068267822,
1.0827772617340088,
1.082683801651001,
1.0825812816619873,
1.0824955701828003,
1.0824967622756958,
1.082417368888855,
1.0823370218276978,
1.0822782516479492,
1.0821410417556763,
1.0818859338760376,
1.0819244384765625,
1.0816888809204102,
1.0815856456756592,
1.0817002058029175,
1.0815107822418213,
1.0814884901046753,
1.0815726518630981,
1.0813666582107544,
1.0812385082244873,
1.0811636447906494,
1.0809156894683838,
1.0808076858520508,
1.0806317329406738,
1.0805630683898926,
1.0804197788238525,
1.0802258253097534,
1.0800670385360718,
1.0800234079360962,
1.0799039602279663,
1.0797466039657593,
1.0796985626220703,
1.0793734788894653,
1.0791674852371216,
1.0791215896606445,
1.0788583755493164,
1.0785770416259766,
1.078687310218811,
1.0785139799118042,
1.0783851146697998,
1.078326940536499,
1.0780924558639526,
1.07787024974823,
1.0778123140335083,
1.0776468515396118,
1.0774997472763062,
1.077307105064392,
1.0770978927612305,
1.0770429372787476,
1.0767571926116943,
1.07655930519104,
1.0764679908752441,
1.0762906074523926,
1.076149821281433,
1.0761264562606812,
1.075785517692566,
1.0754815340042114,
1.0753918886184692,
1.0751694440841675,
1.0749646425247192,
1.0748648643493652,
1.0746169090270996,
1.0744469165802002,
1.0743489265441895,
1.0742852687835693,
1.074187159538269,
1.0739545822143555,
1.0736956596374512,
1.0735634565353394,
1.073292851448059,
1.0730540752410889,
1.0730241537094116,
1.0727285146713257,
1.0725289583206177,
1.0723390579223633,
1.0721092224121094,
1.0720112323760986,
1.0718275308609009,
1.071624517440796,
1.0712652206420898,
1.0711009502410889,
1.070927381515503,
1.070757269859314,
1.0704197883605957,
1.0702319145202637,
1.0700674057006836,
1.0699050426483154,
1.069848895072937,
1.069723129272461,
1.0694143772125244,
1.069104790687561,
1.069074273109436,
1.068710446357727,
1.0686348676681519,
1.068408727645874,
1.0681639909744263,
1.067934513092041,
1.067758321762085,
1.0675275325775146,
1.0674275159835815,
1.067130446434021,
1.066947340965271,
1.066903829574585,
1.0666172504425049,
1.0663987398147583,
1.06623375415802,
1.065906286239624,
1.0656349658966064,
1.0655261278152466,
1.0652124881744385,
1.0650408267974854,
1.0649484395980835,
1.0646134614944458,
1.0645655393600464,
1.0642757415771484,
1.0640453100204468,
1.0639241933822632,
1.063642978668213,
1.0634015798568726,
1.0633031129837036,
1.0629349946975708,
1.0627379417419434,
1.0626357793807983,
1.0622508525848389,
1.0620102882385254,
1.0619670152664185,
1.0616858005523682,
1.061450719833374,
1.0612510442733765,
1.0610653162002563,
1.0607638359069824,
1.060539722442627,
1.0603126287460327,
1.060177206993103,
1.0599654912948608,
1.0597842931747437,
1.059624433517456,
1.0593726634979248,
1.0591440200805664,
1.0578757524490356,
1.0588490962982178,
1.0586678981781006,
1.0584681034088135,
1.0582842826843262,
1.0580315589904785,
1.0578175783157349,
1.0575696229934692,
1.0573490858078003,
1.057133436203003,
1.056854486465454,
1.0566800832748413,
1.0564059019088745,
1.056186556816101,
1.055992603302002,
1.0556621551513672,
1.0554598569869995,
1.0553193092346191,
1.0550566911697388,
1.0548440217971802,
1.0546839237213135,
1.0544897317886353,
1.0542844533920288,
1.0540423393249512,
1.053794026374817,
1.0536978244781494,
1.0521972179412842,
1.0531562566757202,
1.053009033203125,
1.0526230335235596,
1.0524019002914429,
1.052297592163086,
1.0520180463790894,
1.0519003868103027,
1.0516889095306396,
1.0514156818389893,
1.051044225692749,
1.0509240627288818,
1.0506467819213867,
1.0504209995269775,
1.0501797199249268,
1.0498944520950317,
1.049769401550293,
1.0495556592941284,
1.0494097471237183,
1.0492615699768066,
1.048966646194458,
1.0487089157104492,
1.048577070236206,
1.0483368635177612,
1.0482195615768433,
1.0479227304458618,
1.0464987754821777,
1.0474286079406738,
1.047204852104187,
1.0469623804092407,
1.0468122959136963,
1.0466254949569702,
1.0463955402374268,
1.046200156211853,
1.0458816289901733,
1.0457017421722412,
1.0455554723739624,
1.045290231704712,
1.0450775623321533,
1.0448957681655884,
1.0446808338165283,
1.044419288635254,
1.0442579984664917,
1.0439865589141846,
1.0437589883804321,
1.0435000658035278,
1.0432177782058716,
1.0431244373321533,
1.0427954196929932,
1.042563557624817,
1.042484164237976,
1.0420969724655151,
1.041791558265686,
1.0415717363357544,
1.0413298606872559,
1.0410758256912231,
1.0409207344055176,
1.0406482219696045,
1.0403945446014404,
1.0165551900863647,
1.0392189025878906,
1.0390572547912598,
1.0389392375946045,
1.038892388343811,
1.0388121604919434,
1.0386039018630981,
1.0384985208511353,
1.038313627243042,
1.0381031036376953,
1.0379118919372559,
1.0378307104110718,
1.037527322769165,
1.0373519659042358,
1.0371836423873901,
1.036907434463501,
1.0365878343582153,
1.0364429950714111,
1.0362375974655151,
1.0361055135726929,
1.035828709602356,
1.0356471538543701,
1.035544514656067,
1.0352860689163208,
1.03501558303833,
1.0349105596542358,
1.0346059799194336,
1.0344173908233643,
1.034205675125122,
1.033961296081543,
1.0336129665374756,
1.0333447456359863,
1.0331045389175415,
1.0326517820358276,
1.032589077949524,
1.0324281454086304,
1.0322157144546509,
1.0318665504455566,
1.0316799879074097,
1.0314080715179443,
1.031116008758545,
1.030656099319458,
1.0305818319320679,
1.0302889347076416,
1.0300134420394897,
1.0297917127609253,
1.0295069217681885,
1.029307246208191,
1.028939962387085,
1.0286434888839722,
1.0280027389526367,
1.0280925035476685,
1.0277903079986572,
1.0274723768234253,
1.0272834300994873,
1.0269591808319092,
1.0266982316970825,
1.0263991355895996,
1.0261187553405762,
1.0258362293243408,
1.0254648923873901,
1.0253900289535522,
1.0249122381210327,
1.0239378213882446,
1.0238100290298462,
1.0239465236663818,
1.0232559442520142,
1.0233668088912964,
1.022981882095337,
1.0227528810501099,
1.0223336219787598,
1.0220447778701782,
1.0217094421386719,
1.0213290452957153,
1.0207314491271973,
1.0200756788253784,
1.0198187828063965,
1.0194002389907837,
1.0195841789245605,
1.0191869735717773,
1.0187647342681885,
1.018545150756836,
1.0177443027496338,
1.0174793004989624,
1.0173234939575195,
1.0167315006256104,
1.016546607017517,
1.0159095525741577,
1.0155969858169556,
1.0153894424438477,
1.0149352550506592,
1.0143760442733765,
1.0141172409057617,
1.013236403465271,
1.0132611989974976,
1.0130211114883423,
1.0125586986541748,
1.011759877204895,
1.0116653442382812,
1.0109223127365112,
1.0101592540740967,
1.0098669528961182,
1.0097732543945312,
1.0092958211898804,
1.0089741945266724,
1.008348822593689,
1.0079096555709839,
1.0074328184127808,
1.0071901082992554,
1.0065072774887085,
1.0056813955307007,
1.0049701929092407,
1.0044002532958984,
1.004409670829773,
1.0034302473068237,
1.0029211044311523,
1.0027368068695068,
1.0022743940353394,
1.0012675523757935,
1.0008856058120728,
1.000787615776062,
0.9997363686561584,
0.9993553757667542,
0.999025285243988,
0.9983569979667664,
0.9971082210540771,
0.9972783923149109,
0.9965994954109192,
0.9958093166351318,
0.9956361055374146,
0.9943190813064575,
0.9938451051712036,
0.9933597445487976,
0.9929251074790955,
0.9923467040061951,
0.9917370080947876,
0.9907697439193726,
0.9908636808395386,
0.9893501996994019,
0.9885677099227905,
0.9883228540420532,
0.9880063533782959,
0.9865443110466003,
0.9868664741516113,
0.985237181186676,
0.9853606820106506,
0.984445333480835,
0.9841102361679077,
0.9834159016609192,
0.9825032353401184,
0.9816279411315918,
0.981362521648407,
0.9803602695465088,
0.9795125126838684,
0.9789352416992188,
0.9774287343025208,
0.9774381518363953,
0.9764883518218994,
0.975921630859375,
0.9748099446296692,
0.9744037389755249,
0.9734811782836914,
0.9725163578987122,
0.9715636968612671,
0.9708643555641174,
0.9703012704849243,
0.9689605832099915,
0.968050479888916,
0.9674832224845886,
0.9666332602500916,
0.9656118154525757,
0.9647159576416016,
0.9637863636016846,
0.9629181027412415,
0.961889922618866,
0.96113520860672,
0.959774374961853,
0.9591150879859924,
0.9583368897438049,
0.957072377204895,
0.9560253024101257,
0.9551789164543152,
0.9538816213607788,
0.9527430534362793,
0.9512910842895508,
0.9503927230834961,
0.9490545988082886,
0.947788655757904,
0.9462442398071289,
0.9450653791427612,
0.9438360333442688,
0.9426661133766174,
0.9411776661872864,
0.939775824546814,
0.9385932683944702,
0.9371612668037415,
0.9358547329902649,
0.9341533184051514,
0.9329411387443542,
0.9312840104103088,
0.9298908114433289,
0.9285286664962769,
0.9271852374076843,
0.9260261654853821,
0.9248862862586975,
0.9232267141342163,
0.9218706488609314,
0.9202501177787781,
0.9189145565032959,
0.9173101186752319,
0.9159347414970398,
0.914760947227478,
0.9135029315948486,
0.9120901226997375,
0.9106170535087585,
0.9092550277709961,
0.9076887965202332,
0.9065120816230774,
0.9052837491035461,
0.9041016101837158,
0.9025256037712097,
0.9011591672897339,
0.8998146653175354,
0.8985816836357117,
0.8968647122383118,
0.8954211473464966,
0.8938930034637451,
0.8927339911460876,
0.8915221691131592,
0.8900319933891296,
0.8885469436645508,
0.8873090744018555,
0.8860316872596741,
0.8844761252403259,
0.8832671642303467,
0.8822165727615356,
0.8809462785720825,
0.8796992301940918,
0.8777687549591064,
0.8767246603965759,
0.8754955530166626,
0.8735290765762329,
0.8727001547813416,
0.8712236881256104,
0.8696586489677429,
0.86780846118927,
0.8666943907737732,
0.865235447883606,
0.8639498949050903,
0.8623057007789612,
0.8609499335289001,
0.8593284487724304,
0.857994019985199,
0.8564586639404297,
0.8551763296127319,
0.8535534739494324,
0.8522008061408997,
0.8504647612571716,
0.8493950366973877,
0.8476943373680115,
0.8465797901153564,
0.8450032472610474,
0.8429909348487854,
0.8420767784118652,
0.8404837250709534,
0.8390498161315918,
0.8374974727630615,
0.8361547589302063,
0.8340240716934204,
0.8327433466911316,
0.8314924240112305,
0.8299234509468079,
0.8284682631492615,
0.8271223902702332,
0.8254079222679138,
0.8254079222679138,
0.8254079222679138,
0.0,
0.0,
0.0,
0.0,
0.0,
0.0,
0.0,
0.0,
0.0,
0.0,
0.0,
0.0,
0.0,
0.0,
0.0,
0.0,
0.0,
0.0,
0.0,
0.0,
0.0,
0.0,
0.0,
0.0,
0.0,
0.0,
0.0,
0.0,
0.0,
0.0,
0.0,
0.0,
0.0,
0.0,
0.0,
0.0,
0.0,
0.0,
0.0,
0.0,
0.0,
0.0,
0.0,
0.0,
0.0,
0.0,
0.0,
0.0,
0.0,
0.0,
0.0,
0.0,
0.0,
0.0,
0.0,
0.0,
0.0,
0.0,
0.0,
0.0,
0.0,
0.0,
0.0,
0.0,
0.0,
0.0,
0.0,
0.0,
0.0,
0.0,
0.0,
0.0,
0.0,
0.0,
0.0,
0.0,
0.0,
0.0,
0.0,
0.0,
0.0,
0.0,
0.0,
0.0,
0.0,
0.0,
0.0,
0.0,
0.0,
0.0,
0.0,
0.0,
0.0,
0.0,
0.0,
0.0,
0.0,
0.0,
0.0,
0.0,
0.0,
0.0,
0.0,
0.0,
0.0,
0.0,
0.0,
0.0,
0.0,
0.0,
0.0,
0.0,
0.0,
0.0,
0.0,
0.0,
0.0,
0.0,
0.0,
0.0,
0.0,
0.0,
0.0,
0.0,
0.0,
0.0,
0.0,
0.0,
0.0,
0.0,
0.0,
0.0,
0.0,
0.0,
0.0,
0.0,
0.0,
0.0,
0.0,
0.0,
0.0,
0.0,
0.0,
0.0,
0.0,
0.0,
0.0,
0.0,
0.0,
0.0,
0.0,
0.0,
0.0,
0.0,
0.0,
0.0,
0.0,
0.0,
0.0,
0.0,
0.0,
0.0,
0.0,
0.0,
0.0,
0.0,
0.0,
0.0,
0.0,
0.0,
0.0,
0.0,
0.0,
0.0,
0.0,
0.0,
0.0,
0.0,
0.0,
0.0,
0.0,
0.0,
0.0,
0.0,
0.0,
0.0,
0.0,
0.0,
0.0,
0.0,
0.0,
0.0,
0.0,
0.0,
0.0,
0.0,
0.0,
0.0,
0.0,
0.0,
0.0,
0.0,
0.0,
0.0,
0.0,
0.0,
0.0,
0.0,
0.0,
0.0,
0.0,
0.0,
0.0,
0.0,
0.0,
0.0,
0.0,
0.0,
0.0,
0.0,
0.0,
0.0,
0.0,
0.0,
0.0,
0.0,
0.0,
0.0,
0.0,
0.0,
0.0,
0.0,
0.0,
0.0,
0.0,
0.0,
0.0,
0.0,
0.0,
0.0,
0.0,
0.0,
0.0,
0.0,
0.0,
0.0,
0.0,
0.0,
0.0,
0.0,
0.0,
0.0,
0.0,
0.0,
0.0,
0.0,
0.0,
0.0,
0.0,
0.0,
0.0,
0.0,
0.0,
0.0,
0.0,
0.0,
0.0,
0.0,
0.0,
0.0,
0.0,
0.0,
0.0,
0.0,
0.0,
0.0,
0.0,
0.0,
0.0,
0.0,
0.0,
0.0,
0.0,
0.0,
0.0,
0.0,
0.0,
0.0,
0.0,
0.0,
0.0,
0.0,
0.0,
0.0,
0.0,
0.0,
0.0,
0.0,
0.0,
0.0,
0.0,
0.0,
0.0,
0.0,
0.0,
0.0,
0.0,
0.0,
0.0,
0.0,
0.0,
0.0,
0.0,
0.0,
0.0,
0.0,
0.0,
0.0,
0.0,
0.0,
0.0,
0.0,
0.0,
0.0,
0.0,
0.0,
0.0,
0.0,
0.0,
0.0,
0.0,
0.0,
0.0,
0.0,
0.0,
0.0,
0.0,
0.0,
0.0,
0.0,
0.0,
0.0,
0.0,
0.0,
0.0,
0.0,
0.0,
0.0,
0.0,
0.0,
0.0,
0.0,
0.0,
0.0,
0.0,
0.0,
0.0,
0.0,
0.0,
0.0,
0.0,
0.0,
0.0,
0.0,
0.0,
0.0,
0.0,
0.0,
0.0,
0.0,
0.0,
0.0,
0.0,
0.0,
0.0,
0.0,
0.0,
0.0,
0.0,
0.0,
0.0,
0.0,
0.0,
0.0,
0.0,
0.0,
0.0,
0.0,
0.0,
0.0,
0.0,
0.0,
0.0,
0.0,
0.0,
0.0,
0.0,
0.0,
0.0,
0.0,
0.0,
0.0,
0.0,
0.0,
0.0,
0.0,
0.0,
0.0,
0.0,
0.0,
0.0,
0.0,
0.0,
0.0,
0.0,
0.0,
0.0,
0.0,
0.0,
0.0,
0.0,
0.0,
0.0,
0.0,
0.0,
0.0,
0.0,
0.0,
0.0,
0.0,
0.0,
0.0,
0.0,
0.0,
0.0,
0.0,
0.0,
0.0,
0.0,
0.0,
0.0,
0.0,
0.0,
0.0,
0.0,
0.0,
0.0,
0.0,
0.0,
0.0,
0.0,
0.0,
0.0,
0.0,
0.0,
0.0,
0.0,
0.0,
0.0,
0.0,
0.0,
0.0,
0.0,
0.0,
0.0,
0.0,
0.0,
0.0,
0.0,
0.0,
0.0,
0.0,
0.0,
0.0,
0.0,
0.0,
0.0,
0.0,
0.0,
0.0,
0.0,
0.0,
0.0,
0.0,
0.0,
0.0,
0.0,
0.0,
0.0,
0.0,
0.0,
0.0,
0.0,
0.0,
0.0,
0.0,
0.0,
0.0,
0.0,
0.0,
0.0,
0.0,
0.0,
0.0,
0.0,
0.0,
0.0,
0.0,
0.0,
0.0,
0.0,
0.0,
0.0,
0.0,
0.0,
0.0,
0.0,
0.0,
0.0,
0.0,
0.0,
0.0,
0.0,
0.0,
0.0,
0.0,
0.0,
0.0,
0.0,
0.0,
0.0,
0.0,
0.0,
0.0,
0.0,
0.0,
0.0,
0.0,
0.0,
0.0,
0.0,
0.0,
0.0,
0.0,
0.0,
0.0,
0.0,
0.0,
0.0,
0.0,
0.0,
0.0,
0.0,
0.0,
0.0,
0.0,
0.0,
0.0,
0.0,
0.0,
0.0,
0.0,
0.0,
0.0,
0.0,
0.0,
0.0,
0.0,
0.0,
0.0,
0.0,
0.0,
0.0,
0.0,
0.0,
0.0,
0.0,
0.0,
0.0,
0.0,
0.0,
0.0,
0.0,
0.0,
0.0,
0.0,
0.0,
0.0,
0.0,
0.0,
0.0,
0.0,
0.0,
0.0,
0.0,
0.0,
0.0,
0.0,
0.0,
0.0,
0.0,
0.0,
0.0,
0.0,
0.0,
0.0,
0.0,
0.0,
0.0,
0.0,
0.0,
0.0,
0.0,
0.0,
0.0,
0.0,
0.0,
0.0,
0.0,
0.0,
0.0,
0.0,
0.0,
0.0,
0.0,
0.0,
0.0,
0.0,
0.0,
0.0,
0.0,
0.0,
0.0,
0.0,
0.0,
0.0,
0.0,
0.0,
0.0,
0.0,
0.0,
0.0,
0.0,
0.0,
0.0,
0.0,
0.0,
0.0,
0.0,
0.0,
0.0,
0.0,
0.0,
0.0,
0.0,
0.0,
0.0,
0.0,
0.0,
0.0,
0.0,
0.0,
0.0,
0.0,
0.0,
0.0,
0.0,
0.0,
0.0,
0.0,
0.0,
0.0,
0.0,
0.0,
0.0,
0.0,
0.0,
0.0,
0.0,
0.0,
0.0,
0.0,
0.0,
0.0,
0.0,
0.0,
0.0,
0.0,
0.0,
0.0,
0.0,
0.0,
0.0,
0.0,
0.0,
0.0,
0.0,
0.0,
0.0,
0.0,
0.0,
0.0,
0.0,
0.0,
0.0,
0.0,
0.0,
0.0,
0.0,
0.0,
0.0,
0.0,
0.0,
0.0,
0.0,
0.0,
0.0,
0.0,
0.0,
0.0,
0.0,
0.0,
0.0,
0.0,
0.0,
0.0,
0.0,
0.0,
0.0,
0.0,
0.0,
0.0,
0.0,
0.0,
0.0,
0.0,
0.0,
0.0,
0.0,
0.0,
0.0,
0.0,
0.0,
0.0,
0.0,
0.0,
0.0,
0.0,
0.0,
0.0,
0.0,
0.0,
0.0,
0.0,
0.0,
0.0,
0.0,
0.0,
0.0,
0.0,
0.0,
0.0,
0.0,
0.0,
0.0,
0.0,
0.0,
0.0,
0.0,
0.0,
0.0,
0.0,
0.0,
0.0,
0.0,
0.0,
0.0,
0.0,
0.0,
0.0,
0.0,
0.0,
0.0,
0.0,
0.0,
0.0,
0.0,
0.0,
0.0,
0.0,
0.0,
0.0,
0.0,
0.0,
0.0,
0.0,
0.0,
0.0,
0.0,
0.0,
0.0,
0.0,
0.0,
0.0,
0.0,
0.0,
0.0,
0.0,
0.0,
0.0,
0.0,
0.0,
0.0,
0.0,
0.0,
0.0,
0.0,
0.0,
0.0,
0.0,
0.0,
0.0,
0.0,
0.0,
0.0,
0.0,
0.0,
0.0,
0.0,
0.0,
0.0,
0.0,
0.0,
0.0,
0.0,
0.0,
0.0,
0.0,
0.0,
0.0,
0.0,
0.0,
0.0,
0.0,
0.0,
0.0,
0.0,
0.0,
0.0,
0.0,
0.0,
0.0,
0.0,
0.0,
0.0,
0.0,
0.0,
0.0,
0.0,
0.0,
0.0,
0.0,
0.0,
0.0,
0.0,
0.0,
0.0,
0.0,
0.0,
0.0,
0.0,
0.0,
0.0,
0.0,
0.0,
0.0,
0.0,
0.0,
0.0,
0.0,
0.0,
0.0,
0.0,
0.0,
0.0,
0.0,
0.0,
0.0,
0.0,
0.0,
0.0,
0.0,
0.0,
0.0,
0.0,
0.0,
0.0,
0.0,
0.0,
0.0,
0.0,
0.0,
0.0,
0.0,
0.0,
0.0,
0.0,
0.0,
0.0,
0.0,
0.0,
0.0,
0.0,
0.0,
0.0,
0.0,
0.0,
0.0,
0.0,
0.0,
0.0,
0.0,
0.0,
0.0,
0.0,
0.0,
0.0,
0.0,
0.0,
0.0,
0.0,
0.0,
0.0,
0.0,
0.0,
0.0,
0.0,
0.0,
0.0,
0.0,
0.0,
0.0,
0.0,
0.0,
0.0,
0.0,
0.0,
0.0,
0.0,
0.0,
0.0,
0.0,
0.0,
0.0,
0.0,
0.0,
0.0,
0.0,
0.0,
0.0,
0.0,
0.0,
0.0,
0.0,
0.0,
0.0,
0.0,
0.0,
0.0,
0.0,
0.0,
0.0,
0.0,
0.0,
0.0,
0.0,
0.0,
0.0,
0.0,
0.0,
0.0,
0.0,
0.0,
0.0,
0.0,
0.0,
0.0,
0.0,
0.0,
0.0,
0.0,
0.0,
0.0,
0.0,
0.0,
0.0,
0.0,
0.0,
0.0,
0.0,
0.0,
0.0,
0.0,
0.0,
0.0,
0.0,
0.0,
0.0,
0.0,
0.0,
0.0,
0.0,
0.0,
0.0,
0.0,
0.0,
0.0,
0.0,
0.0,
0.0,
0.0,
0.0,
0.0,
0.0,
0.0,
0.0,
0.0,
0.0,
0.0,
0.0,
0.0,
0.0,
0.0,
0.0,
0.0,
0.0,
0.0,
0.0,
0.0,
0.0,
0.0,
0.0,
0.0,
0.0,
0.0,
0.0,
0.0,
0.0,
0.0,
0.0,
0.0,
0.0,
0.0,
0.0,
0.0,
0.0,
0.0,
0.0,
0.0,
0.0,
0.0,
0.0,
0.0,
0.0,
0.0,
0.0,
0.0,
0.0,
0.0,
0.0,
0.0,
0.0,
0.0,
0.0,
0.0,
0.0,
0.0,
0.0,
0.0,
0.0,
0.0,
0.0,
0.0,
0.0,
0.0,
0.0,
0.0,
0.0,
0.0,
0.0,
0.0,
0.0,
0.0,
0.0,
0.0,
0.0,
0.0,
0.0,
0.0,
0.0,
0.0,
0.0,
0.0,
0.0,
0.0,
0.0,
0.0,
0.0,
0.0,
0.0,
0.0,
0.0,
0.0,
0.0,
0.0,
0.0,
0.0,
0.0,
0.0,
0.0,
0.0,
0.0,
0.0,
0.0,
0.0,
0.0,
0.0,
0.0,
0.0,
0.0,
0.0,
0.0,
0.0,
0.0,
0.0,
0.0,
0.0,
0.0,
0.0,
0.0,
0.0,
0.0,
0.0,
0.0,
0.0,
0.0,
0.0,
0.0,
0.0,
0.0,
0.0,
0.0,
0.0,
0.0,
0.0,
0.0,
0.0,
0.0,
0.0,
0.0,
0.0,
0.0,
0.0,
0.0,
0.0,
0.0,
0.0,
0.0,
0.0,
0.0,
0.0,
0.0,
0.0,
0.0,
0.0,
0.0,
0.0,
0.0,
0.0,
0.0,
0.0,
0.0,
0.0,
0.0,
0.0,
0.0,
0.0,
0.0,
0.0,
0.0,
0.0,
0.0,
0.0,
0.0,
0.0,
0.0,
0.0,
0.0,
0.0,
0.0,
0.0,
0.0,
0.0,
0.0,
0.0,
0.0,
0.0,
0.0,
0.0,
0.0,
0.0,
0.0,
0.0,
0.0,
0.0,
0.0,
0.0,
0.0,
0.0,
0.0,
0.0,
0.0,
0.0,
0.0,
0.0,
0.0,
0.0,
0.0,
0.0,
0.0,
0.0,
0.0,
0.0,
0.0,
0.0,
0.0,
0.0,
0.0,
0.0,
0.0,
0.0,
0.0,
0.0,
0.0,
0.0,
0.0,
0.0,
0.0,
0.0,
0.0,
0.0,
0.0,
0.0,
0.0,
0.0,
0.0,
0.0,
0.0,
0.0,
0.0,
0.0,
0.0,
0.0,
0.0,
0.0,
0.0,
0.0,
0.0,
0.0,
0.0,
0.0,
0.0,
0.0,
0.0,
0.0,
0.0,
0.0,
0.0,
0.0,
0.0,
0.0,
0.0,
0.0,
0.0,
0.0,
0.0,
0.0,
0.0,
0.0,
0.0,
0.0,
0.0,
0.0,
0.0,
0.0,
0.0,
0.0,
0.0,
0.0,
0.0,
0.0,
0.0,
0.0,
0.0,
0.0,
0.0,
0.0,
0.0,
0.0,
0.0,
0.0,
0.0,
0.0,
0.0,
0.0,
0.0,
0.0,
0.0,
0.0,
0.0,
0.0,
0.0,
0.0,
0.0,
0.0,
0.0,
0.0,
0.0,
0.0,
0.0,
0.0,
0.0,
0.0,
0.0,
0.0,
0.0,
0.0,
0.0,
0.0,
0.0,
0.0,
0.0,
0.0,
0.0,
0.0,
0.0,
0.0,
0.0,
0.0,
0.0,
0.0,
0.0,
0.0,
0.0,
0.0,
0.0,
0.0,
0.0,
0.0,
0.0,
0.0,
0.0,
0.0,
0.0,
0.0,
0.0,
0.0,
0.0,
0.0,
0.0,
0.0,
0.0,
0.0,
0.0,
0.0,
0.0,
0.0,
0.0,
0.0,
0.0,
0.0,
0.0,
0.0,
0.0,
0.0,
0.0,
0.0,
0.0,
0.0,
0.0,
0.0,
0.0,
0.0,
0.0,
0.0,
0.0,
0.0,
0.0,
0.0,
0.0,
0.0,
0.0,
0.0,
0.0,
0.0,
0.0,
0.0,
0.0,
0.0,
0.0,
0.0,
0.0,
0.0,
0.0,
0.0,
0.0,
0.0,
0.0,
0.0,
0.0,
0.0,
0.0,
0.0,
0.0,
0.0,
0.0,
0.0,
0.0,
0.0,
0.0,
0.0,
0.0,
0.0,
0.0,
0.0,
0.0,
0.0,
0.0,
0.0,
0.0,
0.0,
0.0,
0.0,
0.0,
0.0,
0.0,
0.0,
0.0,
0.0,
0.0,
0.0,
0.0,
0.0,
0.0,
0.0,
0.0,
0.0,
0.0,
0.0,
0.0,
0.0,
0.0,
0.0,
0.0,
0.0,
0.0,
0.0,
0.0,
0.0,
0.0,
0.0,
0.0,
0.0,
0.0,
0.0,
0.0,
0.0,
0.0,
0.0,
0.0,
0.0,
0.0,
0.0,
0.0,
0.0,
0.0,
0.0,
0.0,
0.0,
0.0,
0.0,
0.0,
0.0,
0.0,
0.0,
0.0,
0.0,
0.0,
0.0,
0.0,
0.0,
0.0,
0.0,
0.0,
0.0,
0.0,
0.0,
0.0,
0.0,
0.0,
0.0,
0.0,
0.0,
0.0,
0.0,
0.0,
0.0,
0.0,
0.0,
0.0,
0.0,
0.0,
0.0,
0.0,
0.0,
0.0,
0.0,
0.0,
0.0,
0.0,
0.0,
0.0,
0.0,
0.0,
0.0,
0.0,
0.0,
0.0,
0.0,
0.0,
0.0,
0.0,
0.0,
0.0,
0.0,
0.0,
0.0,
0.0,
0.0,
0.0,
0.0,
0.0,
0.0,
0.0,
0.0,
0.0,
0.0,
0.0,
0.0,
0.0,
0.0,
0.0,
0.0,
0.0,
0.0,
0.0,
0.0,
0.0,
0.0,
0.0,
0.0,
0.0,
0.0,
0.0,
0.0,
0.0,
0.0,
0.0,
0.0,
0.0,
0.0,
0.0,
0.0,
0.0,
0.0,
0.0,
0.0,
0.0,
0.0,
0.0,
0.0,
0.0,
0.0,
0.0,
0.0,
0.0,
0.0,
0.0,
0.0,
0.0,
0.0,
0.0,
0.0,
0.0,
0.0,
0.0,
0.0,
0.0,
0.0,
0.0,
0.0,
0.0,
0.0,
0.0,
0.0,
0.0,
0.0,
0.0,
0.0,
0.0,
0.0,
0.0,
0.0,
0.0,
0.0,
0.0,
0.0,
0.0,
0.0,
0.0,
0.0,
0.0,
0.0,
0.0,
0.0,
0.0,
0.0,
0.0,
0.0,
0.0,
0.0,
0.0,
0.0,
0.0,
0.0,
0.0,
0.0,
0.0,
0.0,
0.0,
0.0,
0.0,
0.0,
0.0,
0.0,
0.0,
0.0,
0.0,
0.0,
0.0,
0.0,
0.0,
0.0,
0.0,
0.0,
0.0,
0.0,
0.0,
0.0,
0.0,
0.0,
0.0,
0.0,
0.0,
0.0,
0.0,
0.0,
0.0,
0.0,
0.0,
0.0,
0.0,
0.0,
0.0,
0.0,
0.0,
0.0,
0.0,
0.0,
0.0,
0.0,
0.0,
0.0,
0.0,
0.0,
0.0,
0.0,
0.0,
0.0,
0.0,
0.0,
0.0,
0.0,
0.0,
0.0,
0.0,
0.0,
0.0,
0.0,
0.0,
0.0,
0.0,
0.0,
0.0,
0.0,
0.0,
0.0,
0.0,
0.0,
0.0,
0.0,
0.0,
0.0,
0.0,
0.0,
0.0,
0.0,
0.0,
0.0,
0.0,
0.0,
0.0,
0.0,
0.0,
0.0,
0.0,
0.0,
0.0,
0.0,
0.0,
0.0,
0.0,
0.0,
0.0,
0.0,
0.0,
0.0,
0.0,
0.0,
0.0,
0.0,
0.0,
0.0,
0.0,
0.0,
0.0,
0.0,
0.0,
0.0,
0.0,
0.0,
0.0,
0.0,
0.0,
0.0,
0.0,
0.0,
0.0,
0.0,
0.0,
0.0,
0.0,
0.0,
0.0,
0.0,
0.0,
0.0,
0.0,
0.0,
0.0,
0.0,
0.0,
