1.071394681930542,
1.0745209455490112,
1.0763630867004395,
1.077149510383606,
1.0769193172454834,
1.0774248838424683,
1.0777560472488403,
1.0774396657943726,
1.077842116355896,
1.077955722808838,
1.0777308940887451,
1.0779286623001099,
1.078079104423523,
1.077867031097412,
1.0779883861541748,
1.0779541730880737,
1.077938199043274,
1.0780808925628662,
1.077513575553894,
1.0778863430023193,
1.0780296325683594,
1.0775283575057983,
1.0777373313903809,
1.0777969360351562,
1.0772327184677124,
1.0776829719543457,
1.077607274055481,
1.077340006828308,
1.0776041746139526,
1.0776398181915283,
1.0773484706878662,
1.0773146152496338,
1.0773382186889648,
1.0771479606628418,
1.0772147178649902,
1.076956868171692,
1.0771516561508179,
1.0772361755371094,
1.0767977237701416,
1.0770318508148193,
1.076957106590271,
1.0763977766036987,
1.0766068696975708,
1.07670259475708,
1.0762701034545898,
1.0765254497528076,
1.0765537023544312,
1.0760860443115234,
1.0762075185775757,
1.0762295722961426,
1.0760706663131714,
1.0760555267333984,
1.0759211778640747,
1.075789451599121,
1.0757250785827637,
1.0752190351486206,
1.075410008430481,
1.07561194896698,
1.07510244846344,
1.0752947330474854,
1.075249433517456,
1.0747839212417603,
1.0749951601028442,
1.0749928951263428,
1.074762225151062,
1.0749315023422241,
1.0748587846755981,
1.0746066570281982,
1.0746128559112549,
1.0745972394943237,
1.0743848085403442,
1.0743685960769653,
1.0739890336990356,
1.074154019355774,
1.0740711688995361,
1.0735641717910767,
1.0737661123275757,
1.073632001876831,
1.0732595920562744,
1.0735173225402832,
1.0734748840332031,
1.07300865650177,
1.0731345415115356,
1.0731297731399536,
1.072851300239563,
1.0730476379394531,
1.0727641582489014,
1.072666049003601,
1.0725717544555664,
1.0727102756500244,
1.0723999738693237,
1.0724737644195557,
1.0718275308609009,
1.0720614194869995,
1.071899652481079,
1.0713781118392944,
1.0716851949691772,
1.0716221332550049,
1.0711475610733032,
1.0714235305786133,
1.071570634841919,
1.0709706544876099,
1.0710961818695068,
1.0709874629974365,
1.0706672668457031,
1.0707436800003052,
1.0707956552505493,
1.07046639919281,
1.0704057216644287,
1.0703082084655762,
1.0702916383743286,
1.0703920125961304,
1.0697860717773438,
1.0698758363723755,
1.0697860717773438,
1.0693968534469604,
1.0695385932922363,
1.0695163011550903,
1.0689796209335327,
1.0691663026809692,
1.0691702365875244,
1.0687798261642456,
1.068894386291504,
1.0688303709030151,
1.0685834884643555,
1.0686237812042236,
1.0686144828796387,
1.0683887004852295,
1.0683115720748901,
1.0678149461746216,
1.067949652671814,
1.0678848028182983,
1.067459225654602,
1.067578673362732,
1.06757652759552,
1.067004680633545,
1.0672364234924316,
1.0672687292099,
1.0667479038238525,
1.0669668912887573,
1.0667402744293213,
1.0663719177246094,
1.0665313005447388,
1.066399335861206,
1.066205620765686,
1.0661494731903076,
1.066111445426941,
1.0658988952636719,
1.0658396482467651,
1.0652681589126587,
1.0654921531677246,
1.065381646156311,
1.0649592876434326,
1.0651041269302368,
1.0651471614837646,
1.0642733573913574,
1.064834713935852,
1.064774751663208,
1.064324140548706,
1.0644242763519287,
1.064297080039978,
1.0640345811843872,
1.0640418529510498,
1.0640082359313965,
1.0637860298156738,
1.0637226104736328,
1.0634636878967285,
1.0633554458618164,
1.063377857208252,
1.0628993511199951,
1.0631235837936401,
1.0631555318832397,
1.062501072883606,
1.0628453493118286,
1.0628169775009155,
1.062233805656433,
1.0622936487197876,
1.0621862411499023,
1.0619083642959595,
1.06200110912323,
1.0619844198226929,
1.0616533756256104,
1.0617233514785767,
1.0613844394683838,
1.0612908601760864,
1.061413288116455,
1.060701847076416,
1.0609333515167236,
1.060884714126587,
1.060368537902832,
1.0606282949447632,
1.0605640411376953,
1.0599141120910645,
1.0601634979248047,
1.060013771057129,
1.0596388578414917,
1.059815764427185,
1.0596983432769775,
1.0594266653060913,
1.0593535900115967,
1.0591875314712524,
1.0589916706085205,
1.0589535236358643,
1.0585216283798218,
1.058579444885254,
1.0585273504257202,
1.0580449104309082,
1.0582857131958008,
1.0581340789794922,
1.0576494932174683,
1.0578702688217163,
1.0579653978347778,
1.0573227405548096,
1.0574887990951538,
1.057245135307312,
1.0570193529129028,
1.0569469928741455,
1.056809902191162,
1.056545376777649,
1.0565565824508667,
1.0563571453094482,
1.0562705993652344,
1.0561745166778564,
1.0557887554168701,
1.0558369159698486,
1.055741310119629,
1.0553393363952637,
1.0555155277252197,
1.0554040670394897,
1.0548763275146484,
1.055104374885559,
1.0549402236938477,
1.0545037984848022,
1.0546081066131592,
1.0543920993804932,
1.0541505813598633,
1.0541770458221436,
1.0541636943817139,
1.0537233352661133,
1.0536381006240845,
1.0533143281936646,
1.053322196006775,
1.0532255172729492,
1.052746295928955,
1.0529276132583618,
1.0527364015579224,
1.0522639751434326,
1.050154685974121,
1.0506572723388672,
1.0503902435302734,
1.0507129430770874,
1.0508923530578613,
1.050534725189209,
1.050797462463379,
1.049731969833374,
1.0503761768341064,
1.0505876541137695,
1.0506349802017212,
1.0501927137374878,
1.050389289855957,
1.0503789186477661,
1.05001699924469,
1.0500024557113647,
1.0500743389129639,
1.049689769744873,
1.049646258354187,
1.0491816997528076,
1.0492814779281616,
1.0493216514587402,
1.0488219261169434,
1.0489263534545898,
1.048912763595581,
1.048404574394226,
1.0485228300094604,
1.0485117435455322,
1.0480636358261108,
1.0482287406921387,
1.0481361150741577,
1.0477582216262817,
1.0476794242858887,
1.0475131273269653,
1.0473287105560303,
1.0473392009735107,
1.0467636585235596,
1.0468672513961792,
1.046783447265625,
1.0462130308151245,
1.0462263822555542,
1.0462020635604858,
1.0457676649093628,
1.0458489656448364,
1.0457791090011597,
1.0453447103500366,
1.0453468561172485,
1.0452549457550049,
1.0448851585388184,
1.0448834896087646,
1.0445858240127563,
1.0443370342254639,
1.044354796409607,
1.0437783002853394,
1.0438820123672485,
1.0438175201416016,
1.0431499481201172,
1.0431917905807495,
1.0430339574813843,
1.0426875352859497,
1.0426523685455322,
1.0425060987472534,
1.042073369026184,
1.0420453548431396,
1.0416735410690308,
1.0415754318237305,
1.041439175605774,
1.0410031080245972,
1.0410019159317017,
1.0407942533493042,
1.0403364896774292,
1.0403770208358765,
1.0401288270950317,
1.0397275686264038,
1.0397957563400269,
1.0394787788391113,
1.0391523838043213,
1.0390774011611938,
1.037520170211792,
1.0385818481445312,
1.0384551286697388,
1.0378239154815674,
1.0378611087799072,
1.0378139019012451,
1.0370877981185913,
1.037054181098938,
1.0369741916656494,
1.0363576412200928,
1.0361894369125366,
1.035925030708313,
1.035577654838562,
1.035460352897644,
1.0351687669754028,
1.0348974466323853,
1.034623622894287,
1.0341299772262573,
1.033998966217041,
1.0337785482406616,
1.0331288576126099,
1.0332176685333252,
1.0329272747039795,
1.0323063135147095,
1.0323209762573242,
1.0319849252700806,
1.0315173864364624,
1.031424641609192,
1.0310369729995728,
1.0306406021118164,
1.03043794631958,
1.0297127962112427,
1.0296680927276611,
1.0294654369354248,
1.028778314590454,
1.028633713722229,
1.0284463167190552,
1.027864694595337,
1.0277303457260132,
1.027413010597229,
1.0269672870635986,
1.0266472101211548,
1.0262181758880615,
1.025913953781128,
1.0255857706069946,
1.0249106884002686,
1.0248829126358032,
1.0246126651763916,
1.0237611532211304,
1.0237268209457397,
1.0232510566711426,
1.0227354764938354,
1.0226022005081177,
1.0220844745635986,
1.0217174291610718,
1.0212346315383911,
1.0207589864730835,
1.0205390453338623,
1.0201705694198608,
1.0195062160491943,
1.0190184116363525,
1.0189231634140015,
1.0182194709777832,
1.0179189443588257,
1.0174925327301025,
1.016969084739685,
1.0163686275482178,
1.016256332397461,
1.0155903100967407,
1.0154271125793457,
1.0145924091339111,
1.0140661001205444,
1.0139738321304321,
1.0131497383117676,
1.013032078742981,
1.012723684310913,
1.0117554664611816,
1.0113908052444458,
1.0104280710220337,
1.0097718238830566,
1.009511113166809,
1.0091410875320435,
1.0088750123977661,
1.0083554983139038,
1.0072633028030396,
1.0064642429351807,
1.006256103515625,
1.0057082176208496,
1.0050766468048096,
1.0046261548995972,
1.0030477046966553,
1.0030711889266968,
1.003035068511963,
1.0020493268966675,
1.0018565654754639,
1.0008138418197632,
1.0003238916397095,
0.9994677901268005,
0.9985232949256897,
0.9983206987380981,
0.9979391694068909,
0.9964904189109802,
0.9964519739151001,
0.9958025217056274,
0.994485080242157,
0.9943112134933472,
0.9916349053382874,
0.992306113243103,
0.9918518662452698,
0.9911054968833923,
0.9902579188346863,
0.9896515011787415,
0.9883976578712463,
0.9878972768783569,
0.9875787496566772,
0.986598014831543,
0.9857871532440186,
0.9852510094642639,
0.983497142791748,
0.9831439256668091,
0.9824901223182678,
0.9814109802246094,
0.9806692004203796,
0.9797468781471252,
0.9786639213562012,
0.9777646064758301,
0.976961612701416,
0.9761388301849365,
0.9749036431312561,
0.9739720821380615,
0.9727733135223389,
0.9721835255622864,
0.9709278345108032,
0.9698150157928467,
0.9688091278076172,
0.9675714373588562,
0.966917097568512,
0.9660415053367615,
0.9645732045173645,
0.9634808897972107,
0.9625398516654968,
0.9611752033233643,
0.9589030742645264,
0.9591526985168457,
0.9577018022537231,
0.9563915133476257,
0.9553531408309937,
0.9542655944824219,
0.9531981945037842,
0.9519811272621155,
0.9503035545349121,
0.9492204189300537,
0.9476577043533325,
0.9462242126464844,
0.9454420208930969,
0.9441339373588562,
0.942498505115509,
0.9415808320045471,
0.9393254518508911,
0.938538134098053,
0.9374203681945801,
0.9363548159599304,
0.9348721504211426,
0.9332982301712036,
0.9318525195121765,
0.9305785894393921,
0.9294754266738892,
0.927926778793335,
0.9263872504234314,
0.9244529604911804,
0.9236986041069031,
0.9220805764198303,
0.9206721782684326,
0.9193799495697021,
0.9181044101715088,
0.9165157675743103,
0.915027916431427,
0.9134620428085327,
0.911999523639679,
0.9105176329612732,
0.9089425802230835,
0.907926619052887,
0.906324565410614,
0.9045430421829224,
0.9035999774932861,
0.9020710587501526,
0.9006848335266113,
0.8994044661521912,
0.8975492119789124,
0.8958208560943604,
0.8945369124412537,
0.8931978344917297,
0.8915756940841675,
0.8906571865081787,
0.8888945579528809,
0.8872794508934021,
0.885907769203186,
0.8848533034324646,
0.8833014369010925,
0.8814706206321716,
0.8806191086769104,
0.879313051700592,
0.8784037232398987,
0.8768672943115234,
0.8753425478935242,
0.8737431764602661,
0.8721973299980164,
0.8706982731819153,
0.8691613674163818,
0.8676980137825012,
0.8661723136901855,
0.8646224737167358,
0.8632228970527649,
0.8615938425064087,
0.8601035475730896,
0.8586239218711853,
0.8571146726608276,
0.8556731939315796,
0.8530073761940002,
0.8526008725166321,
0.8511419892311096,
0.8495196104049683,
0.8479195833206177,
0.8465418815612793,
0.8449601531028748,
0.8432436585426331,
0.8419541716575623,
0.8404286503791809,
0.8385202288627625,
0.8371270298957825,
0.8354653716087341,
0.833737313747406,
0.8322752714157104,
0.8308256268501282,
0.8290306329727173,
0.8275426030158997,
0.825858473777771,
0.825858473777771,
0.825858473777771,
0.0,
0.0,
0.0,
0.0,
0.0,
0.0,
0.0,
0.0,
0.0,
0.0,
0.0,
0.0,
0.0,
0.0,
0.0,
0.0,
0.0,
0.0,
0.0,
0.0,
0.0,
0.0,
0.0,
0.0,
0.0,
0.0,
0.0,
0.0,
0.0,
0.0,
0.0,
0.0,
0.0,
0.0,
0.0,
0.0,
0.0,
0.0,
0.0,
0.0,
0.0,
0.0,
0.0,
0.0,
0.0,
0.0,
0.0,
0.0,
0.0,
0.0,
0.0,
0.0,
0.0,
0.0,
0.0,
0.0,
0.0,
0.0,
0.0,
0.0,
0.0,
0.0,
0.0,
0.0,
0.0,
0.0,
0.0,
0.0,
0.0,
0.0,
0.0,
0.0,
0.0,
0.0,
0.0,
0.0,
0.0,
0.0,
0.0,
0.0,
0.0,
0.0,
0.0,
0.0,
0.0,
0.0,
0.0,
0.0,
0.0,
0.0,
0.0,
0.0,
0.0,
0.0,
0.0,
0.0,
0.0,
0.0,
0.0,
0.0,
0.0,
0.0,
0.0,
0.0,
0.0,
0.0,
0.0,
0.0,
0.0,
0.0,
0.0,
0.0,
0.0,
0.0,
0.0,
0.0,
0.0,
0.0,
0.0,
0.0,
0.0,
0.0,
0.0,
0.0,
0.0,
0.0,
0.0,
0.0,
0.0,
0.0,
0.0,
0.0,
0.0,
0.0,
0.0,
0.0,
0.0,
0.0,
0.0,
0.0,
0.0,
0.0,
0.0,
0.0,
0.0,
0.0,
0.0,
0.0,
0.0,
0.0,
0.0,
0.0,
0.0,
0.0,
0.0,
0.0,
0.0,
0.0,
0.0,
0.0,
0.0,
0.0,
0.0,
0.0,
0.0,
0.0,
0.0,
0.0,
0.0,
0.0,
0.0,
0.0,
0.0,
0.0,
0.0,
0.0,
0.0,
0.0,
0.0,
0.0,
0.0,
0.0,
0.0,
0.0,
0.0,
0.0,
0.0,
0.0,
0.0,
0.0,
0.0,
0.0,
0.0,
0.0,
0.0,
0.0,
0.0,
0.0,
0.0,
0.0,
0.0,
0.0,
0.0,
0.0,
0.0,
0.0,
0.0,
0.0,
0.0,
0.0,
0.0,
0.0,
0.0,
0.0,
0.0,
0.0,
0.0,
0.0,
0.0,
0.0,
0.0,
0.0,
0.0,
0.0,
0.0,
0.0,
0.0,
0.0,
0.0,
0.0,
0.0,
0.0,
0.0,
0.0,
0.0,
0.0,
0.0,
0.0,
0.0,
0.0,
0.0,
0.0,
0.0,
0.0,
0.0,
0.0,
0.0,
0.0,
0.0,
0.0,
0.0,
0.0,
0.0,
0.0,
0.0,
0.0,
0.0,
0.0,
0.0,
0.0,
0.0,
0.0,
0.0,
0.0,
0.0,
0.0,
0.0,
0.0,
0.0,
0.0,
0.0,
0.0,
0.0,
0.0,
0.0,
0.0,
0.0,
0.0,
0.0,
0.0,
0.0,
0.0,
0.0,
0.0,
0.0,
0.0,
0.0,
0.0,
0.0,
0.0,
0.0,
0.0,
0.0,
0.0,
0.0,
0.0,
0.0,
0.0,
0.0,
0.0,
0.0,
0.0,
0.0,
0.0,
0.0,
0.0,
0.0,
0.0,
0.0,
0.0,
0.0,
0.0,
0.0,
0.0,
0.0,
0.0,
0.0,
0.0,
0.0,
0.0,
0.0,
0.0,
0.0,
0.0,
0.0,
0.0,
0.0,
0.0,
0.0,
0.0,
0.0,
0.0,
0.0,
0.0,
0.0,
0.0,
0.0,
0.0,
0.0,
0.0,
0.0,
0.0,
0.0,
0.0,
0.0,
0.0,
0.0,
0.0,
0.0,
0.0,
0.0,
0.0,
0.0,
0.0,
0.0,
0.0,
0.0,
0.0,
0.0,
0.0,
0.0,
0.0,
0.0,
0.0,
0.0,
0.0,
0.0,
0.0,
0.0,
0.0,
0.0,
0.0,
0.0,
0.0,
0.0,
0.0,
0.0,
0.0,
0.0,
0.0,
0.0,
0.0,
0.0,
0.0,
0.0,
0.0,
0.0,
0.0,
0.0,
0.0,
0.0,
0.0,
0.0,
0.0,
0.0,
0.0,
0.0,
0.0,
0.0,
0.0,
0.0,
0.0,
0.0,
0.0,
0.0,
0.0,
0.0,
0.0,
0.0,
0.0,
0.0,
0.0,
0.0,
0.0,
0.0,
0.0,
0.0,
0.0,
0.0,
0.0,
0.0,
0.0,
0.0,
0.0,
0.0,
0.0,
0.0,
0.0,
0.0,
0.0,
0.0,
0.0,
0.0,
0.0,
0.0,
0.0,
0.0,
0.0,
0.0,
0.0,
0.0,
0.0,
0.0,
0.0,
0.0,
0.0,
0.0,
0.0,
0.0,
0.0,
0.0,
0.0,
0.0,
0.0,
0.0,
0.0,
0.0,
0.0,
0.0,
0.0,
0.0,
0.0,
0.0,
0.0,
0.0,
0.0,
0.0,
0.0,
0.0,
0.0,
0.0,
0.0,
0.0,
0.0,
0.0,
0.0,
0.0,
0.0,
0.0,
0.0,
0.0,
0.0,
0.0,
0.0,
0.0,
0.0,
0.0,
0.0,
0.0,
0.0,
0.0,
0.0,
0.0,
0.0,
0.0,
0.0,
0.0,
0.0,
0.0,
0.0,
0.0,
0.0,
0.0,
0.0,
0.0,
0.0,
0.0,
0.0,
0.0,
0.0,
0.0,
0.0,
0.0,
0.0,
0.0,
0.0,
0.0,
0.0,
0.0,
0.0,
0.0,
0.0,
0.0,
0.0,
0.0,
0.0,
0.0,
0.0,
0.0,
0.0,
0.0,
0.0,
0.0,
0.0,
0.0,
0.0,
0.0,
0.0,
0.0,
0.0,
0.0,
0.0,
0.0,
0.0,
0.0,
0.0,
0.0,
0.0,
0.0,
0.0,
0.0,
0.0,
0.0,
0.0,
0.0,
0.0,
0.0,
0.0,
0.0,
0.0,
0.0,
0.0,
0.0,
0.0,
0.0,
0.0,
0.0,
0.0,
0.0,
0.0,
0.0,
0.0,
0.0,
0.0,
0.0,
0.0,
0.0,
0.0,
0.0,
0.0,
0.0,
0.0,
0.0,
0.0,
0.0,
0.0,
0.0,
0.0,
0.0,
0.0,
0.0,
0.0,
0.0,
0.0,
0.0,
0.0,
0.0,
0.0,
0.0,
0.0,
0.0,
0.0,
0.0,
0.0,
0.0,
0.0,
0.0,
0.0,
0.0,
0.0,
0.0,
0.0,
0.0,
0.0,
0.0,
0.0,
0.0,
0.0,
0.0,
0.0,
0.0,
0.0,
0.0,
0.0,
0.0,
0.0,
0.0,
0.0,
0.0,
0.0,
0.0,
0.0,
0.0,
0.0,
0.0,
0.0,
0.0,
0.0,
0.0,
0.0,
0.0,
0.0,
0.0,
0.0,
0.0,
0.0,
0.0,
0.0,
0.0,
0.0,
0.0,
0.0,
0.0,
0.0,
0.0,
0.0,
0.0,
0.0,
0.0,
0.0,
0.0,
0.0,
0.0,
0.0,
0.0,
0.0,
0.0,
0.0,
0.0,
0.0,
0.0,
0.0,
0.0,
0.0,
0.0,
0.0,
0.0,
0.0,
0.0,
0.0,
0.0,
0.0,
0.0,
0.0,
0.0,
0.0,
0.0,
0.0,
0.0,
0.0,
0.0,
0.0,
0.0,
0.0,
0.0,
0.0,
0.0,
0.0,
0.0,
0.0,
0.0,
0.0,
0.0,
0.0,
0.0,
0.0,
0.0,
0.0,
0.0,
0.0,
0.0,
0.0,
0.0,
0.0,
0.0,
0.0,
0.0,
0.0,
0.0,
0.0,
0.0,
0.0,
0.0,
0.0,
0.0,
0.0,
0.0,
0.0,
0.0,
0.0,
0.0,
0.0,
0.0,
0.0,
0.0,
0.0,
0.0,
0.0,
0.0,
0.0,
0.0,
0.0,
0.0,
0.0,
0.0,
0.0,
0.0,
0.0,
0.0,
0.0,
0.0,
0.0,
0.0,
0.0,
0.0,
0.0,
0.0,
0.0,
0.0,
0.0,
0.0,
0.0,
0.0,
0.0,
0.0,
0.0,
0.0,
0.0,
0.0,
0.0,
0.0,
0.0,
0.0,
0.0,
0.0,
0.0,
0.0,
0.0,
0.0,
0.0,
0.0,
0.0,
0.0,
0.0,
0.0,
0.0,
0.0,
0.0,
0.0,
0.0,
0.0,
0.0,
0.0,
0.0,
0.0,
0.0,
0.0,
0.0,
0.0,
0.0,
0.0,
0.0,
0.0,
0.0,
0.0,
0.0,
0.0,
0.0,
0.0,
0.0,
0.0,
0.0,
0.0,
0.0,
0.0,
0.0,
0.0,
0.0,
0.0,
0.0,
0.0,
0.0,
0.0,
0.0,
0.0,
0.0,
0.0,
0.0,
0.0,
0.0,
0.0,
0.0,
0.0,
0.0,
0.0,
0.0,
0.0,
0.0,
0.0,
0.0,
0.0,
0.0,
0.0,
0.0,
0.0,
0.0,
0.0,
0.0,
0.0,
0.0,
0.0,
0.0,
0.0,
0.0,
0.0,
0.0,
0.0,
0.0,
0.0,
0.0,
0.0,
0.0,
0.0,
0.0,
0.0,
0.0,
0.0,
0.0,
0.0,
0.0,
0.0,
0.0,
0.0,
0.0,
0.0,
0.0,
0.0,
0.0,
0.0,
0.0,
0.0,
0.0,
0.0,
0.0,
0.0,
0.0,
0.0,
0.0,
0.0,
0.0,
0.0,
0.0,
0.0,
0.0,
0.0,
0.0,
0.0,
0.0,
0.0,
0.0,
0.0,
0.0,
0.0,
0.0,
0.0,
0.0,
0.0,
0.0,
0.0,
0.0,
0.0,
0.0,
0.0,
0.0,
0.0,
0.0,
0.0,
0.0,
0.0,
0.0,
0.0,
0.0,
0.0,
0.0,
0.0,
0.0,
0.0,
0.0,
0.0,
0.0,
0.0,
0.0,
0.0,
0.0,
0.0,
0.0,
0.0,
0.0,
0.0,
0.0,
0.0,
0.0,
0.0,
0.0,
0.0,
0.0,
0.0,
0.0,
0.0,
0.0,
0.0,
0.0,
0.0,
0.0,
0.0,
0.0,
0.0,
0.0,
0.0,
0.0,
0.0,
0.0,
0.0,
0.0,
0.0,
0.0,
0.0,
0.0,
0.0,
0.0,
0.0,
0.0,
0.0,
0.0,
0.0,
0.0,
0.0,
0.0,
0.0,
0.0,
0.0,
0.0,
0.0,
0.0,
0.0,
0.0,
0.0,
0.0,
0.0,
0.0,
0.0,
0.0,
0.0,
0.0,
0.0,
0.0,
0.0,
0.0,
0.0,
0.0,
0.0,
0.0,
0.0,
0.0,
0.0,
0.0,
0.0,
0.0,
0.0,
0.0,
0.0,
0.0,
0.0,
0.0,
0.0,
0.0,
0.0,
0.0,
0.0,
0.0,
0.0,
0.0,
0.0,
0.0,
0.0,
0.0,
0.0,
0.0,
0.0,
0.0,
0.0,
0.0,
0.0,
0.0,
0.0,
0.0,
0.0,
0.0,
0.0,
0.0,
0.0,
0.0,
0.0,
0.0,
0.0,
0.0,
0.0,
0.0,
0.0,
0.0,
0.0,
0.0,
0.0,
0.0,
0.0,
0.0,
0.0,
0.0,
0.0,
0.0,
0.0,
0.0,
0.0,
0.0,
0.0,
0.0,
0.0,
0.0,
0.0,
0.0,
0.0,
0.0,
0.0,
0.0,
0.0,
0.0,
0.0,
0.0,
0.0,
0.0,
0.0,
0.0,
0.0,
0.0,
0.0,
0.0,
0.0,
0.0,
0.0,
0.0,
0.0,
0.0,
0.0,
0.0,
0.0,
0.0,
0.0,
0.0,
0.0,
0.0,
0.0,
0.0,
0.0,
0.0,
0.0,
0.0,
0.0,
0.0,
0.0,
0.0,
0.0,
0.0,
0.0,
0.0,
0.0,
0.0,
0.0,
0.0,
0.0,
0.0,
0.0,
0.0,
0.0,
0.0,
0.0,
0.0,
0.0,
0.0,
0.0,
0.0,
0.0,
0.0,
0.0,
0.0,
0.0,
0.0,
0.0,
0.0,
0.0,
0.0,
0.0,
0.0,
0.0,
0.0,
0.0,
0.0,
0.0,
0.0,
0.0,
0.0,
0.0,
0.0,
0.0,
0.0,
0.0,
0.0,
0.0,
0.0,
0.0,
0.0,
0.0,
0.0,
0.0,
0.0,
0.0,
0.0,
0.0,
0.0,
0.0,
0.0,
0.0,
0.0,
0.0,
0.0,
0.0,
0.0,
0.0,
0.0,
0.0,
0.0,
0.0,
0.0,
0.0,
0.0,
0.0,
0.0,
0.0,
0.0,
0.0,
0.0,
0.0,
0.0,
0.0,
0.0,
0.0,
0.0,
0.0,
0.0,
0.0,
0.0,
0.0,
0.0,
0.0,
0.0,
0.0,
0.0,
0.0,
0.0,
0.0,
0.0,
0.0,
0.0,
0.0,
0.0,
0.0,
0.0,
0.0,
0.0,
0.0,
0.0,
0.0,
0.0,
0.0,
0.0,
0.0,
0.0,
0.0,
0.0,
0.0,
0.0,
0.0,
0.0,
0.0,
0.0,
0.0,
0.0,
0.0,
0.0,
0.0,
0.0,
0.0,
0.0,
0.0,
0.0,
0.0,
0.0,
0.0,
0.0,
0.0,
0.0,
0.0,
0.0,
0.0,
0.0,
0.0,
0.0,
0.0,
0.0,
0.0,
0.0,
0.0,
0.0,
0.0,
0.0,
0.0,
0.0,
0.0,
0.0,
0.0,
0.0,
0.0,
0.0,
0.0,
0.0,
0.0,
0.0,
0.0,
0.0,
0.0,
0.0,
0.0,
0.0,
0.0,
0.0,
0.0,
0.0,
0.0,
0.0,
0.0,
0.0,
0.0,
0.0,
0.0,
0.0,
0.0,
0.0,
0.0,
0.0,
0.0,
0.0,
0.0,
0.0,
0.0,
0.0,
0.0,
0.0,
0.0,
0.0,
0.0,
0.0,
0.0,
0.0,
0.0,
0.0,
0.0,
0.0,
0.0,
0.0,
0.0,
0.0,
0.0,
0.0,
0.0,
0.0,
0.0,
0.0,
0.0,
0.0,
0.0,
0.0,
0.0,
0.0,
0.0,
0.0,
0.0,
0.0,
0.0,
0.0,
0.0,
0.0,
0.0,
0.0,
0.0,
0.0,
0.0,
0.0,
0.0,
0.0,
0.0,
0.0,
0.0,
0.0,
0.0,
0.0,
0.0,
0.0,
0.0,
0.0,
0.0,
0.0,
0.0,
0.0,
0.0,
0.0,
0.0,
0.0,
0.0,
0.0,
0.0,
0.0,
0.0,
0.0,
0.0,
0.0,
0.0,
0.0,
0.0,
0.0,
0.0,
0.0,
0.0,
0.0,
0.0,
0.0,
0.0,
0.0,
0.0,
0.0,
0.0,
0.0,
0.0,
0.0,
0.0,
0.0,
0.0,
0.0,
0.0,
0.0,
0.0,
0.0,
0.0,
0.0,
0.0,
0.0,
0.0,
0.0,
0.0,
0.0,
0.0,
0.0,
0.0,
0.0,
0.0,
0.0,
0.0,
0.0,
0.0,
0.0,
0.0,
0.0,
0.0,
0.0,
0.0,
0.0,
0.0,
0.0,
0.0,
0.0,
0.0,
0.0,
0.0,
0.0,
0.0,
0.0,
0.0,
0.0,
0.0,
0.0,
0.0,
0.0,
0.0,
0.0,
0.0,
0.0,
0.0,
0.0,
0.0,
0.0,
0.0,
0.0,
0.0,
0.0,
0.0,
0.0,
0.0,
0.0,
0.0,
0.0,
0.0,
0.0,
0.0,
0.0,
0.0,
0.0,
0.0,
0.0,
0.0,
0.0,
0.0,
0.0,
0.0,
0.0,
0.0,
0.0,
0.0,
0.0,
0.0,
0.0,
0.0,
0.0,
0.0,
0.0,
0.0,
0.0,
0.0,
0.0,
0.0,
0.0,
0.0,
0.0,
0.0,
0.0,
0.0,
0.0,
0.0,
0.0,
0.0,
0.0,
0.0,
0.0,
0.0,
0.0,
0.0,
0.0,
0.0,
0.0,
0.0,
0.0,
0.0,
0.0,
0.0,
0.0,
0.0,
0.0,
0.0,
0.0,
0.0,
0.0,
0.0,
0.0,
0.0,
0.0,
0.0,
0.0,
0.0,
0.0,
0.0,
0.0,
0.0,
0.0,
0.0,
0.0,
0.0,
0.0,
0.0,
0.0,
0.0,
0.0,
0.0,
0.0,
0.0,
0.0,
0.0,
0.0,
0.0,
0.0,
0.0,
0.0,
0.0,
0.0,
0.0,
0.0,
0.0,
0.0,
0.0,
0.0,
0.0,
0.0,
0.0,
0.0,
0.0,
0.0,
0.0,
0.0,
0.0,
0.0,
0.0,
0.0,
0.0,
0.0,
0.0,
0.0,
0.0,
0.0,
0.0,
0.0,
0.0,
0.0,
0.0,
0.0,
0.0,
0.0,
0.0,
0.0,
0.0,
0.0,
0.0,
0.0,
0.0,
0.0,
0.0,
0.0,
0.0,
0.0,
0.0,
0.0,
0.0,
0.0,
0.0,
0.0,
0.0,
0.0,
0.0,
0.0,
0.0,
0.0,
0.0,
0.0,
0.0,
0.0,
0.0,
0.0,
0.0,
0.0,
0.0,
0.0,
0.0,
0.0,
0.0,
0.0,
0.0,
0.0,
0.0,
0.0,
0.0,
0.0,
0.0,
0.0,
0.0,
0.0,
0.0,
0.0,
0.0,
0.0,
0.0,
0.0,
0.0,
0.0,
0.0,
0.0,
0.0,
0.0,
0.0,
0.0,
0.0,
0.0,
0.0,
0.0,
0.0,
0.0,
0.0,
0.0,
0.0,
0.0,
0.0,
0.0,
0.0,
0.0,
0.0,
0.0,
0.0,
0.0,
0.0,
0.0,
0.0,
0.0,
0.0,
0.0,
0.0,
0.0,
0.0,
0.0,
0.0,
0.0,
0.0,
0.0,
0.0,
0.0,
0.0,
0.0,
0.0,
0.0,
0.0,
0.0,
0.0,
0.0,
0.0,
0.0,
0.0,
0.0,
0.0,
0.0,
0.0,
0.0,
0.0,
0.0,
0.0,
0.0,
0.0,
0.0,
0.0,
0.0,
0.0,
0.0,
0.0,
0.0,
0.0,
0.0,
0.0,
0.0,
0.0,
0.0,
0.0,
0.0,
0.0,
0.0,
0.0,
0.0,
0.0,
0.0,
0.0,
0.0,
0.0,
0.0,
0.0,
0.0,
0.0,
0.0,
0.0,
0.0,
0.0,
0.0,
0.0,
0.0,
0.0,
0.0,
0.0,
0.0,
0.0,
0.0,
