1.0708590745925903,
1.073539137840271,
1.0754817724227905,
1.076341152191162,
1.0763674974441528,
1.0769829750061035,
1.0773957967758179,
1.0766037702560425,
1.0775482654571533,
1.0778635740280151,
1.0773178339004517,
1.0781097412109375,
1.078292727470398,
1.0780456066131592,
1.078474760055542,
1.078236699104309,
1.078288197517395,
1.078813910484314,
1.07877516746521,
1.0789340734481812,
1.079189419746399,
1.0786575078964233,
1.078660249710083,
1.0791394710540771,
1.0785667896270752,
1.0792609453201294,
1.0796066522598267,
1.078688144683838,
1.079382300376892,
1.0794848203659058,
1.0782767534255981,
1.0791651010513306,
1.0789674520492554,
1.0787193775177002,
1.0785911083221436,
1.0788440704345703,
1.0789010524749756,
1.0793744325637817,
1.079712152481079,
1.079629898071289,
1.0799673795700073,
1.0787609815597534,
1.079447627067566,
1.0794705152511597,
1.0783168077468872,
1.0792200565338135,
1.0796082019805908,
1.0781960487365723,
1.0790361166000366,
1.079132080078125,
1.0784789323806763,
1.0791363716125488,
1.0788238048553467,
1.0783324241638184,
1.079017162322998,
1.079091191291809,
1.0783822536468506,
1.078518271446228,
1.0787622928619385,
1.0785499811172485,
1.0788617134094238,
1.0780974626541138,
1.078290343284607,
1.078365445137024,
1.077748417854309,
1.0785919427871704,
1.0787127017974854,
1.0776944160461426,
1.0784518718719482,
1.07866370677948,
1.0774599313735962,
1.078255295753479,
1.078274130821228,
1.0776233673095703,
1.0781357288360596,
1.0778954029083252,
1.0775055885314941,
1.0775712728500366,
1.0777359008789062,
1.0775460004806519,
1.0778018236160278,
1.0768771171569824,
1.0771427154541016,
1.0771420001983643,
1.0766746997833252,
1.0772664546966553,
1.0770337581634521,
1.076061487197876,
1.076924443244934,
1.0773372650146484,
1.0762592554092407,
1.0769352912902832,
1.076332926750183,
1.075950264930725,
1.0765011310577393,
1.0763049125671387,
1.0759981870651245,
1.0760390758514404,
1.0761576890945435,
1.0759984254837036,
1.0762572288513184,
1.0750839710235596,
1.0756292343139648,
1.0756484270095825,
1.0746217966079712,
1.0753554105758667,
1.0755375623703003,
1.0742974281311035,
1.0749108791351318,
1.0752520561218262,
1.0744273662567139,
1.075247049331665,
1.0746688842773438,
1.0742087364196777,
1.0746335983276367,
1.0747836828231812,
1.0740184783935547,
1.0742859840393066,
1.07341730594635,
1.0739011764526367,
1.0739279985427856,
1.0731143951416016,
1.0735797882080078,
1.073708415031433,
1.0726431608200073,
1.0732743740081787,
1.0731475353240967,
1.0721769332885742,
1.0727250576019287,
1.0726217031478882,
1.0719393491744995,
1.0724674463272095,
1.0724124908447266,
1.071945071220398,
1.0722618103027344,
1.0720852613449097,
1.071797490119934,
1.0720351934432983,
1.071021556854248,
1.0715001821517944,
1.0714359283447266,
1.0704065561294556,
1.0708516836166382,
1.0711188316345215,
1.0696666240692139,
1.0704697370529175,
1.070643663406372,
1.0695143938064575,
1.070224404335022,
1.0702319145202637,
1.0695831775665283,
1.0693614482879639,
1.0695093870162964,
1.0691524744033813,
1.069317102432251,
1.0684481859207153,
1.0689325332641602,
1.069075584411621,
1.068495750427246,
1.0686323642730713,
1.068888545036316,
1.0673303604125977,
1.068066954612732,
1.068172812461853,
1.0670233964920044,
1.0675504207611084,
1.0676147937774658,
1.066558599472046,
1.0669128894805908,
1.067003607749939,
1.0666124820709229,
1.0667814016342163,
1.0660959482192993,
1.066207766532898,
1.0662565231323242,
1.065272331237793,
1.0655896663665771,
1.0654430389404297,
1.064562201499939,
1.0649198293685913,
1.0649851560592651,
1.0643446445465088,
1.064762830734253,
1.0646964311599731,
1.0638424158096313,
1.0642060041427612,
1.0639863014221191,
1.0636714696884155,
1.0637552738189697,
1.0633443593978882,
1.0637776851654053,
1.0633368492126465,
1.062113881111145,
1.0626376867294312,
1.0626246929168701,
1.0614362955093384,
1.0620710849761963,
1.0620481967926025,
1.0607621669769287,
1.0614200830459595,
1.0612796545028687,
1.0602984428405762,
1.0606403350830078,
1.0603927373886108,
1.0600122213363647,
1.0601650476455688,
1.0599021911621094,
1.0596193075180054,
1.0597442388534546,
1.0588077306747437,
1.0590192079544067,
1.0588618516921997,
1.0580103397369385,
1.058383584022522,
1.0585532188415527,
1.0571095943450928,
1.0575617551803589,
1.057413101196289,
1.0566073656082153,
1.0570478439331055,
1.056809902191162,
1.056086540222168,
1.0561883449554443,
1.056120753288269,
1.0556881427764893,
1.0555353164672852,
1.0547997951507568,
1.0549207925796509,
1.0547806024551392,
1.0539168119430542,
1.0545170307159424,
1.0543203353881836,
1.052978277206421,
1.053374171257019,
1.0534067153930664,
1.052506685256958,
1.0528570413589478,
1.052496075630188,
1.0515434741973877,
1.0515955686569214,
1.0513088703155518,
1.0511305332183838,
1.0512468814849854,
1.0502463579177856,
1.050469160079956,
1.0500777959823608,
1.0494519472122192,
1.0458804368972778,
1.0471665859222412,
1.0469681024551392,
1.047674298286438,
1.047648549079895,
1.0469436645507812,
1.047513484954834,
1.0473824739456177,
1.0466551780700684,
1.0469739437103271,
1.0469783544540405,
1.0460093021392822,
1.0466036796569824,
1.0464394092559814,
1.045743465423584,
1.0457701683044434,
1.045664668083191,
1.0449564456939697,
1.045024037361145,
1.0441837310791016,
1.0444124937057495,
1.0444133281707764,
1.0436015129089355,
1.0439305305480957,
1.0439789295196533,
1.0428555011749268,
1.0431482791900635,
1.0430917739868164,
1.0420762300491333,
1.0423390865325928,
1.042035460472107,
1.0414973497390747,
1.04154634475708,
1.0410135984420776,
1.0407220125198364,
1.040615200996399,
1.0398691892623901,
1.0399421453475952,
1.039789080619812,
1.0386297702789307,
1.0386229753494263,
1.0382237434387207,
1.037626028060913,
1.0378565788269043,
1.0375698804855347,
1.0368438959121704,
1.0369231700897217,
1.036656379699707,
1.0358455181121826,
1.0356391668319702,
1.034954309463501,
1.0349156856536865,
1.034546971321106,
1.033766269683838,
1.0340408086776733,
1.0336380004882812,
1.032540202140808,
1.0323054790496826,
1.0317676067352295,
1.031559705734253,
1.0316039323806763,
1.0310397148132324,
1.0302003622055054,
1.0302547216415405,
1.0292044878005981,
1.0293121337890625,
1.0286203622817993,
1.0278321504592896,
1.0280098915100098,
1.0274882316589355,
1.026680827140808,
1.0263935327529907,
1.0260393619537354,
1.0252013206481934,
1.0252794027328491,
1.0246011018753052,
1.0238864421844482,
1.0237622261047363,
1.0228917598724365,
1.022266149520874,
1.021947979927063,
1.0210763216018677,
1.021092414855957,
1.0202078819274902,
1.0190935134887695,
1.0188417434692383,
1.0183149576187134,
1.0176688432693481,
1.0173650979995728,
1.0167416334152222,
1.0158323049545288,
1.0157183408737183,
1.0149065256118774,
1.0145213603973389,
1.0140209197998047,
1.0131086111068726,
1.0121455192565918,
1.0115094184875488,
1.0104714632034302,
1.010606050491333,
1.0098798274993896,
1.0085946321487427,
1.008576512336731,
1.0076963901519775,
1.0063891410827637,
1.0061053037643433,
1.0053324699401855,
1.0042591094970703,
1.0040161609649658,
1.0027450323104858,
1.002258062362671,
1.0015536546707153,
0.9994559288024902,
0.9998666644096375,
0.9985982179641724,
0.9974365830421448,
0.9975696802139282,
0.9965789318084717,
0.9954422116279602,
0.9944621324539185,
0.9940106272697449,
0.9931190609931946,
0.9920192360877991,
0.9912289381027222,
0.9904698729515076,
0.9888090491294861,
0.9878463745117188,
0.9873490929603577,
0.9860466122627258,
0.9846361875534058,
0.9846065044403076,
0.9829959273338318,
0.9818849563598633,
0.9807934165000916,
0.9800096154212952,
0.9784526824951172,
0.9773842096328735,
0.9756388664245605,
0.9746676683425903,
0.9731104373931885,
0.9719295501708984,
0.9711031913757324,
0.9695504307746887,
0.9679709076881409,
0.9670042395591736,
0.966122031211853,
0.9638876914978027,
0.9628320336341858,
0.9611465334892273,
0.9599770307540894,
0.9586254358291626,
0.9569453597068787,
0.9555162191390991,
0.9535120725631714,
0.9519538879394531,
0.9505640864372253,
0.9489973187446594,
0.947189450263977,
0.9457266926765442,
0.9438003301620483,
0.9419446587562561,
0.9398210644721985,
0.9382758140563965,
0.9353936910629272,
0.9343140125274658,
0.9318665862083435,
0.9297561049461365,
0.9283524751663208,
0.9262547492980957,
0.9237591028213501,
0.9217244982719421,
0.9201787114143372,
0.917203426361084,
0.9150357842445374,
0.913274884223938,
0.9113029837608337,
0.9095258712768555,
0.9070785045623779,
0.9047644138336182,
0.9026500582695007,
0.9015065431594849,
0.8984580636024475,
0.8965538740158081,
0.8942548036575317,
0.8921282291412354,
0.8901670575141907,
0.8883979320526123,
0.8858893513679504,
0.8837667107582092,
0.8819075226783752,
0.8793368339538574,
0.8775715827941895,
0.8755858540534973,
0.8732143044471741,
0.8713386058807373,
0.8694759011268616,
0.867073655128479,
0.8650951385498047,
0.8630338907241821,
0.8610534071922302,
0.8590654134750366,
0.8565846085548401,
0.8546255826950073,
0.8526594042778015,
0.8505545854568481,
0.8485314846038818,
0.8464969396591187,
0.8442338109016418,
0.8422232866287231,
0.8400430679321289,
0.8376943469047546,
0.8358196020126343,
0.8335704207420349,
0.8312844038009644,
0.8292315602302551,
0.8269768953323364,
0.8251447677612305,
0.8251447677612305,
0.8251447677612305,
0.0,
0.0,
0.0,
0.0,
0.0,
0.0,
0.0,
0.0,
0.0,
0.0,
0.0,
0.0,
0.0,
0.0,
0.0,
0.0,
0.0,
0.0,
0.0,
0.0,
0.0,
0.0,
0.0,
0.0,
0.0,
0.0,
0.0,
0.0,
0.0,
0.0,
0.0,
0.0,
0.0,
0.0,
0.0,
0.0,
0.0,
0.0,
0.0,
0.0,
0.0,
0.0,
0.0,
0.0,
0.0,
0.0,
0.0,
0.0,
0.0,
0.0,
0.0,
0.0,
0.0,
0.0,
0.0,
0.0,
0.0,
0.0,
0.0,
0.0,
0.0,
0.0,
0.0,
0.0,
0.0,
0.0,
0.0,
0.0,
0.0,
0.0,
0.0,
0.0,
0.0,
0.0,
0.0,
0.0,
0.0,
0.0,
0.0,
0.0,
0.0,
0.0,
0.0,
0.0,
0.0,
0.0,
0.0,
0.0,
0.0,
0.0,
0.0,
0.0,
0.0,
0.0,
0.0,
0.0,
0.0,
0.0,
0.0,
0.0,
0.0,
0.0,
0.0,
0.0,
0.0,
0.0,
0.0,
0.0,
0.0,
0.0,
0.0,
0.0,
0.0,
0.0,
0.0,
0.0,
0.0,
0.0,
0.0,
0.0,
0.0,
0.0,
0.0,
0.0,
0.0,
0.0,
0.0,
0.0,
0.0,
0.0,
0.0,
0.0,
0.0,
0.0,
0.0,
0.0,
0.0,
0.0,
0.0,
0.0,
0.0,
0.0,
0.0,
0.0,
0.0,
0.0,
0.0,
0.0,
0.0,
0.0,
0.0,
0.0,
0.0,
0.0,
0.0,
0.0,
0.0,
0.0,
0.0,
0.0,
0.0,
0.0,
0.0,
0.0,
0.0,
0.0,
0.0,
0.0,
0.0,
0.0,
0.0,
0.0,
0.0,
0.0,
0.0,
0.0,
0.0,
0.0,
0.0,
0.0,
0.0,
0.0,
0.0,
0.0,
0.0,
0.0,
0.0,
0.0,
0.0,
0.0,
0.0,
0.0,
0.0,
0.0,
0.0,
0.0,
0.0,
0.0,
0.0,
0.0,
0.0,
0.0,
0.0,
0.0,
0.0,
0.0,
0.0,
0.0,
0.0,
0.0,
0.0,
0.0,
0.0,
0.0,
0.0,
0.0,
0.0,
0.0,
0.0,
0.0,
0.0,
0.0,
0.0,
0.0,
0.0,
0.0,
0.0,
0.0,
0.0,
0.0,
0.0,
0.0,
0.0,
0.0,
0.0,
0.0,
0.0,
0.0,
0.0,
0.0,
0.0,
0.0,
0.0,
0.0,
0.0,
0.0,
0.0,
0.0,
0.0,
0.0,
0.0,
0.0,
0.0,
0.0,
0.0,
0.0,
0.0,
0.0,
0.0,
0.0,
0.0,
0.0,
0.0,
0.0,
0.0,
0.0,
0.0,
0.0,
0.0,
0.0,
0.0,
0.0,
0.0,
0.0,
0.0,
0.0,
0.0,
0.0,
0.0,
0.0,
0.0,
0.0,
0.0,
0.0,
0.0,
0.0,
0.0,
0.0,
0.0,
0.0,
0.0,
0.0,
0.0,
0.0,
0.0,
0.0,
0.0,
0.0,
0.0,
0.0,
0.0,
0.0,
0.0,
0.0,
0.0,
0.0,
0.0,
0.0,
0.0,
0.0,
0.0,
0.0,
0.0,
0.0,
0.0,
0.0,
0.0,
0.0,
0.0,
0.0,
0.0,
0.0,
0.0,
0.0,
0.0,
0.0,
0.0,
0.0,
0.0,
0.0,
0.0,
0.0,
0.0,
0.0,
0.0,
0.0,
0.0,
0.0,
0.0,
0.0,
0.0,
0.0,
0.0,
0.0,
0.0,
0.0,
0.0,
0.0,
0.0,
0.0,
0.0,
0.0,
0.0,
0.0,
0.0,
0.0,
0.0,
0.0,
0.0,
0.0,
0.0,
0.0,
0.0,
0.0,
0.0,
0.0,
0.0,
0.0,
0.0,
0.0,
0.0,
0.0,
0.0,
0.0,
0.0,
0.0,
0.0,
0.0,
0.0,
0.0,
0.0,
0.0,
0.0,
0.0,
0.0,
0.0,
0.0,
0.0,
0.0,
0.0,
0.0,
0.0,
0.0,
0.0,
0.0,
0.0,
0.0,
0.0,
0.0,
0.0,
0.0,
0.0,
0.0,
0.0,
0.0,
0.0,
0.0,
0.0,
0.0,
0.0,
0.0,
0.0,
0.0,
0.0,
0.0,
0.0,
0.0,
0.0,
0.0,
0.0,
0.0,
0.0,
0.0,
0.0,
0.0,
0.0,
0.0,
0.0,
0.0,
0.0,
0.0,
0.0,
0.0,
0.0,
0.0,
0.0,
0.0,
0.0,
0.0,
0.0,
0.0,
0.0,
0.0,
0.0,
0.0,
0.0,
0.0,
0.0,
0.0,
0.0,
0.0,
0.0,
0.0,
0.0,
0.0,
0.0,
0.0,
0.0,
0.0,
0.0,
0.0,
0.0,
0.0,
0.0,
0.0,
0.0,
0.0,
0.0,
0.0,
0.0,
0.0,
0.0,
0.0,
0.0,
0.0,
0.0,
0.0,
0.0,
0.0,
0.0,
0.0,
0.0,
0.0,
0.0,
0.0,
0.0,
0.0,
0.0,
0.0,
0.0,
0.0,
0.0,
0.0,
0.0,
0.0,
0.0,
0.0,
0.0,
0.0,
0.0,
0.0,
0.0,
0.0,
0.0,
0.0,
0.0,
0.0,
0.0,
0.0,
0.0,
0.0,
0.0,
0.0,
0.0,
0.0,
0.0,
0.0,
0.0,
0.0,
0.0,
0.0,
0.0,
0.0,
0.0,
0.0,
0.0,
0.0,
0.0,
0.0,
0.0,
0.0,
0.0,
0.0,
0.0,
0.0,
0.0,
0.0,
0.0,
0.0,
0.0,
0.0,
0.0,
0.0,
0.0,
0.0,
0.0,
0.0,
0.0,
0.0,
0.0,
0.0,
0.0,
0.0,
0.0,
0.0,
0.0,
0.0,
0.0,
0.0,
0.0,
0.0,
0.0,
0.0,
0.0,
0.0,
0.0,
0.0,
0.0,
0.0,
0.0,
0.0,
0.0,
0.0,
0.0,
0.0,
0.0,
0.0,
0.0,
0.0,
0.0,
0.0,
0.0,
0.0,
0.0,
0.0,
0.0,
0.0,
0.0,
0.0,
0.0,
0.0,
0.0,
0.0,
0.0,
0.0,
0.0,
0.0,
0.0,
0.0,
0.0,
0.0,
0.0,
0.0,
0.0,
0.0,
0.0,
0.0,
0.0,
0.0,
0.0,
0.0,
0.0,
0.0,
0.0,
0.0,
0.0,
0.0,
0.0,
0.0,
0.0,
0.0,
0.0,
0.0,
0.0,
0.0,
0.0,
0.0,
0.0,
0.0,
0.0,
0.0,
0.0,
0.0,
0.0,
0.0,
0.0,
0.0,
0.0,
0.0,
0.0,
0.0,
0.0,
0.0,
0.0,
0.0,
0.0,
0.0,
0.0,
0.0,
0.0,
0.0,
0.0,
0.0,
0.0,
0.0,
0.0,
0.0,
0.0,
0.0,
0.0,
0.0,
0.0,
0.0,
0.0,
0.0,
0.0,
0.0,
0.0,
0.0,
0.0,
0.0,
0.0,
0.0,
0.0,
0.0,
0.0,
0.0,
0.0,
0.0,
0.0,
0.0,
0.0,
0.0,
0.0,
0.0,
0.0,
0.0,
0.0,
0.0,
0.0,
0.0,
0.0,
0.0,
0.0,
0.0,
0.0,
0.0,
0.0,
0.0,
0.0,
0.0,
0.0,
0.0,
0.0,
0.0,
0.0,
0.0,
0.0,
0.0,
0.0,
0.0,
0.0,
0.0,
0.0,
0.0,
0.0,
0.0,
0.0,
0.0,
0.0,
0.0,
0.0,
0.0,
0.0,
0.0,
0.0,
0.0,
0.0,
0.0,
0.0,
0.0,
0.0,
0.0,
0.0,
0.0,
0.0,
0.0,
0.0,
0.0,
0.0,
0.0,
0.0,
0.0,
0.0,
0.0,
0.0,
0.0,
0.0,
0.0,
0.0,
0.0,
0.0,
0.0,
0.0,
0.0,
0.0,
0.0,
0.0,
0.0,
0.0,
0.0,
0.0,
0.0,
0.0,
0.0,
0.0,
0.0,
0.0,
0.0,
0.0,
0.0,
0.0,
0.0,
0.0,
0.0,
0.0,
0.0,
0.0,
0.0,
0.0,
0.0,
0.0,
0.0,
0.0,
0.0,
0.0,
0.0,
0.0,
0.0,
0.0,
0.0,
0.0,
0.0,
0.0,
0.0,
0.0,
0.0,
0.0,
0.0,
0.0,
0.0,
0.0,
0.0,
0.0,
0.0,
0.0,
0.0,
0.0,
0.0,
0.0,
0.0,
0.0,
0.0,
0.0,
0.0,
0.0,
0.0,
0.0,
0.0,
0.0,
0.0,
0.0,
0.0,
0.0,
0.0,
0.0,
0.0,
0.0,
0.0,
0.0,
0.0,
0.0,
0.0,
0.0,
0.0,
0.0,
0.0,
0.0,
0.0,
0.0,
0.0,
0.0,
0.0,
0.0,
0.0,
0.0,
0.0,
0.0,
0.0,
0.0,
0.0,
0.0,
0.0,
0.0,
0.0,
0.0,
0.0,
0.0,
0.0,
0.0,
0.0,
0.0,
0.0,
0.0,
0.0,
0.0,
0.0,
0.0,
0.0,
0.0,
0.0,
0.0,
0.0,
0.0,
0.0,
0.0,
0.0,
0.0,
0.0,
0.0,
0.0,
0.0,
0.0,
0.0,
0.0,
0.0,
0.0,
0.0,
0.0,
0.0,
0.0,
0.0,
0.0,
0.0,
0.0,
0.0,
0.0,
0.0,
0.0,
0.0,
0.0,
0.0,
0.0,
0.0,
0.0,
0.0,
0.0,
0.0,
0.0,
0.0,
0.0,
0.0,
0.0,
0.0,
0.0,
0.0,
0.0,
0.0,
0.0,
0.0,
0.0,
0.0,
0.0,
0.0,
0.0,
0.0,
0.0,
0.0,
0.0,
0.0,
0.0,
0.0,
0.0,
0.0,
0.0,
0.0,
0.0,
0.0,
0.0,
0.0,
0.0,
0.0,
0.0,
0.0,
0.0,
0.0,
0.0,
0.0,
0.0,
0.0,
0.0,
0.0,
0.0,
0.0,
0.0,
0.0,
0.0,
0.0,
0.0,
0.0,
0.0,
0.0,
0.0,
0.0,
0.0,
0.0,
0.0,
0.0,
0.0,
0.0,
0.0,
0.0,
0.0,
0.0,
0.0,
0.0,
0.0,
0.0,
0.0,
0.0,
0.0,
0.0,
0.0,
0.0,
0.0,
0.0,
0.0,
0.0,
0.0,
0.0,
0.0,
0.0,
0.0,
0.0,
0.0,
0.0,
0.0,
0.0,
0.0,
0.0,
0.0,
0.0,
0.0,
0.0,
0.0,
0.0,
0.0,
0.0,
0.0,
0.0,
0.0,
0.0,
0.0,
0.0,
0.0,
0.0,
0.0,
0.0,
0.0,
0.0,
0.0,
0.0,
0.0,
0.0,
0.0,
0.0,
0.0,
0.0,
0.0,
0.0,
0.0,
0.0,
0.0,
0.0,
0.0,
0.0,
0.0,
0.0,
0.0,
0.0,
0.0,
0.0,
0.0,
0.0,
0.0,
0.0,
0.0,
0.0,
0.0,
0.0,
0.0,
0.0,
0.0,
0.0,
0.0,
0.0,
0.0,
0.0,
0.0,
0.0,
0.0,
0.0,
0.0,
0.0,
0.0,
0.0,
0.0,
0.0,
0.0,
0.0,
0.0,
0.0,
0.0,
0.0,
0.0,
0.0,
0.0,
0.0,
0.0,
0.0,
0.0,
0.0,
0.0,
0.0,
0.0,
0.0,
0.0,
0.0,
0.0,
0.0,
0.0,
0.0,
0.0,
0.0,
0.0,
0.0,
0.0,
0.0,
0.0,
0.0,
0.0,
0.0,
0.0,
0.0,
0.0,
0.0,
0.0,
0.0,
0.0,
0.0,
0.0,
0.0,
0.0,
0.0,
0.0,
0.0,
0.0,
0.0,
0.0,
0.0,
0.0,
0.0,
0.0,
0.0,
0.0,
0.0,
0.0,
0.0,
0.0,
0.0,
0.0,
0.0,
0.0,
0.0,
0.0,
0.0,
0.0,
0.0,
0.0,
0.0,
0.0,
0.0,
0.0,
0.0,
0.0,
0.0,
0.0,
0.0,
0.0,
0.0,
0.0,
0.0,
0.0,
0.0,
0.0,
0.0,
0.0,
0.0,
0.0,
0.0,
0.0,
0.0,
0.0,
0.0,
0.0,
0.0,
0.0,
0.0,
0.0,
0.0,
0.0,
0.0,
0.0,
0.0,
0.0,
0.0,
0.0,
0.0,
0.0,
0.0,
0.0,
0.0,
0.0,
0.0,
0.0,
0.0,
0.0,
0.0,
0.0,
0.0,
0.0,
0.0,
0.0,
0.0,
0.0,
0.0,
0.0,
0.0,
0.0,
0.0,
0.0,
0.0,
0.0,
0.0,
0.0,
0.0,
0.0,
0.0,
0.0,
0.0,
0.0,
0.0,
0.0,
0.0,
0.0,
0.0,
0.0,
0.0,
0.0,
0.0,
0.0,
0.0,
0.0,
0.0,
0.0,
0.0,
0.0,
0.0,
0.0,
0.0,
0.0,
0.0,
0.0,
0.0,
0.0,
0.0,
0.0,
0.0,
0.0,
0.0,
0.0,
0.0,
0.0,
0.0,
0.0,
0.0,
0.0,
0.0,
0.0,
0.0,
0.0,
0.0,
0.0,
0.0,
0.0,
0.0,
0.0,
0.0,
0.0,
0.0,
0.0,
0.0,
0.0,
0.0,
0.0,
0.0,
0.0,
0.0,
0.0,
0.0,
0.0,
0.0,
0.0,
0.0,
0.0,
0.0,
0.0,
0.0,
0.0,
0.0,
0.0,
0.0,
0.0,
0.0,
0.0,
0.0,
0.0,
0.0,
0.0,
0.0,
0.0,
0.0,
0.0,
0.0,
0.0,
0.0,
0.0,
0.0,
0.0,
0.0,
0.0,
0.0,
0.0,
0.0,
0.0,
0.0,
0.0,
0.0,
0.0,
0.0,
0.0,
0.0,
0.0,
0.0,
0.0,
0.0,
0.0,
0.0,
0.0,
0.0,
0.0,
0.0,
0.0,
0.0,
0.0,
0.0,
0.0,
0.0,
0.0,
0.0,
0.0,
0.0,
0.0,
0.0,
0.0,
0.0,
0.0,
0.0,
0.0,
0.0,
0.0,
0.0,
0.0,
0.0,
0.0,
0.0,
0.0,
0.0,
0.0,
0.0,
0.0,
0.0,
0.0,
0.0,
0.0,
0.0,
0.0,
0.0,
0.0,
0.0,
0.0,
0.0,
0.0,
0.0,
0.0,
0.0,
0.0,
0.0,
0.0,
0.0,
0.0,
0.0,
0.0,
0.0,
0.0,
0.0,
0.0,
0.0,
0.0,
0.0,
0.0,
0.0,
0.0,
0.0,
0.0,
0.0,
0.0,
0.0,
0.0,
0.0,
0.0,
0.0,
0.0,
0.0,
0.0,
0.0,
0.0,
0.0,
0.0,
0.0,
0.0,
0.0,
0.0,
0.0,
0.0,
0.0,
0.0,
0.0,
0.0,
0.0,
0.0,
0.0,
0.0,
0.0,
0.0,
0.0,
0.0,
0.0,
0.0,
0.0,
0.0,
0.0,
0.0,
0.0,
0.0,
0.0,
0.0,
0.0,
0.0,
0.0,
0.0,
0.0,
0.0,
0.0,
0.0,
0.0,
0.0,
0.0,
0.0,
0.0,
0.0,
0.0,
0.0,
0.0,
0.0,
0.0,
0.0,
0.0,
0.0,
0.0,
0.0,
0.0,
0.0,
0.0,
0.0,
0.0,
0.0,
0.0,
0.0,
0.0,
0.0,
0.0,
0.0,
0.0,
0.0,
0.0,
0.0,
0.0,
0.0,
0.0,
0.0,
0.0,
0.0,
0.0,
0.0,
0.0,
0.0,
0.0,
0.0,
0.0,
0.0,
0.0,
0.0,
0.0,
0.0,
0.0,
0.0,
0.0,
0.0,
0.0,
0.0,
0.0,
0.0,
0.0,
0.0,
0.0,
0.0,
0.0,
0.0,
0.0,
0.0,
0.0,
0.0,
0.0,
0.0,
0.0,
0.0,
0.0,
0.0,
0.0,
0.0,
0.0,
0.0,
0.0,
0.0,
0.0,
0.0,
0.0,
0.0,
0.0,
0.0,
0.0,
0.0,
0.0,
0.0,
0.0,
0.0,
0.0,
0.0,
0.0,
0.0,
0.0,
0.0,
0.0,
0.0,
0.0,
0.0,
0.0,
0.0,
0.0,
0.0,
0.0,
0.0,
0.0,
0.0,
0.0,
0.0,
0.0,
0.0,
0.0,
0.0,
0.0,
0.0,
0.0,
0.0,
0.0,
0.0,
0.0,
0.0,
0.0,
0.0,
0.0,
0.0,
0.0,
0.0,
0.0,
0.0,
0.0,
0.0,
0.0,
0.0,
0.0,
0.0,
0.0,
0.0,
0.0,
0.0,
0.0,
0.0,
0.0,
0.0,
0.0,
0.0,
0.0,
0.0,
0.0,
0.0,
0.0,
0.0,
0.0,
0.0,
0.0,
0.0,
0.0,
0.0,
0.0,
0.0,
0.0,
0.0,
0.0,
0.0,
0.0,
0.0,
0.0,
0.0,
0.0,
0.0,
0.0,
0.0,
0.0,
0.0,
0.0,
0.0,
0.0,
0.0,
0.0,
0.0,
0.0,
0.0,
0.0,
0.0,
0.0,
0.0,
0.0,
0.0,
0.0,
0.0,
0.0,
0.0,
0.0,
0.0,
0.0,
0.0,
0.0,
0.0,
0.0,
0.0,
0.0,
0.0,
0.0,
0.0,
0.0,
0.0,
0.0,
0.0,
0.0,
0.0,
0.0,
0.0,
0.0,
0.0,
0.0,
0.0,
0.0,
0.0,
0.0,
0.0,
0.0,
0.0,
0.0,
0.0,
0.0,
0.0,
0.0,
0.0,
0.0,
0.0,
0.0,
0.0,
0.0,
0.0,
0.0,
0.0,
0.0,
0.0,
0.0,
0.0,
0.0,
0.0,
0.0,
0.0,
0.0,
0.0,
0.0,
0.0,
0.0,
0.0,
0.0,
0.0,
0.0,
0.0,
0.0,
0.0,
0.0,
0.0,
0.0,
0.0,
0.0,
0.0,
0.0,
0.0,
0.0,
0.0,
0.0,
0.0,
0.0,
0.0,
0.0,
0.0,
0.0,
0.0,
0.0,
0.0,
0.0,
0.0,
0.0,
0.0,
0.0,
0.0,
0.0,
0.0,
0.0,
0.0,
0.0,
0.0,
0.0,
0.0,
0.0,
0.0,
0.0,
0.0,
0.0,
0.0,
0.0,
0.0,
0.0,
0.0,
0.0,
0.0,
0.0,
0.0,
0.0,
0.0,
0.0,
0.0,
0.0,
0.0,
0.0,
0.0,
0.0,
0.0,
0.0,
0.0,
0.0,
0.0,
0.0,
0.0,
0.0,
0.0,
0.0,
0.0,
0.0,
0.0,
0.0,
0.0,
0.0,
0.0,
0.0,
0.0,
0.0,
0.0,
0.0,
0.0,
0.0,
0.0,
0.0,
0.0,
0.0,
0.0,
0.0,
0.0,
0.0,
0.0,
0.0,
0.0,
0.0,
0.0,
0.0,
0.0,
0.0,
0.0,
0.0,
0.0,
0.0,
0.0,
0.0,
0.0,
0.0,
0.0,
0.0,
0.0,
0.0,
0.0,
0.0,
0.0,
0.0,
0.0,
0.0,
0.0,
0.0,
0.0,
0.0,
0.0,
0.0,
0.0,
0.0,
0.0,
0.0,
0.0,
0.0,
0.0,
0.0,
0.0,
0.0,
0.0,
0.0,
0.0,
0.0,
0.0,
0.0,
0.0,
0.0,
0.0,
0.0,
0.0,
0.0,
0.0,
0.0,
