1.0640887022018433,
1.0672674179077148,
1.068832516670227,
1.069751501083374,
1.0698760747909546,
1.0703740119934082,
1.0706324577331543,
1.070534348487854,
1.0709518194198608,
1.0712485313415527,
1.0710331201553345,
1.0712363719940186,
1.0713368654251099,
1.0714057683944702,
1.071637749671936,
1.071607232093811,
1.0716735124588013,
1.071826457977295,
1.0719858407974243,
1.0719269514083862,
1.0719770193099976,
1.0718053579330444,
1.0719068050384521,
1.071977138519287,
1.071634292602539,
1.0720183849334717,
1.072090744972229,
1.071730613708496,
1.071992039680481,
1.0720288753509521,
1.0716763734817505,
1.0718075037002563,
1.0716922283172607,
1.071766972541809,
1.0716638565063477,
1.0718027353286743,
1.0717898607254028,
1.0718799829483032,
1.072164535522461,
1.071941614151001,
1.0719969272613525,
1.0714832544326782,
1.0717817544937134,
1.0716354846954346,
1.0712586641311646,
1.0715583562850952,
1.0717178583145142,
1.0712624788284302,
1.071392297744751,
1.0713977813720703,
1.0712625980377197,
1.0713412761688232,
1.0711987018585205,
1.0711302757263184,
1.0711431503295898,
1.0710493326187134,
1.0709599256515503,
1.0708670616149902,
1.0710877180099487,
1.0708458423614502,
1.0708304643630981,
1.0704795122146606,
1.0706226825714111,
1.0705567598342896,
1.0703061819076538,
1.0706052780151367,
1.0705417394638062,
1.0701831579208374,
1.0702909231185913,
1.070265769958496,
1.0700181722640991,
1.0701123476028442,
1.070055603981018,
1.0699642896652222,
1.0699796676635742,
1.0698440074920654,
1.069840908050537,
1.0696277618408203,
1.0695888996124268,
1.0695542097091675,
1.0694866180419922,
1.069075584411621,
1.0692083835601807,
1.0692024230957031,
1.0689458847045898,
1.0692471265792847,
1.0689955949783325,
1.0686472654342651,
1.0687689781188965,
1.068827748298645,
1.0685670375823975,
1.0687122344970703,
1.0686334371566772,
1.0683280229568481,
1.0682748556137085,
1.0679523944854736,
1.0679668188095093,
1.0678300857543945,
1.067667007446289,
1.0676695108413696,
1.067751169204712,
1.0672203302383423,
1.0673387050628662,
1.0671807527542114,
1.0667953491210938,
1.0669585466384888,
1.067014455795288,
1.066543698310852,
1.066672921180725,
1.0667041540145874,
1.0665849447250366,
1.0666983127593994,
1.066470980644226,
1.0662184953689575,
1.0659960508346558,
1.0662869215011597,
1.0659146308898926,
1.0657960176467896,
1.065273404121399,
1.065405011177063,
1.065233588218689,
1.0649389028549194,
1.0650540590286255,
1.0649588108062744,
1.0645068883895874,
1.0645434856414795,
1.0645947456359863,
1.0641651153564453,
1.0641586780548096,
1.064031720161438,
1.0638391971588135,
1.0636643171310425,
1.0637168884277344,
1.0635578632354736,
1.0633572340011597,
1.06340491771698,
1.0631662607192993,
1.0631438493728638,
1.0626108646392822,
1.0627772808074951,
1.0626108646392822,
1.062052607536316,
1.0621352195739746,
1.0620568990707397,
1.0616085529327393,
1.0616575479507446,
1.0615832805633545,
1.0612214803695679,
1.0612685680389404,
1.0611730813980103,
1.060861587524414,
1.0606240034103394,
1.0605918169021606,
1.0603634119033813,
1.0602151155471802,
1.059841275215149,
1.0599782466888428,
1.0599467754364014,
1.0595794916152954,
1.0595591068267822,
1.0594831705093384,
1.0588852167129517,
1.058947205543518,
1.0588891506195068,
1.0584461688995361,
1.0584150552749634,
1.0585249662399292,
1.0579954385757446,
1.057920217514038,
1.0579601526260376,
1.057685375213623,
1.057597041130066,
1.0571683645248413,
1.0570824146270752,
1.0570203065872192,
1.0564674139022827,
1.0564981698989868,
1.05631422996521,
1.0559308528900146,
1.055974006652832,
1.0560741424560547,
1.0555893182754517,
1.0556554794311523,
1.0555214881896973,
1.0551705360412598,
1.0551930665969849,
1.054991602897644,
1.0546423196792603,
1.054443597793579,
1.054235816001892,
1.0542150735855103,
1.0539839267730713,
1.0533133745193481,
1.0533514022827148,
1.053201675415039,
1.0526962280273438,
1.0528676509857178,
1.0527658462524414,
1.052119255065918,
1.0521968603134155,
1.0519585609436035,
1.0516160726547241,
1.0515754222869873,
1.0512845516204834,
1.0511159896850586,
1.050993800163269,
1.050840139389038,
1.0505549907684326,
1.0503201484680176,
1.0499197244644165,
1.0498707294464111,
1.049759030342102,
1.0491985082626343,
1.0493063926696777,
1.0489448308944702,
1.048474907875061,
1.0484720468521118,
1.0482943058013916,
1.0479406118392944,
1.0478852987289429,
1.04762864112854,
1.047403335571289,
1.0471919775009155,
1.0468894243240356,
1.0466299057006836,
1.0465624332427979,
1.0463613271713257,
1.0461126565933228,
1.0459755659103394,
1.0455127954483032,
1.0455255508422852,
1.0453087091445923,
1.0448189973831177,
1.0448075532913208,
1.0444908142089844,
1.0441234111785889,
1.0441569089889526,
1.0441559553146362,
1.043508768081665,
1.0433859825134277,
1.043112874031067,
1.042823076248169,
1.0427802801132202,
1.042756199836731,
1.04230797290802,
1.0420266389846802,
1.041857361793518,
1.046552062034607,
1.0435327291488647,
1.042549729347229,
1.0419223308563232,
1.0416873693466187,
1.0412616729736328,
1.041007161140442,
1.0409080982208252,
1.0402284860610962,
1.0403412580490112,
1.0401502847671509,
1.0396627187728882,
1.0397491455078125,
1.0396912097930908,
1.0390770435333252,
1.0389792919158936,
1.0389662981033325,
1.0384176969528198,
1.0384509563446045,
1.0382055044174194,
1.0377678871154785,
1.0377525091171265,
1.03753662109375,
1.0372005701065063,
1.0370651483535767,
1.0365208387374878,
1.0363881587982178,
1.0362164974212646,
1.035782814025879,
1.0357649326324463,
1.035684585571289,
1.0350180864334106,
1.034910798072815,
1.034672498703003,
1.034264326095581,
1.0342226028442383,
1.033983588218689,
1.0335872173309326,
1.033302903175354,
1.0328394174575806,
1.0325545072555542,
1.0322787761688232,
1.0317974090576172,
1.0317881107330322,
1.031544804573059,
1.0310975313186646,
1.030938744544983,
1.0307444334030151,
1.0301616191864014,
1.0300166606903076,
1.0298805236816406,
1.0293771028518677,
1.0291393995285034,
1.0289443731307983,
1.028538465499878,
1.0281504392623901,
1.0276097059249878,
1.0273277759552002,
1.0270081758499146,
1.026541829109192,
1.0264102220535278,
1.0260555744171143,
1.0255542993545532,
1.0254040956497192,
1.0249210596084595,
1.024527907371521,
1.024176001548767,
1.0238256454467773,
1.0235435962677002,
1.023174524307251,
1.0227620601654053,
1.0224828720092773,
1.022152304649353,
1.0215126276016235,
1.0214698314666748,
1.02103853225708,
1.0203052759170532,
1.0201350450515747,
1.0196654796600342,
1.019181728363037,
1.0189650058746338,
1.0185781717300415,
1.0180953741073608,
1.0177974700927734,
1.0170910358428955,
1.0167360305786133,
1.0163846015930176,
1.0156009197235107,
1.0153131484985352,
1.0148957967758179,
1.0142507553100586,
1.0140224695205688,
1.0127884149551392,
1.0129762887954712,
1.0127336978912354,
1.0121701955795288,
1.0116791725158691,
1.011231541633606,
1.0105540752410889,
1.010241150856018,
1.0097689628601074,
1.0090266466140747,
1.008819818496704,
1.0083385705947876,
1.007454514503479,
1.0072911977767944,
1.006840467453003,
1.006116509437561,
1.0054932832717896,
1.0046120882034302,
1.0043895244598389,
1.0039652585983276,
1.0032601356506348,
1.0027573108673096,
1.0023977756500244,
1.0013494491577148,
1.0010775327682495,
1.000636100769043,
0.999487042427063,
0.9992560148239136,
0.9984303712844849,
0.9979390501976013,
0.9966908693313599,
0.9964361190795898,
0.9955661296844482,
0.9950458407402039,
0.993878185749054,
0.9939942359924316,
0.9934489727020264,
0.9926043152809143,
0.9921382069587708,
0.9911708831787109,
0.9902818202972412,
0.9895636439323425,
0.9885153770446777,
0.9879264831542969,
0.9876638650894165,
0.9861051440238953,
0.9860286712646484,
0.9845762252807617,
0.983798086643219,
0.9831716418266296,
0.9825796484947205,
0.9817764759063721,
0.9811879396438599,
0.9800074696540833,
0.9786263704299927,
0.9785385727882385,
0.9773891568183899,
0.9764288663864136,
0.9756460189819336,
0.9744693040847778,
0.9736174941062927,
0.9725832343101501,
0.9718618988990784,
0.9705103635787964,
0.9692370295524597,
0.9685254096984863,
0.9666301012039185,
0.966429591178894,
0.9646940231323242,
0.9639123678207397,
0.9624398946762085,
0.9612438082695007,
0.960387647151947,
0.9592188596725464,
0.9581711292266846,
0.9568567872047424,
0.9552599191665649,
0.9538684487342834,
0.9529622793197632,
0.9513132572174072,
0.9503414034843445,
0.949055016040802,
0.9473724961280823,
0.9460726380348206,
0.9449540972709656,
0.9432222843170166,
0.941736102104187,
0.9409505128860474,
0.9389289617538452,
0.9374088644981384,
0.9359126687049866,
0.9337924122810364,
0.9321632385253906,
0.9304895401000977,
0.9286718368530273,
0.9271541237831116,
0.9257831573486328,
0.9237117767333984,
0.9222307205200195,
0.9203130602836609,
0.9179691672325134,
0.916573166847229,
0.9146728515625,
0.9125934839248657,
0.9113432765007019,
0.9091367125511169,
0.90682452917099,
0.9055904150009155,
0.9031888842582703,
0.9014221429824829,
0.8998712301254272,
0.897495448589325,
0.8961220383644104,
0.8941198587417603,
0.8920125961303711,
0.8902828693389893,
0.8881574869155884,
0.8863698244094849,
0.8842825293540955,
0.8825523257255554,
0.8808249831199646,
0.8793630003929138,
0.8774396181106567,
0.8755526542663574,
0.8735352754592896,
0.8711991906166077,
0.8693593144416809,
0.8672864437103271,
0.8653293251991272,
0.8630506992340088,
0.8611477017402649,
0.8591569066047668,
0.8569738864898682,
0.8548370599746704,
0.8527476191520691,
0.8507724404335022,
0.8486542105674744,
0.8467026352882385,
0.8445561528205872,
0.8423725366592407,
0.8405323028564453,
0.8383578062057495,
0.8361993432044983,
0.83414226770401,
0.8321409821510315,
0.8298947215080261,
0.8281427025794983,
0.8260063529014587,
0.8260063529014587,
0.8260063529014587,
0.0,
0.0,
0.0,
0.0,
0.0,
0.0,
0.0,
0.0,
0.0,
0.0,
0.0,
0.0,
0.0,
0.0,
0.0,
0.0,
0.0,
0.0,
0.0,
0.0,
0.0,
0.0,
0.0,
0.0,
0.0,
0.0,
0.0,
0.0,
0.0,
0.0,
0.0,
0.0,
0.0,
0.0,
0.0,
0.0,
0.0,
0.0,
0.0,
0.0,
0.0,
0.0,
0.0,
0.0,
0.0,
0.0,
0.0,
0.0,
0.0,
0.0,
0.0,
0.0,
0.0,
0.0,
0.0,
0.0,
0.0,
0.0,
0.0,
0.0,
0.0,
0.0,
0.0,
0.0,
0.0,
0.0,
0.0,
0.0,
0.0,
0.0,
0.0,
0.0,
0.0,
0.0,
0.0,
0.0,
0.0,
0.0,
0.0,
0.0,
0.0,
0.0,
0.0,
0.0,
0.0,
0.0,
0.0,
0.0,
0.0,
0.0,
0.0,
0.0,
0.0,
0.0,
0.0,
0.0,
0.0,
0.0,
0.0,
0.0,
0.0,
0.0,
0.0,
0.0,
0.0,
0.0,
0.0,
0.0,
0.0,
0.0,
0.0,
0.0,
0.0,
0.0,
0.0,
0.0,
0.0,
0.0,
0.0,
0.0,
0.0,
0.0,
0.0,
0.0,
0.0,
0.0,
0.0,
0.0,
0.0,
0.0,
0.0,
0.0,
0.0,
0.0,
0.0,
0.0,
0.0,
0.0,
0.0,
0.0,
0.0,
0.0,
0.0,
0.0,
0.0,
0.0,
0.0,
0.0,
0.0,
0.0,
0.0,
0.0,
0.0,
0.0,
0.0,
0.0,
0.0,
0.0,
0.0,
0.0,
0.0,
0.0,
0.0,
0.0,
0.0,
0.0,
0.0,
0.0,
0.0,
0.0,
0.0,
0.0,
0.0,
0.0,
0.0,
0.0,
0.0,
0.0,
0.0,
0.0,
0.0,
0.0,
0.0,
0.0,
0.0,
0.0,
0.0,
0.0,
0.0,
0.0,
0.0,
0.0,
0.0,
0.0,
0.0,
0.0,
0.0,
0.0,
0.0,
0.0,
0.0,
0.0,
0.0,
0.0,
0.0,
0.0,
0.0,
0.0,
0.0,
0.0,
0.0,
0.0,
0.0,
0.0,
0.0,
0.0,
0.0,
0.0,
0.0,
0.0,
0.0,
0.0,
0.0,
0.0,
0.0,
0.0,
0.0,
0.0,
0.0,
0.0,
0.0,
0.0,
0.0,
0.0,
0.0,
0.0,
0.0,
0.0,
0.0,
0.0,
0.0,
0.0,
0.0,
0.0,
0.0,
0.0,
0.0,
0.0,
0.0,
0.0,
0.0,
0.0,
0.0,
0.0,
0.0,
0.0,
0.0,
0.0,
0.0,
0.0,
0.0,
0.0,
0.0,
0.0,
0.0,
0.0,
0.0,
0.0,
0.0,
0.0,
0.0,
0.0,
0.0,
0.0,
0.0,
0.0,
0.0,
0.0,
0.0,
0.0,
0.0,
0.0,
0.0,
0.0,
0.0,
0.0,
0.0,
0.0,
0.0,
0.0,
0.0,
0.0,
0.0,
0.0,
0.0,
0.0,
0.0,
0.0,
0.0,
0.0,
0.0,
0.0,
0.0,
0.0,
0.0,
0.0,
0.0,
0.0,
0.0,
0.0,
0.0,
0.0,
0.0,
0.0,
0.0,
0.0,
0.0,
0.0,
0.0,
0.0,
0.0,
0.0,
0.0,
0.0,
0.0,
0.0,
0.0,
0.0,
0.0,
0.0,
0.0,
0.0,
0.0,
0.0,
0.0,
0.0,
0.0,
0.0,
0.0,
0.0,
0.0,
0.0,
0.0,
0.0,
0.0,
0.0,
0.0,
0.0,
0.0,
0.0,
0.0,
0.0,
0.0,
0.0,
0.0,
0.0,
0.0,
0.0,
0.0,
0.0,
0.0,
0.0,
0.0,
0.0,
0.0,
0.0,
0.0,
0.0,
0.0,
0.0,
0.0,
0.0,
0.0,
0.0,
0.0,
0.0,
0.0,
0.0,
0.0,
0.0,
0.0,
0.0,
0.0,
0.0,
0.0,
0.0,
0.0,
0.0,
0.0,
0.0,
0.0,
0.0,
0.0,
0.0,
0.0,
0.0,
0.0,
0.0,
0.0,
0.0,
0.0,
0.0,
0.0,
0.0,
0.0,
0.0,
0.0,
0.0,
0.0,
0.0,
0.0,
0.0,
0.0,
0.0,
0.0,
0.0,
0.0,
0.0,
0.0,
0.0,
0.0,
0.0,
0.0,
0.0,
0.0,
0.0,
0.0,
0.0,
0.0,
0.0,
0.0,
0.0,
0.0,
0.0,
0.0,
0.0,
0.0,
0.0,
0.0,
0.0,
0.0,
0.0,
0.0,
0.0,
0.0,
0.0,
0.0,
0.0,
0.0,
0.0,
0.0,
0.0,
0.0,
0.0,
0.0,
0.0,
0.0,
0.0,
0.0,
0.0,
0.0,
0.0,
0.0,
0.0,
0.0,
0.0,
0.0,
0.0,
0.0,
0.0,
0.0,
0.0,
0.0,
0.0,
0.0,
0.0,
0.0,
0.0,
0.0,
0.0,
0.0,
0.0,
0.0,
0.0,
0.0,
0.0,
0.0,
0.0,
0.0,
0.0,
0.0,
0.0,
0.0,
0.0,
0.0,
0.0,
0.0,
0.0,
0.0,
0.0,
0.0,
0.0,
0.0,
0.0,
0.0,
0.0,
0.0,
0.0,
0.0,
0.0,
0.0,
0.0,
0.0,
0.0,
0.0,
0.0,
0.0,
0.0,
0.0,
0.0,
0.0,
0.0,
0.0,
0.0,
0.0,
0.0,
0.0,
0.0,
0.0,
0.0,
0.0,
0.0,
0.0,
0.0,
0.0,
0.0,
0.0,
0.0,
0.0,
0.0,
0.0,
0.0,
0.0,
0.0,
0.0,
0.0,
0.0,
0.0,
0.0,
0.0,
0.0,
0.0,
0.0,
0.0,
0.0,
0.0,
0.0,
0.0,
0.0,
0.0,
0.0,
0.0,
0.0,
0.0,
0.0,
0.0,
0.0,
0.0,
0.0,
0.0,
0.0,
0.0,
0.0,
0.0,
0.0,
0.0,
0.0,
0.0,
0.0,
0.0,
0.0,
0.0,
0.0,
0.0,
0.0,
0.0,
0.0,
0.0,
0.0,
0.0,
0.0,
0.0,
0.0,
0.0,
0.0,
0.0,
0.0,
0.0,
0.0,
0.0,
0.0,
0.0,
0.0,
0.0,
0.0,
0.0,
0.0,
0.0,
0.0,
0.0,
0.0,
0.0,
0.0,
0.0,
0.0,
0.0,
0.0,
0.0,
0.0,
0.0,
0.0,
0.0,
0.0,
0.0,
0.0,
0.0,
0.0,
0.0,
0.0,
0.0,
0.0,
0.0,
0.0,
0.0,
0.0,
0.0,
0.0,
0.0,
0.0,
0.0,
0.0,
0.0,
0.0,
0.0,
0.0,
0.0,
0.0,
0.0,
0.0,
0.0,
0.0,
0.0,
0.0,
0.0,
0.0,
0.0,
0.0,
0.0,
0.0,
0.0,
0.0,
0.0,
0.0,
0.0,
0.0,
0.0,
0.0,
0.0,
0.0,
0.0,
0.0,
0.0,
0.0,
0.0,
0.0,
0.0,
0.0,
0.0,
0.0,
0.0,
0.0,
0.0,
0.0,
0.0,
0.0,
0.0,
0.0,
0.0,
0.0,
0.0,
0.0,
0.0,
0.0,
0.0,
0.0,
0.0,
0.0,
0.0,
0.0,
0.0,
0.0,
0.0,
0.0,
0.0,
0.0,
0.0,
0.0,
0.0,
0.0,
0.0,
0.0,
0.0,
0.0,
0.0,
0.0,
0.0,
0.0,
0.0,
0.0,
0.0,
0.0,
0.0,
0.0,
0.0,
0.0,
0.0,
0.0,
0.0,
0.0,
0.0,
0.0,
0.0,
0.0,
0.0,
0.0,
0.0,
0.0,
0.0,
0.0,
0.0,
0.0,
0.0,
0.0,
0.0,
0.0,
0.0,
0.0,
0.0,
0.0,
0.0,
0.0,
0.0,
0.0,
0.0,
0.0,
0.0,
0.0,
0.0,
0.0,
0.0,
0.0,
0.0,
0.0,
0.0,
0.0,
0.0,
0.0,
0.0,
0.0,
0.0,
0.0,
0.0,
0.0,
0.0,
0.0,
0.0,
0.0,
0.0,
0.0,
0.0,
0.0,
0.0,
0.0,
0.0,
0.0,
0.0,
0.0,
0.0,
0.0,
0.0,
0.0,
0.0,
0.0,
0.0,
0.0,
0.0,
0.0,
0.0,
0.0,
0.0,
0.0,
0.0,
0.0,
0.0,
0.0,
0.0,
0.0,
0.0,
0.0,
0.0,
0.0,
0.0,
0.0,
0.0,
0.0,
0.0,
0.0,
0.0,
0.0,
0.0,
0.0,
0.0,
0.0,
0.0,
0.0,
0.0,
0.0,
0.0,
0.0,
0.0,
0.0,
0.0,
0.0,
0.0,
0.0,
0.0,
0.0,
0.0,
0.0,
0.0,
0.0,
0.0,
0.0,
0.0,
0.0,
0.0,
0.0,
0.0,
0.0,
0.0,
0.0,
0.0,
0.0,
0.0,
0.0,
0.0,
0.0,
0.0,
0.0,
0.0,
0.0,
0.0,
0.0,
0.0,
0.0,
0.0,
0.0,
0.0,
0.0,
0.0,
0.0,
0.0,
0.0,
0.0,
0.0,
0.0,
0.0,
0.0,
0.0,
0.0,
0.0,
0.0,
0.0,
0.0,
0.0,
0.0,
0.0,
0.0,
0.0,
0.0,
0.0,
0.0,
0.0,
0.0,
0.0,
0.0,
0.0,
0.0,
0.0,
0.0,
0.0,
0.0,
0.0,
0.0,
0.0,
0.0,
0.0,
0.0,
0.0,
0.0,
0.0,
0.0,
0.0,
0.0,
0.0,
0.0,
0.0,
0.0,
0.0,
0.0,
0.0,
0.0,
0.0,
0.0,
0.0,
0.0,
0.0,
0.0,
0.0,
0.0,
0.0,
0.0,
0.0,
0.0,
0.0,
0.0,
0.0,
0.0,
0.0,
0.0,
0.0,
0.0,
0.0,
0.0,
0.0,
0.0,
0.0,
0.0,
0.0,
0.0,
0.0,
0.0,
0.0,
0.0,
0.0,
0.0,
0.0,
0.0,
0.0,
0.0,
0.0,
0.0,
0.0,
0.0,
0.0,
0.0,
0.0,
0.0,
0.0,
0.0,
0.0,
0.0,
0.0,
0.0,
0.0,
0.0,
0.0,
0.0,
0.0,
0.0,
0.0,
0.0,
0.0,
0.0,
0.0,
0.0,
0.0,
0.0,
0.0,
0.0,
0.0,
0.0,
0.0,
0.0,
0.0,
0.0,
0.0,
0.0,
0.0,
0.0,
0.0,
0.0,
0.0,
0.0,
0.0,
0.0,
0.0,
0.0,
0.0,
0.0,
0.0,
0.0,
0.0,
0.0,
0.0,
0.0,
0.0,
0.0,
0.0,
0.0,
0.0,
0.0,
0.0,
0.0,
0.0,
0.0,
0.0,
0.0,
0.0,
0.0,
0.0,
0.0,
0.0,
0.0,
0.0,
0.0,
0.0,
0.0,
0.0,
0.0,
0.0,
0.0,
0.0,
0.0,
0.0,
0.0,
0.0,
0.0,
0.0,
0.0,
0.0,
0.0,
0.0,
0.0,
0.0,
0.0,
0.0,
0.0,
0.0,
0.0,
0.0,
0.0,
0.0,
0.0,
0.0,
0.0,
0.0,
0.0,
0.0,
0.0,
0.0,
0.0,
0.0,
0.0,
0.0,
0.0,
0.0,
0.0,
0.0,
0.0,
0.0,
0.0,
0.0,
0.0,
0.0,
0.0,
0.0,
0.0,
0.0,
0.0,
0.0,
0.0,
0.0,
0.0,
0.0,
0.0,
0.0,
0.0,
0.0,
0.0,
0.0,
0.0,
0.0,
0.0,
0.0,
0.0,
0.0,
0.0,
0.0,
0.0,
0.0,
0.0,
0.0,
0.0,
0.0,
0.0,
0.0,
0.0,
0.0,
0.0,
0.0,
0.0,
0.0,
0.0,
0.0,
0.0,
0.0,
0.0,
0.0,
0.0,
0.0,
0.0,
0.0,
0.0,
0.0,
0.0,
0.0,
0.0,
0.0,
0.0,
0.0,
0.0,
0.0,
0.0,
0.0,
0.0,
0.0,
0.0,
0.0,
0.0,
0.0,
0.0,
0.0,
0.0,
0.0,
0.0,
0.0,
0.0,
0.0,
0.0,
0.0,
0.0,
0.0,
0.0,
0.0,
0.0,
0.0,
0.0,
0.0,
0.0,
0.0,
0.0,
0.0,
0.0,
0.0,
0.0,
0.0,
0.0,
0.0,
0.0,
0.0,
0.0,
0.0,
0.0,
0.0,
0.0,
0.0,
0.0,
0.0,
0.0,
0.0,
0.0,
0.0,
0.0,
0.0,
0.0,
0.0,
0.0,
0.0,
0.0,
0.0,
0.0,
0.0,
0.0,
0.0,
0.0,
0.0,
0.0,
0.0,
0.0,
0.0,
0.0,
0.0,
0.0,
0.0,
0.0,
0.0,
0.0,
0.0,
0.0,
0.0,
0.0,
0.0,
0.0,
0.0,
0.0,
0.0,
0.0,
0.0,
0.0,
0.0,
0.0,
0.0,
0.0,
0.0,
0.0,
0.0,
0.0,
0.0,
0.0,
0.0,
0.0,
0.0,
0.0,
0.0,
0.0,
0.0,
0.0,
0.0,
0.0,
0.0,
0.0,
0.0,
0.0,
0.0,
0.0,
0.0,
0.0,
0.0,
0.0,
0.0,
0.0,
0.0,
0.0,
0.0,
0.0,
0.0,
0.0,
0.0,
0.0,
0.0,
0.0,
0.0,
0.0,
0.0,
0.0,
0.0,
0.0,
0.0,
0.0,
0.0,
0.0,
0.0,
0.0,
0.0,
0.0,
0.0,
0.0,
0.0,
0.0,
0.0,
0.0,
0.0,
0.0,
0.0,
0.0,
0.0,
0.0,
0.0,
0.0,
0.0,
0.0,
0.0,
0.0,
0.0,
0.0,
0.0,
0.0,
0.0,
0.0,
0.0,
0.0,
0.0,
0.0,
0.0,
0.0,
0.0,
0.0,
0.0,
0.0,
0.0,
0.0,
0.0,
0.0,
0.0,
0.0,
0.0,
0.0,
0.0,
0.0,
0.0,
0.0,
0.0,
0.0,
0.0,
0.0,
0.0,
0.0,
0.0,
0.0,
0.0,
0.0,
0.0,
0.0,
0.0,
0.0,
0.0,
0.0,
0.0,
0.0,
0.0,
0.0,
0.0,
0.0,
0.0,
0.0,
0.0,
0.0,
0.0,
0.0,
0.0,
0.0,
0.0,
0.0,
0.0,
0.0,
0.0,
0.0,
0.0,
0.0,
0.0,
0.0,
0.0,
0.0,
0.0,
0.0,
0.0,
0.0,
0.0,
0.0,
0.0,
0.0,
0.0,
0.0,
0.0,
0.0,
0.0,
0.0,
0.0,
0.0,
0.0,
0.0,
0.0,
0.0,
0.0,
0.0,
0.0,
0.0,
0.0,
0.0,
0.0,
0.0,
0.0,
0.0,
0.0,
0.0,
0.0,
0.0,
0.0,
0.0,
0.0,
0.0,
0.0,
0.0,
0.0,
0.0,
0.0,
0.0,
0.0,
0.0,
0.0,
0.0,
0.0,
0.0,
0.0,
0.0,
0.0,
0.0,
0.0,
0.0,
0.0,
0.0,
0.0,
0.0,
0.0,
0.0,
0.0,
0.0,
0.0,
0.0,
0.0,
0.0,
0.0,
0.0,
0.0,
0.0,
0.0,
0.0,
0.0,
0.0,
0.0,
0.0,
0.0,
0.0,
0.0,
0.0,
0.0,
0.0,
0.0,
0.0,
0.0,
0.0,
0.0,
0.0,
0.0,
0.0,
0.0,
0.0,
0.0,
0.0,
0.0,
0.0,
0.0,
0.0,
0.0,
0.0,
0.0,
0.0,
0.0,
0.0,
0.0,
0.0,
0.0,
0.0,
0.0,
0.0,
0.0,
0.0,
0.0,
0.0,
0.0,
0.0,
0.0,
0.0,
0.0,
0.0,
0.0,
0.0,
0.0,
0.0,
0.0,
0.0,
0.0,
0.0,
0.0,
0.0,
0.0,
0.0,
0.0,
0.0,
0.0,
0.0,
0.0,
0.0,
0.0,
0.0,
0.0,
0.0,
0.0,
0.0,
0.0,
0.0,
0.0,
0.0,
0.0,
0.0,
0.0,
0.0,
0.0,
0.0,
0.0,
0.0,
0.0,
0.0,
0.0,
0.0,
0.0,
0.0,
0.0,
0.0,
0.0,
0.0,
0.0,
0.0,
0.0,
0.0,
0.0,
0.0,
0.0,
0.0,
0.0,
0.0,
0.0,
0.0,
0.0,
0.0,
0.0,
0.0,
0.0,
0.0,
0.0,
0.0,
0.0,
0.0,
0.0,
0.0,
0.0,
0.0,
0.0,
0.0,
0.0,
0.0,
0.0,
0.0,
0.0,
0.0,
0.0,
0.0,
0.0,
0.0,
0.0,
0.0,
0.0,
0.0,
0.0,
0.0,
0.0,
0.0,
0.0,
0.0,
0.0,
0.0,
0.0,
0.0,
0.0,
0.0,
0.0,
0.0,
0.0,
0.0,
0.0,
0.0,
0.0,
0.0,
0.0,
0.0,
0.0,
0.0,
0.0,
0.0,
0.0,
0.0,
0.0,
0.0,
0.0,
0.0,
0.0,
0.0,
0.0,
0.0,
0.0,
0.0,
0.0,
0.0,
0.0,
0.0,
0.0,
0.0,
0.0,
0.0,
0.0,
0.0,
0.0,
0.0,
0.0,
0.0,
0.0,
0.0,
0.0,
0.0,
0.0,
0.0,
0.0,
0.0,
0.0,
0.0,
0.0,
0.0,
0.0,
0.0,
0.0,
0.0,
0.0,
0.0,
0.0,
0.0,
0.0,
0.0,
0.0,
0.0,
0.0,
0.0,
0.0,
0.0,
0.0,
0.0,
0.0,
0.0,
0.0,
0.0,
0.0,
0.0,
0.0,
0.0,
0.0,
0.0,
0.0,
0.0,
0.0,
0.0,
0.0,
0.0,
0.0,
0.0,
0.0,
0.0,
0.0,
0.0,
0.0,
0.0,
0.0,
0.0,
0.0,
0.0,
0.0,
0.0,
0.0,
0.0,
0.0,
0.0,
0.0,
0.0,
0.0,
0.0,
0.0,
0.0,
0.0,
0.0,
0.0,
0.0,
0.0,
0.0,
0.0,
0.0,
0.0,
0.0,
0.0,
0.0,
0.0,
0.0,
0.0,
0.0,
0.0,
0.0,
0.0,
0.0,
0.0,
0.0,
0.0,
0.0,
0.0,
0.0,
0.0,
0.0,
0.0,
0.0,
0.0,
0.0,
0.0,
0.0,
0.0,
0.0,
0.0,
0.0,
0.0,
0.0,
0.0,
0.0,
0.0,
0.0,
0.0,
0.0,
0.0,
0.0,
0.0,
0.0,
0.0,
0.0,
0.0,
0.0,
0.0,
0.0,
0.0,
0.0,
0.0,
0.0,
0.0,
0.0,
0.0,
0.0,
0.0,
0.0,
0.0,
0.0,
0.0,
0.0,
0.0,
0.0,
0.0,
0.0,
0.0,
0.0,
0.0,
0.0,
0.0,
0.0,
0.0,
0.0,
0.0,
0.0,
0.0,
0.0,
0.0,
0.0,
0.0,
0.0,
0.0,
0.0,
0.0,
0.0,
0.0,
0.0,
0.0,
0.0,
0.0,
0.0,
0.0,
0.0,
0.0,
0.0,
0.0,
0.0,
0.0,
0.0,
0.0,
