1.0623762607574463,
1.0658409595489502,
1.0674493312835693,
1.0684858560562134,
1.0684741735458374,
1.0691680908203125,
1.0696775913238525,
1.0693904161453247,
1.0698884725570679,
1.0701967477798462,
1.0698814392089844,
1.070326328277588,
1.0704838037490845,
1.0691624879837036,
1.0707168579101562,
1.07073175907135,
1.0707370042800903,
1.070939064025879,
1.0710848569869995,
1.0710372924804688,
1.0712254047393799,
1.0709316730499268,
1.071056604385376,
1.071237564086914,
1.0707745552062988,
1.0713294744491577,
1.0714974403381348,
1.0709410905838013,
1.0713613033294678,
1.0714658498764038,
1.071022868156433,
1.0713883638381958,
1.0713629722595215,
1.0712774991989136,
1.071335792541504,
1.0714855194091797,
1.071419358253479,
1.071545124053955,
1.071771264076233,
1.0716543197631836,
1.0717869997024536,
1.0711390972137451,
1.0715535879135132,
1.0715484619140625,
1.0710103511810303,
1.0714670419692993,
1.0716325044631958,
1.071071743965149,
1.071456789970398,
1.0714598894119263,
1.0711287260055542,
1.0714077949523926,
1.0713084936141968,
1.0711405277252197,
1.0713924169540405,
1.0713924169540405,
1.0712391138076782,
1.0712904930114746,
1.07136070728302,
1.071264386177063,
1.071272850036621,
1.0707507133483887,
1.0710058212280273,
1.0710759162902832,
1.0706605911254883,
1.0711164474487305,
1.0712029933929443,
1.0706682205200195,
1.0709935426712036,
1.0710135698318481,
1.0706031322479248,
1.0708551406860352,
1.070860505104065,
1.070675253868103,
1.0708138942718506,
1.070725679397583,
1.0706347227096558,
1.0706126689910889,
1.0704951286315918,
1.070533275604248,
1.070581078529358,
1.0700467824935913,
1.0703186988830566,
1.0703709125518799,
1.069920301437378,
1.0703322887420654,
1.0702581405639648,
1.0697555541992188,
1.0700503587722778,
1.07015860080719,
1.0697224140167236,
1.0700045824050903,
1.070002794265747,
1.069682240486145,
1.069761037826538,
1.0695351362228394,
1.069599986076355,
1.0695693492889404,
1.0692636966705322,
1.0693566799163818,
1.06941819190979,
1.0688596963882446,
1.0691914558410645,
1.0691616535186768,
1.0686016082763672,
1.068939208984375,
1.069030523300171,
1.0684881210327148,
1.0686230659484863,
1.0686699151992798,
1.068456768989563,
1.0687752962112427,
1.0687000751495361,
1.0683517456054688,
1.06827974319458,
1.0683574676513672,
1.0680797100067139,
1.0681475400924683,
1.0675045251846313,
1.067839503288269,
1.067794680595398,
1.067307472229004,
1.067599892616272,
1.0675135850906372,
1.0670055150985718,
1.0672038793563843,
1.0672895908355713,
1.0669257640838623,
1.0670263767242432,
1.0669881105422974,
1.0667859315872192,
1.0666937828063965,
1.0665736198425293,
1.0665271282196045,
1.066432237625122,
1.0662204027175903,
1.066138505935669,
1.066206932067871,
1.0656800270080566,
1.065997838973999,
1.0659873485565186,
1.0651980638504028,
1.0654455423355103,
1.0655674934387207,
1.0650074481964111,
1.06523859500885,
1.06513512134552,
1.0648167133331299,
1.064916968345642,
1.0648324489593506,
1.0646499395370483,
1.0645564794540405,
1.0642555952072144,
1.0642495155334473,
1.064172625541687,
1.0636156797409058,
1.0639681816101074,
1.063818097114563,
1.0633823871612549,
1.0635677576065063,
1.0636072158813477,
1.0629445314407349,
1.0631128549575806,
1.0630015134811401,
1.0626317262649536,
1.0627554655075073,
1.062725305557251,
1.0623290538787842,
1.0623362064361572,
1.0621318817138672,
1.0620709657669067,
1.0620677471160889,
1.0614744424819946,
1.0616365671157837,
1.0616286993026733,
1.061085820198059,
1.0613058805465698,
1.061233401298523,
1.060608983039856,
1.0608006715774536,
1.0606927871704102,
1.0602970123291016,
1.0604318380355835,
1.0604822635650635,
1.0599642992019653,
1.0600659847259521,
1.060063123703003,
1.059732437133789,
1.0596522092819214,
1.0592244863510132,
1.0593739748001099,
1.0580601692199707,
1.058630108833313,
1.0588774681091309,
1.058803915977478,
1.0580453872680664,
1.0583299398422241,
1.0583560466766357,
1.0576872825622559,
1.0578829050064087,
1.0578429698944092,
1.0573540925979614,
1.0574524402618408,
1.0573290586471558,
1.0569372177124023,
1.0569179058074951,
1.0566291809082031,
1.056524395942688,
1.0564669370651245,
1.0558394193649292,
1.0559443235397339,
1.05587899684906,
1.0553227663040161,
1.055586338043213,
1.055511236190796,
1.0547230243682861,
1.054941177368164,
1.0547747611999512,
1.0542798042297363,
1.054441213607788,
1.0541831254959106,
1.0538599491119385,
1.053905963897705,
1.053692102432251,
1.0533792972564697,
1.053249716758728,
1.0529190301895142,
1.052844524383545,
1.0528091192245483,
1.05210542678833,
1.0523000955581665,
1.0522456169128418,
1.051539659500122,
1.0517854690551758,
1.0515378713607788,
1.0508785247802734,
1.0510764122009277,
1.0510238409042358,
1.0503406524658203,
1.0504785776138306,
1.0501631498336792,
1.0498409271240234,
1.0497941970825195,
1.0496870279312134,
1.0493298768997192,
1.0492371320724487,
1.0488078594207764,
1.0505210161209106,
1.049211025238037,
1.0489083528518677,
1.0483829975128174,
1.0483291149139404,
1.0479676723480225,
1.047695517539978,
1.0476583242416382,
1.0469937324523926,
1.047116994857788,
1.0470315217971802,
1.0464485883712769,
1.0465610027313232,
1.046566128730774,
1.045797348022461,
1.0459768772125244,
1.046035647392273,
1.0453819036483765,
1.0455310344696045,
1.0453225374221802,
1.0449012517929077,
1.0449401140213013,
1.0446786880493164,
1.0443193912506104,
1.044332504272461,
1.0437647104263306,
1.0436794757843018,
1.0436503887176514,
1.0430630445480347,
1.0431329011917114,
1.042927861213684,
1.0422346591949463,
1.0423945188522339,
1.042241096496582,
1.041642189025879,
1.041731834411621,
1.0413966178894043,
1.0410008430480957,
1.0409544706344604,
1.0406756401062012,
1.0402816534042358,
1.0401531457901,
1.0396146774291992,
1.0393991470336914,
1.0394431352615356,
1.0388243198394775,
1.0388591289520264,
1.0386523008346558,
1.037963628768921,
1.0379974842071533,
1.0377097129821777,
1.0371500253677368,
1.0371321439743042,
1.0368131399154663,
1.0364713668823242,
1.0363261699676514,
1.0359421968460083,
1.0356535911560059,
1.0355288982391357,
1.0347882509231567,
1.0348124504089355,
1.0346229076385498,
1.0339208841323853,
1.033818006515503,
1.033649206161499,
1.032890796661377,
1.032975196838379,
1.0326472520828247,
1.0320502519607544,
1.032058835029602,
1.031651258468628,
1.0311331748962402,
1.0309865474700928,
1.030369758605957,
1.0300607681274414,
1.0296891927719116,
1.0290762186050415,
1.0289207696914673,
1.0287501811981201,
1.0279014110565186,
1.0279468297958374,
1.0276414155960083,
1.0269073247909546,
1.0268678665161133,
1.026329755783081,
1.0258448123931885,
1.0252050161361694,
1.0251680612564087,
1.0246429443359375,
1.0242809057235718,
1.0236021280288696,
1.0233663320541382,
1.0227488279342651,
1.022225260734558,
1.02187979221344,
1.0216724872589111,
1.0208678245544434,
1.0206501483917236,
1.0199744701385498,
1.0193684101104736,
1.0193357467651367,
1.0183883905410767,
1.0180141925811768,
1.0178855657577515,
1.0167005062103271,
1.0167322158813477,
1.0163718461990356,
1.0156747102737427,
1.0152175426483154,
1.0145868062973022,
1.0138298273086548,
1.0127949714660645,
1.0125696659088135,
1.0122255086898804,
1.0117595195770264,
1.0113695859909058,
1.0106531381607056,
1.009077548980713,
1.0093936920166016,
1.008750081062317,
1.0085383653640747,
1.007249355316162,
1.0068808794021606,
1.0065518617630005,
1.0057204961776733,
1.0051671266555786,
1.0047376155853271,
1.003320336341858,
1.002929925918579,
1.002591609954834,
1.0018271207809448,
1.001204252243042,
1.0004186630249023,
0.9992348551750183,
0.9989850521087646,
0.9983755350112915,
0.9974044561386108,
0.9963639974594116,
0.995422899723053,
0.9952117800712585,
0.9939452409744263,
0.9928260445594788,
0.9922685027122498,
0.9915734529495239,
0.9904689788818359,
0.9897568821907043,
0.989039421081543,
0.9878180027008057,
0.9872660040855408,
0.986007034778595,
0.9843887090682983,
0.984166145324707,
0.983504056930542,
0.982308566570282,
0.9811044931411743,
0.9801976084709167,
0.9791197776794434,
0.9781690239906311,
0.9771659970283508,
0.975969672203064,
0.9746324419975281,
0.9735243916511536,
0.9722991585731506,
0.9710370302200317,
0.9696860909461975,
0.9685891270637512,
0.9675273299217224,
0.9662227630615234,
0.9652612209320068,
0.9638283252716064,
0.9621275067329407,
0.9612846970558167,
0.9599183201789856,
0.9584210515022278,
0.9569418430328369,
0.9553003311157227,
0.9538506269454956,
0.9527409672737122,
0.951438307762146,
0.9497604370117188,
0.948027491569519,
0.9465567469596863,
0.9447353482246399,
0.9433515071868896,
0.9420148134231567,
0.940268874168396,
0.9387199282646179,
0.9371461868286133,
0.9351139068603516,
0.93389493227005,
0.9322260618209839,
0.9306160807609558,
0.9287517070770264,
0.9271572828292847,
0.9253236055374146,
0.9240221381187439,
0.9223971366882324,
0.9202289581298828,
0.9188281297683716,
0.9168570041656494,
0.915442168712616,
0.9133456349372864,
0.9116388559341431,
0.9095458984375,
0.9081627726554871,
0.9064674973487854,
0.9045338034629822,
0.9029774069786072,
0.9012037515640259,
0.8992549777030945,
0.8974972367286682,
0.8955996632575989,
0.8939290046691895,
0.8920814394950867,
0.8905172348022461,
0.8883711099624634,
0.8870066404342651,
0.8851767182350159,
0.88287353515625,
0.8816336989402771,
0.8793696761131287,
0.8781319260597229,
0.8762723803520203,
0.8743809461593628,
0.8718999624252319,
0.8704701662063599,
0.868139922618866,
0.8669585585594177,
0.8647760152816772,
0.8627643585205078,
0.8587844967842102,
0.8587188124656677,
0.856890857219696,
0.8550172448158264,
0.8527922034263611,
0.8507864475250244,
0.8484064936637878,
0.8466395139694214,
0.8447712659835815,
0.8426843285560608,
0.8405065536499023,
0.8386549353599548,
0.8365747332572937,
0.8344992399215698,
0.8324413299560547,
0.8304266333580017,
0.8281915783882141,
0.8260193467140198,
0.8260193467140198,
0.8260193467140198,
0.0,
0.0,
0.0,
0.0,
0.0,
0.0,
0.0,
0.0,
0.0,
0.0,
0.0,
0.0,
0.0,
0.0,
0.0,
0.0,
0.0,
0.0,
0.0,
0.0,
0.0,
0.0,
0.0,
0.0,
0.0,
0.0,
0.0,
0.0,
0.0,
0.0,
0.0,
0.0,
0.0,
0.0,
0.0,
0.0,
0.0,
0.0,
0.0,
0.0,
0.0,
0.0,
0.0,
0.0,
0.0,
0.0,
0.0,
0.0,
0.0,
0.0,
0.0,
0.0,
0.0,
0.0,
0.0,
0.0,
0.0,
0.0,
0.0,
0.0,
0.0,
0.0,
0.0,
0.0,
0.0,
0.0,
0.0,
0.0,
0.0,
0.0,
0.0,
0.0,
0.0,
0.0,
0.0,
0.0,
0.0,
0.0,
0.0,
0.0,
0.0,
0.0,
0.0,
0.0,
0.0,
0.0,
0.0,
0.0,
0.0,
0.0,
0.0,
0.0,
0.0,
0.0,
0.0,
0.0,
0.0,
0.0,
0.0,
0.0,
0.0,
0.0,
0.0,
0.0,
0.0,
0.0,
0.0,
0.0,
0.0,
0.0,
0.0,
0.0,
0.0,
0.0,
0.0,
0.0,
0.0,
0.0,
0.0,
0.0,
0.0,
0.0,
0.0,
0.0,
0.0,
0.0,
0.0,
0.0,
0.0,
0.0,
0.0,
0.0,
0.0,
0.0,
0.0,
0.0,
0.0,
0.0,
0.0,
0.0,
0.0,
0.0,
0.0,
0.0,
0.0,
0.0,
0.0,
0.0,
0.0,
0.0,
0.0,
0.0,
0.0,
0.0,
0.0,
0.0,
0.0,
0.0,
0.0,
0.0,
0.0,
0.0,
0.0,
0.0,
0.0,
0.0,
0.0,
0.0,
0.0,
0.0,
0.0,
0.0,
0.0,
0.0,
0.0,
0.0,
0.0,
0.0,
0.0,
0.0,
0.0,
0.0,
0.0,
0.0,
0.0,
0.0,
0.0,
0.0,
0.0,
0.0,
0.0,
0.0,
0.0,
0.0,
0.0,
0.0,
0.0,
0.0,
0.0,
0.0,
0.0,
0.0,
0.0,
0.0,
0.0,
0.0,
0.0,
0.0,
0.0,
0.0,
0.0,
0.0,
0.0,
0.0,
0.0,
0.0,
0.0,
0.0,
0.0,
0.0,
0.0,
0.0,
0.0,
0.0,
0.0,
0.0,
0.0,
0.0,
0.0,
0.0,
0.0,
0.0,
0.0,
0.0,
0.0,
0.0,
0.0,
0.0,
0.0,
0.0,
0.0,
0.0,
0.0,
0.0,
0.0,
0.0,
0.0,
0.0,
0.0,
0.0,
0.0,
0.0,
0.0,
0.0,
0.0,
0.0,
0.0,
0.0,
0.0,
0.0,
0.0,
0.0,
0.0,
0.0,
0.0,
0.0,
0.0,
0.0,
0.0,
0.0,
0.0,
0.0,
0.0,
0.0,
0.0,
0.0,
0.0,
0.0,
0.0,
0.0,
0.0,
0.0,
0.0,
0.0,
0.0,
0.0,
0.0,
0.0,
0.0,
0.0,
0.0,
0.0,
0.0,
0.0,
0.0,
0.0,
0.0,
0.0,
0.0,
0.0,
0.0,
0.0,
0.0,
0.0,
0.0,
0.0,
0.0,
0.0,
0.0,
0.0,
0.0,
0.0,
0.0,
0.0,
0.0,
0.0,
0.0,
0.0,
0.0,
0.0,
0.0,
0.0,
0.0,
0.0,
0.0,
0.0,
0.0,
0.0,
0.0,
0.0,
0.0,
0.0,
0.0,
0.0,
0.0,
0.0,
0.0,
0.0,
0.0,
0.0,
0.0,
0.0,
0.0,
0.0,
0.0,
0.0,
0.0,
0.0,
0.0,
0.0,
0.0,
0.0,
0.0,
0.0,
0.0,
0.0,
0.0,
0.0,
0.0,
0.0,
0.0,
0.0,
0.0,
0.0,
0.0,
0.0,
0.0,
0.0,
0.0,
0.0,
0.0,
0.0,
0.0,
0.0,
0.0,
0.0,
0.0,
0.0,
0.0,
0.0,
0.0,
0.0,
0.0,
0.0,
0.0,
0.0,
0.0,
0.0,
0.0,
0.0,
0.0,
0.0,
0.0,
0.0,
0.0,
0.0,
0.0,
0.0,
0.0,
0.0,
0.0,
0.0,
0.0,
0.0,
0.0,
0.0,
0.0,
0.0,
0.0,
0.0,
0.0,
0.0,
0.0,
0.0,
0.0,
0.0,
0.0,
0.0,
0.0,
0.0,
0.0,
0.0,
0.0,
0.0,
0.0,
0.0,
0.0,
0.0,
0.0,
0.0,
0.0,
0.0,
0.0,
0.0,
0.0,
0.0,
0.0,
0.0,
0.0,
0.0,
0.0,
0.0,
0.0,
0.0,
0.0,
0.0,
0.0,
0.0,
0.0,
0.0,
0.0,
0.0,
0.0,
0.0,
0.0,
0.0,
0.0,
0.0,
0.0,
0.0,
0.0,
0.0,
0.0,
0.0,
0.0,
0.0,
0.0,
0.0,
0.0,
0.0,
0.0,
0.0,
0.0,
0.0,
0.0,
0.0,
0.0,
0.0,
0.0,
0.0,
0.0,
0.0,
0.0,
0.0,
0.0,
0.0,
0.0,
0.0,
0.0,
0.0,
0.0,
0.0,
0.0,
0.0,
0.0,
0.0,
0.0,
0.0,
0.0,
0.0,
0.0,
0.0,
0.0,
0.0,
0.0,
0.0,
0.0,
0.0,
0.0,
0.0,
0.0,
0.0,
0.0,
0.0,
0.0,
0.0,
0.0,
0.0,
0.0,
0.0,
0.0,
0.0,
0.0,
0.0,
0.0,
0.0,
0.0,
0.0,
0.0,
0.0,
0.0,
0.0,
0.0,
0.0,
0.0,
0.0,
0.0,
0.0,
0.0,
0.0,
0.0,
0.0,
0.0,
0.0,
0.0,
0.0,
0.0,
0.0,
0.0,
0.0,
0.0,
0.0,
0.0,
0.0,
0.0,
0.0,
0.0,
0.0,
0.0,
0.0,
0.0,
0.0,
0.0,
0.0,
0.0,
0.0,
0.0,
0.0,
0.0,
0.0,
0.0,
0.0,
0.0,
0.0,
0.0,
0.0,
0.0,
0.0,
0.0,
0.0,
0.0,
0.0,
0.0,
0.0,
0.0,
0.0,
0.0,
0.0,
0.0,
0.0,
0.0,
0.0,
0.0,
0.0,
0.0,
0.0,
0.0,
0.0,
0.0,
0.0,
0.0,
0.0,
0.0,
0.0,
0.0,
0.0,
0.0,
0.0,
0.0,
0.0,
0.0,
0.0,
0.0,
0.0,
0.0,
0.0,
0.0,
0.0,
0.0,
0.0,
0.0,
0.0,
0.0,
0.0,
0.0,
0.0,
0.0,
0.0,
0.0,
0.0,
0.0,
0.0,
0.0,
0.0,
0.0,
0.0,
0.0,
0.0,
0.0,
0.0,
0.0,
0.0,
0.0,
0.0,
0.0,
0.0,
0.0,
0.0,
0.0,
0.0,
0.0,
0.0,
0.0,
0.0,
0.0,
0.0,
0.0,
0.0,
0.0,
0.0,
0.0,
0.0,
0.0,
0.0,
0.0,
0.0,
0.0,
0.0,
0.0,
0.0,
0.0,
0.0,
0.0,
0.0,
0.0,
0.0,
0.0,
0.0,
0.0,
0.0,
0.0,
0.0,
0.0,
0.0,
0.0,
0.0,
0.0,
0.0,
0.0,
0.0,
0.0,
0.0,
0.0,
0.0,
0.0,
0.0,
0.0,
0.0,
0.0,
0.0,
0.0,
0.0,
0.0,
0.0,
0.0,
0.0,
0.0,
0.0,
0.0,
0.0,
0.0,
0.0,
0.0,
0.0,
0.0,
0.0,
0.0,
0.0,
0.0,
0.0,
0.0,
0.0,
0.0,
0.0,
0.0,
0.0,
0.0,
0.0,
0.0,
0.0,
0.0,
0.0,
0.0,
0.0,
0.0,
0.0,
0.0,
0.0,
0.0,
0.0,
0.0,
0.0,
0.0,
0.0,
0.0,
0.0,
0.0,
0.0,
0.0,
0.0,
0.0,
0.0,
0.0,
0.0,
0.0,
0.0,
0.0,
0.0,
0.0,
0.0,
0.0,
0.0,
0.0,
0.0,
0.0,
0.0,
0.0,
0.0,
0.0,
0.0,
0.0,
0.0,
0.0,
0.0,
0.0,
0.0,
0.0,
0.0,
0.0,
0.0,
0.0,
0.0,
0.0,
0.0,
0.0,
0.0,
0.0,
0.0,
0.0,
0.0,
0.0,
0.0,
0.0,
0.0,
0.0,
0.0,
0.0,
0.0,
0.0,
0.0,
0.0,
0.0,
0.0,
0.0,
0.0,
0.0,
0.0,
0.0,
0.0,
0.0,
0.0,
0.0,
0.0,
0.0,
0.0,
0.0,
0.0,
0.0,
0.0,
0.0,
0.0,
0.0,
0.0,
0.0,
0.0,
0.0,
0.0,
0.0,
0.0,
0.0,
0.0,
0.0,
0.0,
0.0,
0.0,
0.0,
0.0,
0.0,
0.0,
0.0,
0.0,
0.0,
0.0,
0.0,
0.0,
0.0,
0.0,
0.0,
0.0,
0.0,
0.0,
0.0,
0.0,
0.0,
0.0,
0.0,
0.0,
0.0,
0.0,
0.0,
0.0,
0.0,
0.0,
0.0,
0.0,
0.0,
0.0,
0.0,
0.0,
0.0,
0.0,
0.0,
0.0,
0.0,
0.0,
0.0,
0.0,
0.0,
0.0,
0.0,
0.0,
0.0,
0.0,
0.0,
0.0,
0.0,
0.0,
0.0,
0.0,
0.0,
0.0,
0.0,
0.0,
0.0,
0.0,
0.0,
0.0,
0.0,
0.0,
0.0,
0.0,
0.0,
0.0,
0.0,
0.0,
0.0,
0.0,
0.0,
0.0,
0.0,
0.0,
0.0,
0.0,
0.0,
0.0,
0.0,
0.0,
0.0,
0.0,
0.0,
0.0,
0.0,
0.0,
0.0,
0.0,
0.0,
0.0,
0.0,
0.0,
0.0,
0.0,
0.0,
0.0,
0.0,
0.0,
0.0,
0.0,
0.0,
0.0,
0.0,
0.0,
0.0,
0.0,
0.0,
0.0,
0.0,
0.0,
0.0,
0.0,
0.0,
0.0,
0.0,
0.0,
0.0,
0.0,
0.0,
0.0,
0.0,
0.0,
0.0,
0.0,
0.0,
0.0,
0.0,
0.0,
0.0,
0.0,
0.0,
0.0,
0.0,
0.0,
0.0,
0.0,
0.0,
0.0,
0.0,
0.0,
0.0,
0.0,
0.0,
0.0,
0.0,
0.0,
0.0,
0.0,
0.0,
0.0,
0.0,
0.0,
0.0,
0.0,
0.0,
0.0,
0.0,
0.0,
0.0,
0.0,
0.0,
0.0,
0.0,
0.0,
0.0,
0.0,
0.0,
0.0,
0.0,
0.0,
0.0,
0.0,
0.0,
0.0,
0.0,
0.0,
0.0,
0.0,
0.0,
0.0,
0.0,
0.0,
0.0,
0.0,
0.0,
0.0,
0.0,
0.0,
0.0,
0.0,
0.0,
0.0,
0.0,
0.0,
0.0,
0.0,
0.0,
0.0,
0.0,
0.0,
0.0,
0.0,
0.0,
0.0,
0.0,
0.0,
0.0,
0.0,
0.0,
0.0,
0.0,
0.0,
0.0,
0.0,
0.0,
0.0,
0.0,
0.0,
0.0,
0.0,
0.0,
0.0,
0.0,
0.0,
0.0,
0.0,
0.0,
0.0,
0.0,
0.0,
0.0,
0.0,
0.0,
0.0,
0.0,
0.0,
0.0,
0.0,
0.0,
0.0,
0.0,
0.0,
0.0,
0.0,
0.0,
0.0,
0.0,
0.0,
0.0,
0.0,
0.0,
0.0,
0.0,
0.0,
0.0,
0.0,
0.0,
0.0,
0.0,
0.0,
0.0,
0.0,
0.0,
0.0,
0.0,
0.0,
0.0,
0.0,
0.0,
0.0,
0.0,
0.0,
0.0,
0.0,
0.0,
0.0,
0.0,
0.0,
0.0,
0.0,
0.0,
0.0,
0.0,
0.0,
0.0,
0.0,
0.0,
0.0,
0.0,
0.0,
0.0,
0.0,
0.0,
0.0,
0.0,
0.0,
0.0,
0.0,
0.0,
0.0,
0.0,
0.0,
0.0,
0.0,
0.0,
0.0,
0.0,
0.0,
0.0,
0.0,
0.0,
0.0,
0.0,
0.0,
0.0,
0.0,
0.0,
0.0,
0.0,
0.0,
0.0,
0.0,
0.0,
0.0,
0.0,
0.0,
0.0,
0.0,
0.0,
0.0,
0.0,
0.0,
0.0,
0.0,
0.0,
0.0,
0.0,
0.0,
0.0,
0.0,
0.0,
0.0,
0.0,
0.0,
0.0,
0.0,
0.0,
0.0,
0.0,
0.0,
0.0,
0.0,
0.0,
0.0,
0.0,
0.0,
0.0,
0.0,
0.0,
0.0,
0.0,
0.0,
0.0,
0.0,
0.0,
0.0,
0.0,
0.0,
0.0,
0.0,
0.0,
0.0,
0.0,
0.0,
0.0,
0.0,
0.0,
0.0,
0.0,
0.0,
0.0,
0.0,
0.0,
0.0,
0.0,
0.0,
0.0,
0.0,
0.0,
0.0,
0.0,
0.0,
0.0,
0.0,
0.0,
0.0,
0.0,
0.0,
0.0,
0.0,
0.0,
0.0,
0.0,
0.0,
0.0,
0.0,
0.0,
0.0,
0.0,
0.0,
0.0,
0.0,
0.0,
0.0,
0.0,
0.0,
0.0,
0.0,
0.0,
0.0,
0.0,
0.0,
0.0,
0.0,
0.0,
0.0,
0.0,
0.0,
0.0,
0.0,
0.0,
0.0,
0.0,
0.0,
0.0,
0.0,
0.0,
0.0,
0.0,
0.0,
0.0,
0.0,
0.0,
0.0,
0.0,
0.0,
0.0,
0.0,
0.0,
0.0,
0.0,
0.0,
0.0,
0.0,
0.0,
0.0,
0.0,
0.0,
0.0,
0.0,
0.0,
0.0,
0.0,
0.0,
0.0,
0.0,
0.0,
0.0,
0.0,
0.0,
0.0,
0.0,
0.0,
0.0,
0.0,
0.0,
0.0,
0.0,
0.0,
0.0,
0.0,
0.0,
0.0,
0.0,
0.0,
0.0,
0.0,
0.0,
0.0,
0.0,
0.0,
0.0,
0.0,
0.0,
0.0,
0.0,
0.0,
0.0,
0.0,
0.0,
0.0,
0.0,
0.0,
0.0,
0.0,
0.0,
0.0,
0.0,
0.0,
0.0,
0.0,
0.0,
0.0,
0.0,
0.0,
0.0,
0.0,
0.0,
0.0,
0.0,
0.0,
0.0,
0.0,
0.0,
0.0,
0.0,
0.0,
0.0,
0.0,
0.0,
0.0,
0.0,
0.0,
0.0,
0.0,
0.0,
0.0,
0.0,
0.0,
0.0,
0.0,
0.0,
0.0,
0.0,
0.0,
0.0,
0.0,
0.0,
0.0,
0.0,
0.0,
0.0,
0.0,
0.0,
0.0,
0.0,
0.0,
0.0,
0.0,
0.0,
0.0,
0.0,
0.0,
0.0,
0.0,
0.0,
0.0,
0.0,
0.0,
0.0,
0.0,
0.0,
0.0,
0.0,
0.0,
0.0,
0.0,
0.0,
0.0,
0.0,
0.0,
0.0,
0.0,
0.0,
0.0,
0.0,
0.0,
0.0,
0.0,
0.0,
0.0,
0.0,
0.0,
0.0,
0.0,
0.0,
0.0,
0.0,
0.0,
0.0,
0.0,
0.0,
0.0,
0.0,
0.0,
0.0,
0.0,
0.0,
0.0,
0.0,
0.0,
0.0,
0.0,
0.0,
0.0,
0.0,
0.0,
0.0,
0.0,
0.0,
0.0,
0.0,
0.0,
0.0,
0.0,
0.0,
0.0,
0.0,
0.0,
0.0,
0.0,
0.0,
0.0,
0.0,
0.0,
0.0,
0.0,
0.0,
0.0,
0.0,
0.0,
0.0,
0.0,
0.0,
0.0,
0.0,
0.0,
0.0,
0.0,
0.0,
0.0,
0.0,
0.0,
0.0,
0.0,
0.0,
0.0,
0.0,
0.0,
0.0,
0.0,
0.0,
0.0,
0.0,
0.0,
0.0,
0.0,
0.0,
0.0,
0.0,
0.0,
0.0,
0.0,
0.0,
0.0,
0.0,
0.0,
0.0,
0.0,
0.0,
0.0,
0.0,
0.0,
0.0,
0.0,
0.0,
0.0,
0.0,
0.0,
0.0,
0.0,
0.0,
0.0,
0.0,
0.0,
0.0,
0.0,
0.0,
0.0,
0.0,
0.0,
0.0,
0.0,
0.0,
0.0,
0.0,
0.0,
0.0,
0.0,
0.0,
0.0,
0.0,
0.0,
0.0,
0.0,
0.0,
0.0,
0.0,
0.0,
0.0,
0.0,
0.0,
0.0,
0.0,
0.0,
0.0,
0.0,
0.0,
0.0,
0.0,
0.0,
0.0,
0.0,
0.0,
0.0,
0.0,
0.0,
0.0,
0.0,
0.0,
0.0,
0.0,
0.0,
0.0,
0.0,
0.0,
0.0,
0.0,
0.0,
0.0,
0.0,
0.0,
0.0,
0.0,
0.0,
0.0,
0.0,
0.0,
0.0,
0.0,
0.0,
0.0,
0.0,
0.0,
0.0,
0.0,
0.0,
0.0,
0.0,
0.0,
0.0,
0.0,
0.0,
0.0,
0.0,
0.0,
0.0,
0.0,
0.0,
0.0,
0.0,
0.0,
0.0,
0.0,
0.0,
0.0,
0.0,
0.0,
0.0,
0.0,
0.0,
0.0,
0.0,
0.0,
0.0,
0.0,
0.0,
0.0,
0.0,
0.0,
0.0,
0.0,
0.0,
0.0,
0.0,
0.0,
0.0,
0.0,
0.0,
0.0,
0.0,
0.0,
0.0,
0.0,
0.0,
0.0,
0.0,
0.0,
0.0,
0.0,
0.0,
0.0,
0.0,
0.0,
0.0,
0.0,
0.0,
0.0,
0.0,
0.0,
0.0,
0.0,
0.0,
0.0,
0.0,
0.0,
0.0,
0.0,
0.0,
0.0,
0.0,
0.0,
0.0,
0.0,
0.0,
0.0,
0.0,
0.0,
0.0,
0.0,
0.0,
0.0,
0.0,
0.0,
0.0,
0.0,
0.0,
0.0,
0.0,
0.0,
0.0,
0.0,
0.0,
0.0,
0.0,
0.0,
0.0,
0.0,
0.0,
0.0,
0.0,
0.0,
0.0,
0.0,
0.0,
0.0,
0.0,
0.0,
0.0,
0.0,
0.0,
0.0,
0.0,
0.0,
0.0,
0.0,
0.0,
0.0,
0.0,
0.0,
0.0,
0.0,
0.0,
0.0,
0.0,
0.0,
0.0,
0.0,
0.0,
0.0,
0.0,
0.0,
0.0,
0.0,
0.0,
0.0,
0.0,
0.0,
0.0,
0.0,
0.0,
0.0,
0.0,
0.0,
0.0,
0.0,
0.0,
0.0,
0.0,
0.0,
0.0,
0.0,
0.0,
0.0,
0.0,
0.0,
0.0,
0.0,
0.0,
0.0,
0.0,
0.0,
0.0,
0.0,
0.0,
0.0,
0.0,
0.0,
0.0,
0.0,
0.0,
0.0,
0.0,
0.0,
0.0,
0.0,
0.0,
0.0,
0.0,
0.0,
0.0,
0.0,
0.0,
0.0,
0.0,
0.0,
0.0,
0.0,
0.0,
0.0,
0.0,
0.0,
0.0,
0.0,
0.0,
0.0,
0.0,
0.0,
0.0,
0.0,
