1.0718927383422852,
1.076879858970642,
1.0783828496932983,
1.0789765119552612,
1.0800803899765015,
1.0800901651382446,
1.080146074295044,
1.0806399583816528,
1.0806001424789429,
1.0806183815002441,
1.0810564756393433,
1.0810714960098267,
1.08145010471344,
1.081584095954895,
1.0815985202789307,
1.0820122957229614,
1.0818259716033936,
1.081751823425293,
1.0819405317306519,
1.0817770957946777,
1.081587791442871,
1.082016944885254,
1.0817610025405884,
1.0814913511276245,
1.0818275213241577,
1.0815012454986572,
1.0815240144729614,
1.0819251537322998,
1.0816402435302734,
1.081395149230957,
1.0815775394439697,
1.081415057182312,
1.0814085006713867,
1.0813854932785034,
1.0814958810806274,
1.0814893245697021,
1.0815201997756958,
1.0814859867095947,
1.0814985036849976,
1.0812913179397583,
1.08122718334198,
1.0817335844039917,
1.0812455415725708,
1.081194281578064,
1.081418514251709,
1.080946445465088,
1.0806303024291992,
1.0808415412902832,
1.0805864334106445,
1.0805244445800781,
1.0808204412460327,
1.0807921886444092,
1.0805696249008179,
1.0804775953292847,
1.0802130699157715,
1.0802810192108154,
1.0801504850387573,
1.07962965965271,
1.0800095796585083,
1.0798447132110596,
1.0797622203826904,
1.0801645517349243,
1.0798988342285156,
1.079554796218872,
1.0799760818481445,
1.0796018838882446,
1.0795502662658691,
1.079748511314392,
1.0792734622955322,
1.0790408849716187,
1.0792628526687622,
1.0788824558258057,
1.0787756443023682,
1.078963279724121,
1.0788567066192627,
1.0787630081176758,
1.07883620262146,
1.0784205198287964,
1.0785152912139893,
1.078264594078064,
1.078058123588562,
1.0783811807632446,
1.077926516532898,
1.0777076482772827,
1.0782731771469116,
1.078020453453064,
1.0775583982467651,
1.0778497457504272,
1.0775247812271118,
1.0776598453521729,
1.0776351690292358,
1.0774712562561035,
1.077099084854126,
1.0771535634994507,
1.0768988132476807,
1.076760172843933,
1.076579213142395,
1.0764539241790771,
1.0768992900848389,
1.0766457319259644,
1.0766195058822632,
1.076310634613037,
1.0759503841400146,
1.0758665800094604,
1.0760658979415894,
1.0757039785385132,
1.0755517482757568,
1.075744867324829,
1.0756202936172485,
1.0755614042282104,
1.0756163597106934,
1.0751980543136597,
1.0750244855880737,
1.075185775756836,
1.0750609636306763,
1.0744633674621582,
1.0745855569839478,
1.074242115020752,
1.0743507146835327,
1.074118733406067,
1.0726231336593628,
1.0739589929580688,
1.0737520456314087,
1.0735454559326172,
1.073714256286621,
1.0731871128082275,
1.072791576385498,
1.073143720626831,
1.0727910995483398,
1.0726807117462158,
1.0727245807647705,
1.072285771369934,
1.0721244812011719,
1.0723892450332642,
1.071954369544983,
1.0718573331832886,
1.071879267692566,
1.0716720819473267,
1.0718570947647095,
1.0716593265533447,
1.0714000463485718,
1.0713831186294556,
1.0710564851760864,
1.070922613143921,
1.0709166526794434,
1.0704865455627441,
1.0703340768814087,
1.0706467628479004,
1.0701875686645508,
1.0700984001159668,
1.0699974298477173,
1.0694448947906494,
1.0695217847824097,
1.069468379020691,
1.06912100315094,
1.0691628456115723,
1.0678365230560303,
1.0689140558242798,
1.0688008069992065,
1.068605899810791,
1.0683544874191284,
1.0684336423873901,
1.0682011842727661,
1.0680577754974365,
1.0679967403411865,
1.0677305459976196,
1.0674577951431274,
1.067617654800415,
1.0672293901443481,
1.0668715238571167,
1.0670535564422607,
1.0665981769561768,
1.0662895441055298,
1.0665580034255981,
1.0659520626068115,
1.065664291381836,
1.0656534433364868,
1.0654125213623047,
1.065258502960205,
1.0651040077209473,
1.0647470951080322,
1.0648325681686401,
1.0647234916687012,
1.064464807510376,
1.0645431280136108,
1.064160943031311,
1.0640368461608887,
1.0642861127853394,
1.063761830329895,
1.0635288953781128,
1.063673734664917,
1.0631531476974487,
1.0630744695663452,
1.0628957748413086,
1.0625195503234863,
1.0622882843017578,
1.0623490810394287,
1.0620657205581665,
1.0616387128829956,
1.0615407228469849,
1.0612893104553223,
1.0611076354980469,
1.0609031915664673,
1.060638427734375,
1.0604311227798462,
1.0602895021438599,
1.0600454807281494,
1.0602409839630127,
1.0597633123397827,
1.0593897104263306,
1.0595065355300903,
1.0591671466827393,
1.0590457916259766,
1.0589088201522827,
1.0584402084350586,
1.0578805208206177,
1.0579828023910522,
1.057462453842163,
1.0572865009307861,
1.057209849357605,
1.056862473487854,
1.0568689107894897,
1.05655038356781,
1.05617356300354,
1.0561639070510864,
1.0557825565338135,
1.0555775165557861,
1.0557827949523926,
1.055236577987671,
1.0549477338790894,
1.055143117904663,
1.0545848608016968,
1.0543501377105713,
1.0543802976608276,
1.0538177490234375,
1.0536386966705322,
1.053598165512085,
1.0532718896865845,
1.0530658960342407,
1.0524238348007202,
1.0522422790527344,
1.0521990060806274,
1.0519310235977173,
1.0518447160720825,
1.0519047975540161,
1.0514068603515625,
1.0509543418884277,
1.0510845184326172,
1.047032117843628,
1.0482873916625977,
1.0488361120224,
1.048804521560669,
1.0488109588623047,
1.049038052558899,
1.0487217903137207,
1.0481387376785278,
1.0485700368881226,
1.0482470989227295,
1.0481325387954712,
1.0481011867523193,
1.0478839874267578,
1.047828197479248,
1.0474607944488525,
1.0472006797790527,
1.0472996234893799,
1.046801209449768,
1.0466071367263794,
1.046518325805664,
1.0461159944534302,
1.0461084842681885,
1.0462089776992798,
1.0456997156143188,
1.0455915927886963,
1.0455453395843506,
1.044995665550232,
1.0448824167251587,
1.0447760820388794,
1.0444689989089966,
1.0441639423370361,
1.0438470840454102,
1.0435092449188232,
1.0433878898620605,
1.0430593490600586,
1.0428873300552368,
1.0428104400634766,
1.0424000024795532,
1.0420647859573364,
1.0419310331344604,
1.0413199663162231,
1.0410512685775757,
1.0409666299819946,
1.0404921770095825,
1.0403385162353516,
1.040110468864441,
1.0396860837936401,
1.0396056175231934,
1.039209008216858,
1.038960576057434,
1.0389657020568848,
1.0383715629577637,
1.0381110906600952,
1.038143515586853,
1.0375062227249146,
1.0372090339660645,
1.036802053451538,
1.0362659692764282,
1.0359137058258057,
1.0359256267547607,
1.0354301929473877,
1.0351170301437378,
1.0348114967346191,
1.0343002080917358,
1.0340306758880615,
1.033636212348938,
1.0331155061721802,
1.033232569694519,
1.032687783241272,
1.0322474241256714,
1.0324393510818481,
1.0317180156707764,
1.0312349796295166,
1.0312861204147339,
1.0307170152664185,
1.0301804542541504,
1.030063509941101,
1.0295405387878418,
1.0281171798706055,
1.0289119482040405,
1.0285319089889526,
1.028234601020813,
1.027754783630371,
1.0274126529693604,
1.027269721031189,
1.02662992477417,
1.0262709856033325,
1.0259203910827637,
1.025272011756897,
1.024907112121582,
1.0245996713638306,
1.0240203142166138,
1.0237878561019897,
1.023341178894043,
1.0227348804473877,
1.0224270820617676,
1.0220153331756592,
1.0214226245880127,
1.0216199159622192,
1.020711064338684,
1.020229458808899,
1.0202276706695557,
1.0194967985153198,
1.0189321041107178,
1.0187311172485352,
1.0178955793380737,
1.0177040100097656,
1.0173221826553345,
1.0168049335479736,
1.0162477493286133,
1.0155959129333496,
1.0148478746414185,
1.0147451162338257,
1.0140022039413452,
1.0131915807724,
1.013146996498108,
1.012557029724121,
1.012103796005249,
1.0117359161376953,
1.0108259916305542,
1.010614037513733,
1.010097622871399,
1.0095323324203491,
1.0090341567993164,
1.0078080892562866,
1.0076979398727417,
1.0070987939834595,
1.0057196617126465,
1.005684733390808,
1.0051414966583252,
1.0049833059310913,
1.004254698753357,
1.0039066076278687,
1.0026359558105469,
1.0024327039718628,
1.0019179582595825,
1.0006558895111084,
1.0003159046173096,
0.9990028142929077,
0.9988952875137329,
0.9987190365791321,
0.9976403117179871,
0.9975444674491882,
0.9972783923149109,
0.9959141612052917,
0.9945910573005676,
0.9945182204246521,
0.9942598938941956,
0.9935091733932495,
0.9919009804725647,
0.9911467432975769,
0.9906986951828003,
0.9903277158737183,
0.9890177249908447,
0.988489031791687,
0.9883212447166443,
0.9874271750450134,
0.9867193698883057,
0.9858298301696777,
0.984596848487854,
0.9841164946556091,
0.9829056262969971,
0.9815955758094788,
0.9816073775291443,
0.9806199669837952,
0.979993999004364,
0.979253888130188,
0.978454053401947,
0.9772171378135681,
0.9772173762321472,
0.9763090014457703,
0.9755686521530151,
0.9743994474411011,
0.9732544422149658,
0.972403347492218,
0.9716449975967407,
0.9704024791717529,
0.9697964191436768,
0.9687670469284058,
0.9679856300354004,
0.9669411182403564,
0.9659720659255981,
0.9648394584655762,
0.9638416767120361,
0.962490439414978,
0.9614102244377136,
0.961134135723114,
0.9594811201095581,
0.9588119983673096,
0.9579312205314636,
0.9564300775527954,
0.9555781483650208,
0.9544808268547058,
0.9535617828369141,
0.9522165060043335,
0.9513036012649536,
0.9495108127593994,
0.9485031962394714,
0.9473587274551392,
0.9458255767822266,
0.9449172019958496,
0.9432743787765503,
0.9420557022094727,
0.9409949779510498,
0.939383327960968,
0.938054084777832,
0.9370675683021545,
0.9354755282402039,
0.9335951209068298,
0.9324296712875366,
0.9307191967964172,
0.9292666912078857,
0.9277954697608948,
0.9263185858726501,
0.9246490001678467,
0.9234774708747864,
0.9215620756149292,
0.9197562336921692,
0.9182615876197815,
0.9165541529655457,
0.914763867855072,
0.9130439758300781,
0.9101102948188782,
0.9095597863197327,
0.9081419110298157,
0.9059090614318848,
0.9041059613227844,
0.9023668169975281,
0.9003168940544128,
0.8986045122146606,
0.8974893093109131,
0.8953302502632141,
0.893410325050354,
0.8914625644683838,
0.8897684216499329,
0.8877318501472473,
0.8861938118934631,
0.8844019174575806,
0.8819150924682617,
0.8811497092247009,
0.8794428706169128,
0.8776497840881348,
0.8749182820320129,
0.8741910457611084,
0.8724198937416077,
0.8708764910697937,
0.8683871030807495,
0.8672199249267578,
0.8650824427604675,
0.8635732531547546,
0.8618345260620117,
0.8592738509178162,
0.858223021030426,
0.85555100440979,
0.8548681139945984,
0.8532837629318237,
0.8514933586120605,
0.8499403595924377,
0.8483068346977234,
0.846178412437439,
0.8447379469871521,
0.8429476618766785,
0.8405587077140808,
0.8397567272186279,
0.838040292263031,
0.8363717794418335,
0.8346203565597534,
0.8331582546234131,
0.8314175605773926,
0.8296110033988953,
0.8279892206192017,
0.8263928294181824,
0.8263928294181824,
0.8263928294181824,
0.0,
0.0,
0.0,
0.0,
0.0,
0.0,
0.0,
0.0,
0.0,
0.0,
0.0,
0.0,
0.0,
0.0,
0.0,
0.0,
0.0,
0.0,
0.0,
0.0,
0.0,
0.0,
0.0,
0.0,
0.0,
0.0,
0.0,
0.0,
0.0,
0.0,
0.0,
0.0,
0.0,
0.0,
0.0,
0.0,
0.0,
0.0,
0.0,
0.0,
0.0,
0.0,
0.0,
0.0,
0.0,
0.0,
0.0,
0.0,
0.0,
0.0,
0.0,
0.0,
0.0,
0.0,
0.0,
0.0,
0.0,
0.0,
0.0,
0.0,
0.0,
0.0,
0.0,
0.0,
0.0,
0.0,
0.0,
0.0,
0.0,
0.0,
0.0,
0.0,
0.0,
0.0,
0.0,
0.0,
0.0,
0.0,
0.0,
0.0,
0.0,
0.0,
0.0,
0.0,
0.0,
0.0,
0.0,
0.0,
0.0,
0.0,
0.0,
0.0,
0.0,
0.0,
0.0,
0.0,
0.0,
0.0,
0.0,
0.0,
0.0,
0.0,
0.0,
0.0,
0.0,
0.0,
0.0,
0.0,
0.0,
0.0,
0.0,
0.0,
0.0,
0.0,
0.0,
0.0,
0.0,
0.0,
0.0,
0.0,
0.0,
0.0,
0.0,
0.0,
0.0,
0.0,
0.0,
0.0,
0.0,
0.0,
0.0,
0.0,
0.0,
0.0,
0.0,
0.0,
0.0,
0.0,
0.0,
0.0,
0.0,
0.0,
0.0,
0.0,
0.0,
0.0,
0.0,
0.0,
0.0,
0.0,
0.0,
0.0,
0.0,
0.0,
0.0,
0.0,
0.0,
0.0,
0.0,
0.0,
0.0,
0.0,
0.0,
0.0,
0.0,
0.0,
0.0,
0.0,
0.0,
0.0,
0.0,
0.0,
0.0,
0.0,
0.0,
0.0,
0.0,
0.0,
0.0,
0.0,
0.0,
0.0,
0.0,
0.0,
0.0,
0.0,
0.0,
0.0,
0.0,
0.0,
0.0,
0.0,
0.0,
0.0,
0.0,
0.0,
0.0,
0.0,
0.0,
0.0,
0.0,
0.0,
0.0,
0.0,
0.0,
0.0,
0.0,
0.0,
0.0,
0.0,
0.0,
0.0,
0.0,
0.0,
0.0,
0.0,
0.0,
0.0,
0.0,
0.0,
0.0,
0.0,
0.0,
0.0,
0.0,
0.0,
0.0,
0.0,
0.0,
0.0,
0.0,
0.0,
0.0,
0.0,
0.0,
0.0,
0.0,
0.0,
0.0,
0.0,
0.0,
0.0,
0.0,
0.0,
0.0,
0.0,
0.0,
0.0,
0.0,
0.0,
0.0,
0.0,
0.0,
0.0,
0.0,
0.0,
0.0,
0.0,
0.0,
0.0,
0.0,
0.0,
0.0,
0.0,
0.0,
0.0,
0.0,
0.0,
0.0,
0.0,
0.0,
0.0,
0.0,
0.0,
0.0,
0.0,
0.0,
0.0,
0.0,
0.0,
0.0,
0.0,
0.0,
0.0,
0.0,
0.0,
0.0,
0.0,
0.0,
0.0,
0.0,
0.0,
0.0,
0.0,
0.0,
0.0,
0.0,
0.0,
0.0,
0.0,
0.0,
0.0,
0.0,
0.0,
0.0,
0.0,
0.0,
0.0,
0.0,
0.0,
0.0,
0.0,
0.0,
0.0,
0.0,
0.0,
0.0,
0.0,
0.0,
0.0,
0.0,
0.0,
0.0,
0.0,
0.0,
0.0,
0.0,
0.0,
0.0,
0.0,
0.0,
0.0,
0.0,
0.0,
0.0,
0.0,
0.0,
0.0,
0.0,
0.0,
0.0,
0.0,
0.0,
0.0,
0.0,
0.0,
0.0,
0.0,
0.0,
0.0,
0.0,
0.0,
0.0,
0.0,
0.0,
0.0,
0.0,
0.0,
0.0,
0.0,
0.0,
0.0,
0.0,
0.0,
0.0,
0.0,
0.0,
0.0,
0.0,
0.0,
0.0,
0.0,
0.0,
0.0,
0.0,
0.0,
0.0,
0.0,
0.0,
0.0,
0.0,
0.0,
0.0,
0.0,
0.0,
0.0,
0.0,
0.0,
0.0,
0.0,
0.0,
0.0,
0.0,
0.0,
0.0,
0.0,
0.0,
0.0,
0.0,
0.0,
0.0,
0.0,
0.0,
0.0,
0.0,
0.0,
0.0,
0.0,
0.0,
0.0,
0.0,
0.0,
0.0,
0.0,
0.0,
0.0,
0.0,
0.0,
0.0,
0.0,
0.0,
0.0,
0.0,
0.0,
0.0,
0.0,
0.0,
0.0,
0.0,
0.0,
0.0,
0.0,
0.0,
0.0,
0.0,
0.0,
0.0,
0.0,
0.0,
0.0,
0.0,
0.0,
0.0,
0.0,
0.0,
0.0,
0.0,
0.0,
0.0,
0.0,
0.0,
0.0,
0.0,
0.0,
0.0,
0.0,
0.0,
0.0,
0.0,
0.0,
0.0,
0.0,
0.0,
0.0,
0.0,
0.0,
0.0,
0.0,
0.0,
0.0,
0.0,
0.0,
0.0,
0.0,
0.0,
0.0,
0.0,
0.0,
0.0,
0.0,
0.0,
0.0,
0.0,
0.0,
0.0,
0.0,
0.0,
0.0,
0.0,
0.0,
0.0,
0.0,
0.0,
0.0,
0.0,
0.0,
0.0,
0.0,
0.0,
0.0,
0.0,
0.0,
0.0,
0.0,
0.0,
0.0,
0.0,
0.0,
0.0,
0.0,
0.0,
0.0,
0.0,
0.0,
0.0,
0.0,
0.0,
0.0,
0.0,
0.0,
0.0,
0.0,
0.0,
0.0,
0.0,
0.0,
0.0,
0.0,
0.0,
0.0,
0.0,
0.0,
0.0,
0.0,
0.0,
0.0,
0.0,
0.0,
0.0,
0.0,
0.0,
0.0,
0.0,
0.0,
0.0,
0.0,
0.0,
0.0,
0.0,
0.0,
0.0,
0.0,
0.0,
0.0,
0.0,
0.0,
0.0,
0.0,
0.0,
0.0,
0.0,
0.0,
0.0,
0.0,
0.0,
0.0,
0.0,
0.0,
0.0,
0.0,
0.0,
0.0,
0.0,
0.0,
0.0,
0.0,
0.0,
0.0,
0.0,
0.0,
0.0,
0.0,
0.0,
0.0,
0.0,
0.0,
0.0,
0.0,
0.0,
0.0,
0.0,
0.0,
0.0,
0.0,
0.0,
0.0,
0.0,
0.0,
0.0,
0.0,
0.0,
0.0,
0.0,
0.0,
0.0,
0.0,
0.0,
0.0,
0.0,
0.0,
0.0,
0.0,
0.0,
0.0,
0.0,
0.0,
0.0,
0.0,
0.0,
0.0,
0.0,
0.0,
0.0,
0.0,
0.0,
0.0,
0.0,
0.0,
0.0,
0.0,
0.0,
0.0,
0.0,
0.0,
0.0,
0.0,
0.0,
0.0,
0.0,
0.0,
0.0,
0.0,
0.0,
0.0,
0.0,
0.0,
0.0,
0.0,
0.0,
0.0,
0.0,
0.0,
0.0,
0.0,
0.0,
0.0,
0.0,
0.0,
0.0,
0.0,
0.0,
0.0,
0.0,
0.0,
0.0,
0.0,
0.0,
0.0,
0.0,
0.0,
0.0,
0.0,
0.0,
0.0,
0.0,
0.0,
0.0,
0.0,
0.0,
0.0,
0.0,
0.0,
0.0,
0.0,
0.0,
0.0,
0.0,
0.0,
0.0,
0.0,
0.0,
0.0,
0.0,
0.0,
0.0,
0.0,
0.0,
0.0,
0.0,
0.0,
0.0,
0.0,
0.0,
0.0,
0.0,
0.0,
0.0,
0.0,
0.0,
0.0,
0.0,
0.0,
0.0,
0.0,
0.0,
0.0,
0.0,
0.0,
0.0,
0.0,
0.0,
0.0,
0.0,
0.0,
0.0,
0.0,
0.0,
0.0,
0.0,
0.0,
0.0,
0.0,
0.0,
0.0,
0.0,
0.0,
0.0,
0.0,
0.0,
0.0,
0.0,
0.0,
0.0,
0.0,
0.0,
0.0,
0.0,
0.0,
0.0,
0.0,
0.0,
0.0,
0.0,
0.0,
0.0,
0.0,
0.0,
0.0,
0.0,
0.0,
0.0,
0.0,
0.0,
0.0,
0.0,
0.0,
0.0,
0.0,
0.0,
0.0,
0.0,
0.0,
0.0,
0.0,
0.0,
0.0,
0.0,
0.0,
0.0,
0.0,
0.0,
0.0,
0.0,
0.0,
0.0,
0.0,
0.0,
0.0,
0.0,
0.0,
0.0,
0.0,
0.0,
0.0,
0.0,
0.0,
0.0,
0.0,
0.0,
0.0,
0.0,
0.0,
0.0,
0.0,
0.0,
0.0,
0.0,
0.0,
0.0,
0.0,
0.0,
0.0,
0.0,
0.0,
0.0,
0.0,
0.0,
0.0,
0.0,
0.0,
0.0,
0.0,
0.0,
0.0,
0.0,
0.0,
0.0,
0.0,
0.0,
0.0,
0.0,
0.0,
0.0,
0.0,
0.0,
0.0,
0.0,
0.0,
0.0,
0.0,
0.0,
0.0,
0.0,
0.0,
0.0,
0.0,
0.0,
0.0,
0.0,
0.0,
0.0,
0.0,
0.0,
0.0,
0.0,
0.0,
0.0,
0.0,
0.0,
0.0,
0.0,
0.0,
0.0,
0.0,
0.0,
0.0,
0.0,
0.0,
0.0,
0.0,
0.0,
0.0,
0.0,
0.0,
0.0,
0.0,
0.0,
0.0,
0.0,
0.0,
0.0,
0.0,
0.0,
0.0,
0.0,
0.0,
0.0,
0.0,
0.0,
0.0,
0.0,
0.0,
0.0,
0.0,
0.0,
0.0,
0.0,
0.0,
0.0,
0.0,
0.0,
0.0,
0.0,
0.0,
0.0,
0.0,
0.0,
0.0,
0.0,
0.0,
0.0,
0.0,
0.0,
0.0,
0.0,
0.0,
0.0,
0.0,
0.0,
0.0,
0.0,
0.0,
0.0,
0.0,
0.0,
0.0,
0.0,
0.0,
0.0,
0.0,
0.0,
0.0,
0.0,
0.0,
0.0,
0.0,
0.0,
0.0,
0.0,
0.0,
0.0,
0.0,
0.0,
0.0,
0.0,
0.0,
0.0,
0.0,
0.0,
0.0,
0.0,
0.0,
0.0,
0.0,
0.0,
0.0,
0.0,
0.0,
0.0,
0.0,
0.0,
0.0,
0.0,
0.0,
0.0,
0.0,
0.0,
0.0,
0.0,
0.0,
0.0,
0.0,
0.0,
0.0,
0.0,
0.0,
0.0,
0.0,
0.0,
0.0,
0.0,
0.0,
0.0,
0.0,
0.0,
0.0,
0.0,
0.0,
0.0,
0.0,
0.0,
0.0,
0.0,
0.0,
0.0,
0.0,
0.0,
0.0,
0.0,
0.0,
0.0,
0.0,
0.0,
0.0,
0.0,
0.0,
0.0,
0.0,
0.0,
0.0,
0.0,
0.0,
0.0,
0.0,
0.0,
0.0,
0.0,
0.0,
0.0,
0.0,
0.0,
0.0,
0.0,
0.0,
0.0,
0.0,
0.0,
0.0,
0.0,
0.0,
0.0,
0.0,
0.0,
0.0,
0.0,
0.0,
0.0,
0.0,
0.0,
0.0,
0.0,
0.0,
0.0,
0.0,
0.0,
0.0,
0.0,
0.0,
0.0,
0.0,
0.0,
0.0,
0.0,
0.0,
0.0,
0.0,
0.0,
0.0,
0.0,
0.0,
0.0,
0.0,
0.0,
0.0,
0.0,
0.0,
0.0,
0.0,
0.0,
0.0,
0.0,
0.0,
0.0,
0.0,
0.0,
0.0,
0.0,
0.0,
0.0,
0.0,
0.0,
0.0,
0.0,
0.0,
0.0,
0.0,
0.0,
0.0,
0.0,
0.0,
0.0,
0.0,
0.0,
0.0,
0.0,
0.0,
0.0,
0.0,
0.0,
0.0,
0.0,
0.0,
0.0,
0.0,
0.0,
0.0,
0.0,
0.0,
0.0,
0.0,
0.0,
0.0,
0.0,
0.0,
0.0,
0.0,
0.0,
0.0,
0.0,
0.0,
0.0,
0.0,
0.0,
0.0,
0.0,
0.0,
0.0,
0.0,
0.0,
0.0,
0.0,
0.0,
0.0,
0.0,
0.0,
0.0,
0.0,
0.0,
0.0,
0.0,
0.0,
0.0,
0.0,
0.0,
0.0,
0.0,
0.0,
0.0,
0.0,
0.0,
0.0,
0.0,
0.0,
0.0,
0.0,
0.0,
0.0,
0.0,
0.0,
0.0,
0.0,
0.0,
0.0,
0.0,
0.0,
0.0,
0.0,
0.0,
0.0,
0.0,
0.0,
0.0,
0.0,
0.0,
0.0,
0.0,
0.0,
0.0,
0.0,
0.0,
0.0,
0.0,
0.0,
0.0,
0.0,
0.0,
0.0,
0.0,
0.0,
0.0,
0.0,
0.0,
0.0,
0.0,
0.0,
0.0,
0.0,
0.0,
0.0,
0.0,
0.0,
0.0,
0.0,
0.0,
0.0,
0.0,
0.0,
0.0,
0.0,
0.0,
0.0,
0.0,
0.0,
0.0,
0.0,
0.0,
0.0,
0.0,
0.0,
0.0,
0.0,
0.0,
0.0,
0.0,
0.0,
0.0,
0.0,
0.0,
0.0,
0.0,
0.0,
0.0,
0.0,
0.0,
0.0,
0.0,
0.0,
0.0,
0.0,
0.0,
0.0,
0.0,
0.0,
0.0,
0.0,
0.0,
0.0,
0.0,
0.0,
0.0,
0.0,
0.0,
0.0,
0.0,
0.0,
0.0,
0.0,
0.0,
0.0,
0.0,
0.0,
0.0,
0.0,
0.0,
0.0,
0.0,
0.0,
0.0,
0.0,
0.0,
0.0,
0.0,
0.0,
0.0,
0.0,
0.0,
0.0,
0.0,
0.0,
0.0,
0.0,
0.0,
0.0,
0.0,
0.0,
0.0,
0.0,
0.0,
0.0,
0.0,
0.0,
0.0,
0.0,
0.0,
0.0,
0.0,
0.0,
0.0,
0.0,
0.0,
0.0,
0.0,
0.0,
0.0,
0.0,
0.0,
0.0,
0.0,
0.0,
0.0,
0.0,
0.0,
0.0,
0.0,
0.0,
0.0,
0.0,
0.0,
0.0,
0.0,
0.0,
0.0,
0.0,
0.0,
0.0,
0.0,
0.0,
0.0,
0.0,
0.0,
0.0,
0.0,
0.0,
0.0,
0.0,
0.0,
0.0,
0.0,
0.0,
0.0,
0.0,
0.0,
0.0,
0.0,
0.0,
0.0,
0.0,
0.0,
0.0,
0.0,
0.0,
0.0,
0.0,
0.0,
0.0,
0.0,
0.0,
0.0,
0.0,
0.0,
0.0,
0.0,
0.0,
0.0,
0.0,
0.0,
0.0,
0.0,
0.0,
0.0,
0.0,
0.0,
0.0,
0.0,
0.0,
0.0,
0.0,
0.0,
0.0,
0.0,
0.0,
0.0,
0.0,
0.0,
0.0,
0.0,
0.0,
0.0,
0.0,
0.0,
0.0,
0.0,
0.0,
0.0,
0.0,
0.0,
0.0,
0.0,
0.0,
0.0,
0.0,
0.0,
0.0,
0.0,
0.0,
0.0,
0.0,
0.0,
0.0,
0.0,
0.0,
0.0,
0.0,
0.0,
0.0,
0.0,
0.0,
0.0,
0.0,
0.0,
0.0,
0.0,
0.0,
0.0,
0.0,
0.0,
0.0,
0.0,
0.0,
0.0,
0.0,
0.0,
0.0,
0.0,
0.0,
0.0,
0.0,
0.0,
0.0,
0.0,
0.0,
0.0,
0.0,
0.0,
0.0,
0.0,
0.0,
0.0,
0.0,
0.0,
0.0,
0.0,
0.0,
0.0,
0.0,
0.0,
0.0,
0.0,
0.0,
0.0,
0.0,
0.0,
0.0,
0.0,
0.0,
0.0,
0.0,
0.0,
0.0,
0.0,
0.0,
0.0,
0.0,
0.0,
0.0,
0.0,
0.0,
0.0,
0.0,
0.0,
0.0,
0.0,
0.0,
0.0,
0.0,
0.0,
0.0,
0.0,
0.0,
0.0,
0.0,
0.0,
0.0,
0.0,
0.0,
0.0,
0.0,
0.0,
0.0,
0.0,
0.0,
0.0,
0.0,
0.0,
0.0,
0.0,
0.0,
0.0,
0.0,
0.0,
0.0,
0.0,
0.0,
0.0,
0.0,
0.0,
0.0,
0.0,
0.0,
0.0,
0.0,
0.0,
0.0,
0.0,
0.0,
0.0,
0.0,
0.0,
0.0,
0.0,
0.0,
0.0,
0.0,
0.0,
0.0,
0.0,
0.0,
0.0,
0.0,
0.0,
0.0,
0.0,
0.0,
0.0,
0.0,
0.0,
0.0,
0.0,
0.0,
0.0,
0.0,
0.0,
0.0,
0.0,
0.0,
0.0,
0.0,
0.0,
0.0,
0.0,
0.0,
0.0,
0.0,
0.0,
0.0,
0.0,
0.0,
0.0,
0.0,
0.0,
0.0,
0.0,
0.0,
0.0,
0.0,
0.0,
0.0,
0.0,
0.0,
0.0,
0.0,
0.0,
0.0,
0.0,
0.0,
0.0,
0.0,
0.0,
0.0,
0.0,
0.0,
0.0,
0.0,
0.0,
0.0,
0.0,
0.0,
0.0,
0.0,
0.0,
0.0,
0.0,
0.0,
0.0,
0.0,
0.0,
0.0,
0.0,
0.0,
0.0,
0.0,
0.0,
0.0,
0.0,
0.0,
0.0,
0.0,
0.0,
0.0,
0.0,
0.0,
0.0,
0.0,
0.0,
0.0,
0.0,
0.0,
0.0,
0.0,
0.0,
0.0,
0.0,
0.0,
0.0,
0.0,
0.0,
0.0,
0.0,
0.0,
0.0,
0.0,
0.0,
0.0,
0.0,
0.0,
0.0,
0.0,
0.0,
0.0,
0.0,
0.0,
0.0,
0.0,
0.0,
0.0,
0.0,
0.0,
0.0,
0.0,
0.0,
0.0,
0.0,
0.0,
0.0,
0.0,
0.0,
0.0,
0.0,
0.0,
0.0,
0.0,
0.0,
0.0,
0.0,
0.0,
0.0,
0.0,
0.0,
0.0,
0.0,
0.0,
0.0,
0.0,
0.0,
0.0,
0.0,
0.0,
0.0,
0.0,
0.0,
0.0,
0.0,
0.0,
0.0,
0.0,
0.0,
0.0,
0.0,
0.0,
0.0,
0.0,
0.0,
0.0,
0.0,
0.0,
0.0,
0.0,
0.0,
0.0,
0.0,
0.0,
0.0,
0.0,
0.0,
0.0,
0.0,
0.0,
0.0,
0.0,
0.0,
0.0,
0.0,
0.0,
0.0,
0.0,
0.0,
0.0,
0.0,
0.0,
0.0,
0.0,
0.0,
0.0,
0.0,
0.0,
0.0,
0.0,
0.0,
0.0,
0.0,
0.0,
0.0,
0.0,
0.0,
0.0,
0.0,
0.0,
0.0,
0.0,
0.0,
0.0,
0.0,
0.0,
0.0,
0.0,
0.0,
0.0,
0.0,
0.0,
0.0,
0.0,
0.0,
0.0,
0.0,
0.0,
0.0,
0.0,
0.0,
0.0,
0.0,
0.0,
0.0,
0.0,
0.0,
0.0,
0.0,
0.0,
0.0,
0.0,
0.0,
0.0,
0.0,
