1.0786781311035156,
1.0831042528152466,
1.0847357511520386,
1.085764765739441,
1.0864057540893555,
1.0864428281784058,
1.086896538734436,
1.0868966579437256,
1.0870633125305176,
1.0873606204986572,
1.0872135162353516,
1.0873459577560425,
1.087902307510376,
1.0878379344940186,
1.087916374206543,
1.0885668992996216,
1.0882843732833862,
1.088548183441162,
1.0888139009475708,
1.0886576175689697,
1.0888681411743164,
1.0891180038452148,
1.0887386798858643,
1.0885640382766724,
1.0886015892028809,
1.0886298418045044,
1.0886497497558594,
1.0888508558273315,
1.088931918144226,
1.0888359546661377,
1.0886688232421875,
1.0885298252105713,
1.088853359222412,
1.0884567499160767,
1.0887227058410645,
1.0891313552856445,
1.0889170169830322,
1.0893226861953735,
1.0894938707351685,
1.0891728401184082,
1.0887497663497925,
1.0890381336212158,
1.0887842178344727,
1.0890178680419922,
1.0890167951583862,
1.0889030694961548,
1.088955283164978,
1.0886057615280151,
1.0886566638946533,
1.0889707803726196,
1.0887311697006226,
1.0886837244033813,
1.0891878604888916,
1.0886478424072266,
1.0885504484176636,
1.0887149572372437,
1.0883991718292236,
1.0885844230651855,
1.088361382484436,
1.0883958339691162,
1.088558554649353,
1.0887988805770874,
1.088509440422058,
1.0885740518569946,
1.0885668992996216,
1.0882971286773682,
1.0882824659347534,
1.0882912874221802,
1.0882264375686646,
1.0880781412124634,
1.088051438331604,
1.0878889560699463,
1.087921142578125,
1.0879268646240234,
1.0880626440048218,
1.088258147239685,
1.088066816329956,
1.0878115892410278,
1.0875873565673828,
1.087430715560913,
1.0871883630752563,
1.0874361991882324,
1.0870089530944824,
1.0867195129394531,
1.0873591899871826,
1.0873196125030518,
1.087210774421692,
1.0870766639709473,
1.0868860483169556,
1.0867888927459717,
1.086918830871582,
1.0869581699371338,
1.0869231224060059,
1.086717963218689,
1.086566686630249,
1.0864344835281372,
1.086249828338623,
1.0860801935195923,
1.0865527391433716,
1.086260437965393,
1.0865317583084106,
1.0861068964004517,
1.0858237743377686,
1.0857422351837158,
1.0858910083770752,
1.0856603384017944,
1.085720419883728,
1.0856773853302002,
1.0856788158416748,
1.0857797861099243,
1.0857354402542114,
1.0854977369308472,
1.0852127075195312,
1.0853767395019531,
1.085506796836853,
1.0848901271820068,
1.0849404335021973,
1.0847104787826538,
1.0847796201705933,
1.0846437215805054,
1.0831695795059204,
1.084456443786621,
1.084396243095398,
1.0842739343643188,
1.0843449831008911,
1.0839238166809082,
1.0834678411483765,
1.0838173627853394,
1.083678960800171,
1.0836867094039917,
1.0835152864456177,
1.0832085609436035,
1.0830583572387695,
1.0834739208221436,
1.083067774772644,
1.0831633806228638,
1.0830464363098145,
1.0830497741699219,
1.0832233428955078,
1.0830060243606567,
1.082823395729065,
1.0828765630722046,
1.0825594663619995,
1.082624077796936,
1.08247709274292,
1.0822237730026245,
1.082280158996582,
1.0824464559555054,
1.0821831226348877,
1.0821208953857422,
1.0818990468978882,
1.0815211534500122,
1.081779956817627,
1.0814162492752075,
1.0813566446304321,
1.0811209678649902,
1.0799158811569214,
1.0811374187469482,
1.080732822418213,
1.0807868242263794,
1.0806670188903809,
1.0807632207870483,
1.080560564994812,
1.0803474187850952,
1.0801317691802979,
1.0801814794540405,
1.0797039270401,
1.079869031906128,
1.079574704170227,
1.07928466796875,
1.079736590385437,
1.0794717073440552,
1.0794962644577026,
1.079306960105896,
1.079045295715332,
1.079060673713684,
1.0786988735198975,
1.0783884525299072,
1.0782297849655151,
1.0781608819961548,
1.0781166553497314,
1.078265905380249,
1.0779902935028076,
1.07794189453125,
1.07753324508667,
1.0775139331817627,
1.0772714614868164,
1.07699716091156,
1.0770010948181152,
1.0769009590148926,
1.0768972635269165,
1.076427936553955,
1.074826717376709,
1.0763764381408691,
1.076059103012085,
1.0761921405792236,
1.0760517120361328,
1.07577383518219,
1.0752899646759033,
1.0753288269042969,
1.075058102607727,
1.075121521949768,
1.0748767852783203,
1.0747696161270142,
1.0746313333511353,
1.0744515657424927,
1.0742629766464233,
1.0742809772491455,
1.074098825454712,
1.073987603187561,
1.0736114978790283,
1.0734481811523438,
1.0735383033752441,
1.073681354522705,
1.0732908248901367,
1.072834849357605,
1.0728936195373535,
1.0723958015441895,
1.0720643997192383,
1.072226881980896,
1.0719609260559082,
1.0717638731002808,
1.0718367099761963,
1.0714013576507568,
1.071173906326294,
1.0710419416427612,
1.070918321609497,
1.0709065198898315,
1.0693501234054565,
1.0703538656234741,
1.0704998970031738,
1.0702435970306396,
1.070093035697937,
1.0700913667678833,
1.0697393417358398,
1.0697979927062988,
1.0697212219238281,
1.0692638158798218,
1.0689641237258911,
1.0689350366592407,
1.0686460733413696,
1.0684752464294434,
1.0682998895645142,
1.0680594444274902,
1.0677257776260376,
1.0677740573883057,
1.0676244497299194,
1.067230224609375,
1.067230224609375,
1.0644296407699585,
1.0649394989013672,
1.0655431747436523,
1.0654346942901611,
1.0653746128082275,
1.0652894973754883,
1.0650206804275513,
1.0649735927581787,
1.0647625923156738,
1.0646528005599976,
1.0649176836013794,
1.0645217895507812,
1.0642447471618652,
1.0645264387130737,
1.063866376876831,
1.0634769201278687,
1.0637670755386353,
1.0632288455963135,
1.0631853342056274,
1.0630879402160645,
1.062788963317871,
1.0629605054855347,
1.0626940727233887,
1.0624853372573853,
1.0625146627426147,
1.0620185136795044,
1.0617847442626953,
1.0619282722473145,
1.061564326286316,
1.0614582300186157,
1.0611960887908936,
1.060800313949585,
1.0605732202529907,
1.0606030225753784,
1.0602805614471436,
1.0599905252456665,
1.0599334239959717,
1.0594834089279175,
1.0589555501937866,
1.0591243505477905,
1.058637022972107,
1.058457374572754,
1.0581172704696655,
1.0579904317855835,
1.0577512979507446,
1.0574663877487183,
1.057344675064087,
1.0571062564849854,
1.0567985773086548,
1.0564310550689697,
1.056329607963562,
1.056045651435852,
1.055617332458496,
1.0554734468460083,
1.055124282836914,
1.0546419620513916,
1.054560899734497,
1.0542068481445312,
1.0538591146469116,
1.053632140159607,
1.0534361600875854,
1.053236484527588,
1.052575945854187,
1.0523900985717773,
1.052221417427063,
1.0517768859863281,
1.0513086318969727,
1.0511844158172607,
1.0508263111114502,
1.0505272150039673,
1.0502842664718628,
1.0498623847961426,
1.0494705438613892,
1.0490813255310059,
1.048911690711975,
1.0485728979110718,
1.0480343103408813,
1.0477780103683472,
1.0462114810943604,
1.0468511581420898,
1.0464916229248047,
1.046326994895935,
1.0457128286361694,
1.0455262660980225,
1.0451358556747437,
1.0442789793014526,
1.043998122215271,
1.0435408353805542,
1.0424354076385498,
1.0424683094024658,
1.042116641998291,
1.0416109561920166,
1.0414444208145142,
1.0408951044082642,
1.040435791015625,
1.0404284000396729,
1.0394304990768433,
1.0388423204421997,
1.0390866994857788,
1.0382086038589478,
1.037636160850525,
1.037495732307434,
1.036321759223938,
1.0361896753311157,
1.0355479717254639,
1.0350868701934814,
1.0347418785095215,
1.03434419631958,
1.033869743347168,
1.033302903175354,
1.0325592756271362,
1.0318959951400757,
1.0316145420074463,
1.0309112071990967,
1.0300698280334473,
1.029866337776184,
1.0290074348449707,
1.0289437770843506,
1.028491497039795,
1.0280076265335083,
1.0271459817886353,
1.0269073247909546,
1.0262296199798584,
1.025945782661438,
1.0252468585968018,
1.0247913599014282,
1.0241371393203735,
1.0227802991867065,
1.0226819515228271,
1.0219074487686157,
1.0212123394012451,
1.0204365253448486,
1.0203251838684082,
1.0197912454605103,
1.019266128540039,
1.0180723667144775,
1.0177592039108276,
1.0167266130447388,
1.016169786453247,
1.0151959657669067,
1.0151796340942383,
1.0144531726837158,
1.0135842561721802,
1.0128310918807983,
1.011855125427246,
1.0106606483459473,
1.011170506477356,
1.0100810527801514,
1.0094106197357178,
1.0090793371200562,
1.007489562034607,
1.0073193311691284,
1.006555199623108,
1.0053905248641968,
1.0049940347671509,
1.0039914846420288,
1.0030168294906616,
1.002551794052124,
1.0009554624557495,
1.0004335641860962,
0.9997379779815674,
0.9978059530258179,
0.9977667331695557,
0.9974053502082825,
0.9964505434036255,
0.995543360710144,
0.9950253963470459,
0.9939459562301636,
0.9929137825965881,
0.9924802780151367,
0.9916802048683167,
0.990704357624054,
0.9895801544189453,
0.988734781742096,
0.9881576895713806,
0.9859068989753723,
0.9849981665611267,
0.9849339723587036,
0.9835517406463623,
0.9826521873474121,
0.9819762110710144,
0.9808017015457153,
0.9798301458358765,
0.9785254597663879,
0.977500319480896,
0.9763167500495911,
0.9756530523300171,
0.9737793207168579,
0.9727208614349365,
0.9721533060073853,
0.9712995290756226,
0.9702660441398621,
0.9692271947860718,
0.9679356813430786,
0.9669126272201538,
0.9656835198402405,
0.9641172885894775,
0.9633426666259766,
0.9616210460662842,
0.9602766633033752,
0.9594600200653076,
0.9580829739570618,
0.9566869735717773,
0.9555865526199341,
0.9540237784385681,
0.9530840516090393,
0.951633870601654,
0.949600338935852,
0.9485204219818115,
0.9468276500701904,
0.9448549747467041,
0.9438685178756714,
0.9427816867828369,
0.9407433867454529,
0.9394458532333374,
0.9381359219551086,
0.9366406798362732,
0.9346152544021606,
0.9333347082138062,
0.9319316148757935,
0.9307348132133484,
0.9287152886390686,
0.9264112114906311,
0.9256488680839539,
0.9242219924926758,
0.9221781492233276,
0.9206585884094238,
0.9197413325309753,
0.9177491664886475,
0.9160153269767761,
0.9148725271224976,
0.9134157299995422,
0.9115885496139526,
0.9098803997039795,
0.908169150352478,
0.9062532186508179,
0.9048214554786682,
0.9031028151512146,
0.9018282294273376,
0.9004261493682861,
0.8984319567680359,
0.8970205187797546,
0.8951895236968994,
0.8938639760017395,
0.892228901386261,
0.8906577825546265,
0.8886813521385193,
0.887139618396759,
0.8854432106018066,
0.8838164210319519,
0.8819855451583862,
0.8806391954421997,
0.8785635232925415,
0.8768075108528137,
0.8757030367851257,
0.8735325932502747,
0.8714038729667664,
0.8702490925788879,
0.8682788610458374,
0.8662630915641785,
0.8646145462989807,
0.8631997108459473,
0.861005425453186,
0.859742283821106,
0.8576586842536926,
0.8559319376945496,
0.8540528416633606,
0.8528158664703369,
0.8507153391838074,
0.8490872979164124,
0.8475522398948669,
0.8452785611152649,
0.8439926505088806,
0.841793954372406,
0.8399112820625305,
0.8380929231643677,
0.8362270593643188,
0.8341021537780762,
0.8313010334968567,
0.8306470513343811,
0.828831136226654,
0.8267717957496643,
0.8267717957496643,
0.0,
0.0,
0.0,
0.0,
0.0,
0.0,
0.0,
0.0,
0.0,
0.0,
0.0,
0.0,
0.0,
0.0,
0.0,
0.0,
0.0,
0.0,
0.0,
0.0,
0.0,
0.0,
0.0,
0.0,
0.0,
0.0,
0.0,
0.0,
0.0,
0.0,
0.0,
0.0,
0.0,
0.0,
0.0,
0.0,
0.0,
0.0,
0.0,
0.0,
0.0,
0.0,
0.0,
0.0,
0.0,
0.0,
0.0,
0.0,
0.0,
0.0,
0.0,
0.0,
0.0,
0.0,
0.0,
0.0,
0.0,
0.0,
0.0,
0.0,
0.0,
0.0,
0.0,
0.0,
0.0,
0.0,
0.0,
0.0,
0.0,
0.0,
0.0,
0.0,
0.0,
0.0,
0.0,
0.0,
0.0,
0.0,
0.0,
0.0,
0.0,
0.0,
0.0,
0.0,
0.0,
0.0,
0.0,
0.0,
0.0,
0.0,
0.0,
0.0,
0.0,
0.0,
0.0,
0.0,
0.0,
0.0,
0.0,
0.0,
0.0,
0.0,
0.0,
0.0,
0.0,
0.0,
0.0,
0.0,
0.0,
0.0,
0.0,
0.0,
0.0,
0.0,
0.0,
0.0,
0.0,
0.0,
0.0,
0.0,
0.0,
0.0,
0.0,
0.0,
0.0,
0.0,
0.0,
0.0,
0.0,
0.0,
0.0,
0.0,
0.0,
0.0,
0.0,
0.0,
0.0,
0.0,
0.0,
0.0,
0.0,
0.0,
0.0,
0.0,
0.0,
0.0,
0.0,
0.0,
0.0,
0.0,
0.0,
0.0,
0.0,
0.0,
0.0,
0.0,
0.0,
0.0,
0.0,
0.0,
0.0,
0.0,
0.0,
0.0,
0.0,
0.0,
0.0,
0.0,
0.0,
0.0,
0.0,
0.0,
0.0,
0.0,
0.0,
0.0,
0.0,
0.0,
0.0,
0.0,
0.0,
0.0,
0.0,
0.0,
0.0,
0.0,
0.0,
0.0,
0.0,
0.0,
0.0,
0.0,
0.0,
0.0,
0.0,
0.0,
0.0,
0.0,
0.0,
0.0,
0.0,
0.0,
0.0,
0.0,
0.0,
0.0,
0.0,
0.0,
0.0,
0.0,
0.0,
0.0,
0.0,
0.0,
0.0,
0.0,
0.0,
0.0,
0.0,
0.0,
0.0,
0.0,
0.0,
0.0,
0.0,
0.0,
0.0,
0.0,
0.0,
0.0,
0.0,
0.0,
0.0,
0.0,
0.0,
0.0,
0.0,
0.0,
0.0,
0.0,
0.0,
0.0,
0.0,
0.0,
0.0,
0.0,
0.0,
0.0,
0.0,
0.0,
0.0,
0.0,
0.0,
0.0,
0.0,
0.0,
0.0,
0.0,
0.0,
0.0,
0.0,
0.0,
0.0,
0.0,
0.0,
0.0,
0.0,
0.0,
0.0,
0.0,
0.0,
0.0,
0.0,
0.0,
0.0,
0.0,
0.0,
0.0,
0.0,
0.0,
0.0,
0.0,
0.0,
0.0,
0.0,
0.0,
0.0,
0.0,
0.0,
0.0,
0.0,
0.0,
0.0,
0.0,
0.0,
0.0,
0.0,
0.0,
0.0,
0.0,
0.0,
0.0,
0.0,
0.0,
0.0,
0.0,
0.0,
0.0,
0.0,
0.0,
0.0,
0.0,
0.0,
0.0,
0.0,
0.0,
0.0,
0.0,
0.0,
0.0,
0.0,
0.0,
0.0,
0.0,
0.0,
0.0,
0.0,
0.0,
0.0,
0.0,
0.0,
0.0,
0.0,
0.0,
0.0,
0.0,
0.0,
0.0,
0.0,
0.0,
0.0,
0.0,
0.0,
0.0,
0.0,
0.0,
0.0,
0.0,
0.0,
0.0,
0.0,
0.0,
0.0,
0.0,
0.0,
0.0,
0.0,
0.0,
0.0,
0.0,
0.0,
0.0,
0.0,
0.0,
0.0,
0.0,
0.0,
0.0,
0.0,
0.0,
0.0,
0.0,
0.0,
0.0,
0.0,
0.0,
0.0,
0.0,
0.0,
0.0,
0.0,
0.0,
0.0,
0.0,
0.0,
0.0,
0.0,
0.0,
0.0,
0.0,
0.0,
0.0,
0.0,
0.0,
0.0,
0.0,
0.0,
0.0,
0.0,
0.0,
0.0,
0.0,
0.0,
0.0,
0.0,
0.0,
0.0,
0.0,
0.0,
0.0,
0.0,
0.0,
0.0,
0.0,
0.0,
0.0,
0.0,
0.0,
0.0,
0.0,
0.0,
0.0,
0.0,
0.0,
0.0,
0.0,
0.0,
0.0,
0.0,
0.0,
0.0,
0.0,
0.0,
0.0,
0.0,
0.0,
0.0,
0.0,
0.0,
0.0,
0.0,
0.0,
0.0,
0.0,
0.0,
0.0,
0.0,
0.0,
0.0,
0.0,
0.0,
0.0,
0.0,
0.0,
0.0,
0.0,
0.0,
0.0,
0.0,
0.0,
0.0,
0.0,
0.0,
0.0,
0.0,
0.0,
0.0,
0.0,
0.0,
0.0,
0.0,
0.0,
0.0,
0.0,
0.0,
0.0,
0.0,
0.0,
0.0,
0.0,
0.0,
0.0,
0.0,
0.0,
0.0,
0.0,
0.0,
0.0,
0.0,
0.0,
0.0,
0.0,
0.0,
0.0,
0.0,
0.0,
0.0,
0.0,
0.0,
0.0,
0.0,
0.0,
0.0,
0.0,
0.0,
0.0,
0.0,
0.0,
0.0,
0.0,
0.0,
0.0,
0.0,
0.0,
0.0,
0.0,
0.0,
0.0,
0.0,
0.0,
0.0,
0.0,
0.0,
0.0,
0.0,
0.0,
0.0,
0.0,
0.0,
0.0,
0.0,
0.0,
0.0,
0.0,
0.0,
0.0,
0.0,
0.0,
0.0,
0.0,
0.0,
0.0,
0.0,
0.0,
0.0,
0.0,
0.0,
0.0,
0.0,
0.0,
0.0,
0.0,
0.0,
0.0,
0.0,
0.0,
0.0,
0.0,
0.0,
0.0,
0.0,
0.0,
0.0,
0.0,
0.0,
0.0,
0.0,
0.0,
0.0,
0.0,
0.0,
0.0,
0.0,
0.0,
0.0,
0.0,
0.0,
0.0,
0.0,
0.0,
0.0,
0.0,
0.0,
0.0,
0.0,
0.0,
0.0,
0.0,
0.0,
0.0,
0.0,
0.0,
0.0,
0.0,
0.0,
0.0,
0.0,
0.0,
0.0,
0.0,
0.0,
0.0,
0.0,
0.0,
0.0,
0.0,
0.0,
0.0,
0.0,
0.0,
0.0,
0.0,
0.0,
0.0,
0.0,
0.0,
0.0,
0.0,
0.0,
0.0,
0.0,
0.0,
0.0,
0.0,
0.0,
0.0,
0.0,
0.0,
0.0,
0.0,
0.0,
0.0,
0.0,
0.0,
0.0,
0.0,
0.0,
0.0,
0.0,
0.0,
0.0,
0.0,
0.0,
0.0,
0.0,
0.0,
0.0,
0.0,
0.0,
0.0,
0.0,
0.0,
0.0,
0.0,
0.0,
0.0,
0.0,
0.0,
0.0,
0.0,
0.0,
0.0,
0.0,
0.0,
0.0,
0.0,
0.0,
0.0,
0.0,
0.0,
0.0,
0.0,
0.0,
0.0,
0.0,
0.0,
0.0,
0.0,
0.0,
0.0,
0.0,
0.0,
0.0,
0.0,
0.0,
0.0,
0.0,
0.0,
0.0,
0.0,
0.0,
0.0,
0.0,
0.0,
0.0,
0.0,
0.0,
0.0,
0.0,
0.0,
0.0,
0.0,
0.0,
0.0,
0.0,
0.0,
0.0,
0.0,
0.0,
0.0,
0.0,
0.0,
0.0,
0.0,
0.0,
0.0,
0.0,
0.0,
0.0,
0.0,
0.0,
0.0,
0.0,
0.0,
0.0,
0.0,
0.0,
0.0,
0.0,
0.0,
0.0,
0.0,
0.0,
0.0,
0.0,
0.0,
0.0,
0.0,
0.0,
0.0,
0.0,
0.0,
0.0,
0.0,
0.0,
0.0,
0.0,
0.0,
0.0,
0.0,
0.0,
0.0,
0.0,
0.0,
0.0,
0.0,
0.0,
0.0,
0.0,
0.0,
0.0,
0.0,
0.0,
0.0,
0.0,
0.0,
0.0,
0.0,
0.0,
0.0,
0.0,
0.0,
0.0,
0.0,
0.0,
0.0,
0.0,
0.0,
0.0,
0.0,
0.0,
0.0,
0.0,
0.0,
0.0,
0.0,
0.0,
0.0,
0.0,
0.0,
0.0,
0.0,
0.0,
0.0,
0.0,
0.0,
0.0,
0.0,
0.0,
0.0,
0.0,
0.0,
0.0,
0.0,
0.0,
0.0,
0.0,
0.0,
0.0,
0.0,
0.0,
0.0,
0.0,
0.0,
0.0,
0.0,
0.0,
0.0,
0.0,
0.0,
0.0,
0.0,
0.0,
0.0,
0.0,
0.0,
0.0,
0.0,
0.0,
0.0,
0.0,
0.0,
0.0,
0.0,
0.0,
0.0,
0.0,
0.0,
0.0,
0.0,
0.0,
0.0,
0.0,
0.0,
0.0,
0.0,
0.0,
0.0,
0.0,
0.0,
0.0,
0.0,
0.0,
0.0,
0.0,
0.0,
0.0,
0.0,
0.0,
0.0,
0.0,
0.0,
0.0,
0.0,
0.0,
0.0,
0.0,
0.0,
0.0,
0.0,
0.0,
0.0,
0.0,
0.0,
0.0,
0.0,
0.0,
0.0,
0.0,
0.0,
0.0,
0.0,
0.0,
0.0,
0.0,
0.0,
0.0,
0.0,
0.0,
0.0,
0.0,
0.0,
0.0,
0.0,
0.0,
0.0,
0.0,
0.0,
0.0,
0.0,
0.0,
0.0,
0.0,
0.0,
0.0,
0.0,
0.0,
0.0,
0.0,
0.0,
0.0,
0.0,
0.0,
0.0,
0.0,
0.0,
0.0,
0.0,
0.0,
0.0,
0.0,
0.0,
0.0,
0.0,
0.0,
0.0,
0.0,
0.0,
0.0,
0.0,
0.0,
0.0,
0.0,
0.0,
0.0,
0.0,
0.0,
0.0,
0.0,
0.0,
0.0,
0.0,
0.0,
0.0,
0.0,
0.0,
0.0,
0.0,
0.0,
0.0,
0.0,
0.0,
0.0,
0.0,
0.0,
0.0,
0.0,
0.0,
0.0,
0.0,
0.0,
0.0,
0.0,
0.0,
0.0,
0.0,
0.0,
0.0,
0.0,
0.0,
0.0,
0.0,
0.0,
0.0,
0.0,
0.0,
0.0,
0.0,
0.0,
0.0,
0.0,
0.0,
0.0,
0.0,
0.0,
0.0,
0.0,
0.0,
0.0,
0.0,
0.0,
0.0,
0.0,
0.0,
0.0,
0.0,
0.0,
0.0,
0.0,
0.0,
0.0,
0.0,
0.0,
0.0,
0.0,
0.0,
0.0,
0.0,
0.0,
0.0,
0.0,
0.0,
0.0,
0.0,
0.0,
0.0,
0.0,
0.0,
0.0,
0.0,
0.0,
0.0,
0.0,
0.0,
0.0,
0.0,
0.0,
0.0,
0.0,
0.0,
0.0,
0.0,
0.0,
0.0,
0.0,
0.0,
0.0,
0.0,
0.0,
0.0,
0.0,
0.0,
0.0,
0.0,
0.0,
0.0,
0.0,
0.0,
0.0,
0.0,
0.0,
0.0,
0.0,
0.0,
0.0,
0.0,
0.0,
0.0,
0.0,
0.0,
0.0,
0.0,
0.0,
0.0,
0.0,
0.0,
0.0,
0.0,
0.0,
0.0,
0.0,
0.0,
0.0,
0.0,
0.0,
0.0,
0.0,
0.0,
0.0,
0.0,
0.0,
0.0,
0.0,
0.0,
0.0,
0.0,
0.0,
0.0,
0.0,
0.0,
0.0,
0.0,
0.0,
0.0,
0.0,
0.0,
0.0,
0.0,
0.0,
0.0,
0.0,
0.0,
0.0,
0.0,
0.0,
0.0,
0.0,
0.0,
0.0,
0.0,
0.0,
0.0,
0.0,
0.0,
0.0,
0.0,
0.0,
0.0,
0.0,
0.0,
0.0,
0.0,
0.0,
0.0,
0.0,
0.0,
0.0,
0.0,
0.0,
0.0,
0.0,
0.0,
0.0,
0.0,
0.0,
0.0,
0.0,
0.0,
0.0,
0.0,
0.0,
0.0,
0.0,
0.0,
0.0,
0.0,
0.0,
0.0,
0.0,
0.0,
0.0,
0.0,
0.0,
0.0,
0.0,
0.0,
0.0,
0.0,
0.0,
0.0,
0.0,
0.0,
0.0,
0.0,
0.0,
0.0,
0.0,
0.0,
0.0,
0.0,
0.0,
0.0,
0.0,
0.0,
0.0,
0.0,
0.0,
0.0,
0.0,
0.0,
0.0,
0.0,
0.0,
0.0,
0.0,
0.0,
0.0,
0.0,
0.0,
0.0,
0.0,
0.0,
0.0,
0.0,
0.0,
0.0,
0.0,
0.0,
0.0,
0.0,
0.0,
0.0,
0.0,
0.0,
0.0,
0.0,
0.0,
0.0,
0.0,
0.0,
0.0,
0.0,
0.0,
0.0,
0.0,
0.0,
0.0,
0.0,
0.0,
0.0,
0.0,
0.0,
0.0,
0.0,
0.0,
0.0,
0.0,
0.0,
0.0,
0.0,
0.0,
0.0,
0.0,
0.0,
0.0,
0.0,
0.0,
0.0,
0.0,
0.0,
0.0,
0.0,
0.0,
0.0,
0.0,
0.0,
0.0,
0.0,
0.0,
0.0,
0.0,
0.0,
0.0,
0.0,
0.0,
0.0,
0.0,
0.0,
0.0,
0.0,
0.0,
0.0,
0.0,
0.0,
0.0,
0.0,
0.0,
0.0,
0.0,
0.0,
0.0,
0.0,
0.0,
0.0,
0.0,
0.0,
0.0,
0.0,
0.0,
0.0,
0.0,
0.0,
0.0,
0.0,
0.0,
0.0,
0.0,
0.0,
0.0,
0.0,
0.0,
0.0,
0.0,
0.0,
0.0,
0.0,
0.0,
0.0,
0.0,
0.0,
0.0,
0.0,
0.0,
0.0,
0.0,
0.0,
0.0,
0.0,
0.0,
0.0,
0.0,
0.0,
0.0,
0.0,
0.0,
0.0,
0.0,
0.0,
0.0,
0.0,
0.0,
0.0,
0.0,
0.0,
0.0,
0.0,
0.0,
0.0,
0.0,
0.0,
0.0,
0.0,
0.0,
0.0,
0.0,
0.0,
0.0,
0.0,
0.0,
0.0,
0.0,
0.0,
0.0,
0.0,
0.0,
0.0,
0.0,
0.0,
0.0,
0.0,
0.0,
0.0,
0.0,
0.0,
0.0,
0.0,
0.0,
0.0,
0.0,
0.0,
0.0,
0.0,
0.0,
0.0,
0.0,
0.0,
0.0,
0.0,
0.0,
0.0,
0.0,
0.0,
0.0,
0.0,
0.0,
0.0,
0.0,
0.0,
0.0,
0.0,
0.0,
0.0,
0.0,
0.0,
0.0,
0.0,
0.0,
0.0,
0.0,
0.0,
0.0,
0.0,
0.0,
0.0,
0.0,
0.0,
0.0,
0.0,
0.0,
0.0,
0.0,
0.0,
0.0,
0.0,
0.0,
0.0,
0.0,
0.0,
0.0,
0.0,
0.0,
0.0,
0.0,
0.0,
0.0,
0.0,
0.0,
0.0,
0.0,
0.0,
0.0,
0.0,
0.0,
0.0,
0.0,
0.0,
0.0,
0.0,
0.0,
0.0,
0.0,
0.0,
0.0,
0.0,
0.0,
0.0,
0.0,
0.0,
0.0,
0.0,
0.0,
0.0,
0.0,
0.0,
0.0,
0.0,
0.0,
0.0,
0.0,
0.0,
0.0,
0.0,
0.0,
0.0,
0.0,
0.0,
0.0,
0.0,
0.0,
0.0,
0.0,
0.0,
0.0,
0.0,
0.0,
0.0,
0.0,
0.0,
0.0,
0.0,
0.0,
0.0,
0.0,
0.0,
0.0,
0.0,
0.0,
0.0,
0.0,
0.0,
0.0,
0.0,
0.0,
0.0,
0.0,
0.0,
0.0,
0.0,
0.0,
0.0,
0.0,
0.0,
0.0,
0.0,
0.0,
0.0,
0.0,
0.0,
0.0,
0.0,
0.0,
0.0,
0.0,
0.0,
0.0,
0.0,
0.0,
0.0,
0.0,
0.0,
0.0,
0.0,
0.0,
0.0,
0.0,
0.0,
0.0,
0.0,
0.0,
0.0,
0.0,
0.0,
0.0,
0.0,
0.0,
0.0,
0.0,
0.0,
0.0,
0.0,
0.0,
0.0,
0.0,
0.0,
0.0,
0.0,
0.0,
0.0,
0.0,
0.0,
0.0,
0.0,
0.0,
0.0,
0.0,
0.0,
0.0,
0.0,
0.0,
0.0,
0.0,
0.0,
0.0,
0.0,
0.0,
0.0,
0.0,
0.0,
0.0,
0.0,
0.0,
0.0,
0.0,
0.0,
0.0,
0.0,
0.0,
0.0,
0.0,
0.0,
0.0,
0.0,
0.0,
0.0,
0.0,
0.0,
0.0,
0.0,
0.0,
0.0,
0.0,
0.0,
0.0,
0.0,
0.0,
0.0,
0.0,
0.0,
0.0,
0.0,
0.0,
0.0,
0.0,
0.0,
0.0,
0.0,
0.0,
0.0,
0.0,
0.0,
0.0,
0.0,
0.0,
0.0,
0.0,
0.0,
0.0,
0.0,
0.0,
0.0,
0.0,
0.0,
0.0,
0.0,
0.0,
0.0,
0.0,
0.0,
0.0,
0.0,
0.0,
0.0,
0.0,
0.0,
0.0,
0.0,
0.0,
0.0,
0.0,
0.0,
0.0,
0.0,
0.0,
0.0,
0.0,
0.0,
0.0,
0.0,
0.0,
0.0,
0.0,
0.0,
0.0,
0.0,
0.0,
0.0,
0.0,
0.0,
0.0,
0.0,
0.0,
0.0,
0.0,
0.0,
0.0,
0.0,
0.0,
0.0,
0.0,
0.0,
0.0,
0.0,
0.0,
0.0,
0.0,
0.0,
0.0,
0.0,
0.0,
0.0,
0.0,
0.0,
0.0,
0.0,
0.0,
0.0,
0.0,
0.0,
0.0,
0.0,
0.0,
0.0,
0.0,
0.0,
0.0,
0.0,
0.0,
0.0,
0.0,
0.0,
0.0,
0.0,
0.0,
0.0,
0.0,
0.0,
0.0,
0.0,
0.0,
0.0,
0.0,
0.0,
0.0,
0.0,
0.0,
0.0,
0.0,
0.0,
0.0,
0.0,
0.0,
0.0,
0.0,
0.0,
0.0,
0.0,
0.0,
0.0,
0.0,
0.0,
0.0,
0.0,
0.0,
0.0,
0.0,
0.0,
0.0,
0.0,
0.0,
0.0,
0.0,
0.0,
0.0,
0.0,
0.0,
0.0,
0.0,
0.0,
0.0,
0.0,
0.0,
0.0,
0.0,
0.0,
0.0,
0.0,
0.0,
0.0,
0.0,
0.0,
0.0,
0.0,
0.0,
0.0,
0.0,
0.0,
0.0,
0.0,
0.0,
0.0,
0.0,
0.0,
0.0,
0.0,
0.0,
0.0,
0.0,
0.0,
0.0,
0.0,
0.0,
0.0,
