1.063978910446167,
1.0679682493209839,
1.0691003799438477,
1.0696262121200562,
1.0712153911590576,
1.0707663297653198,
1.0707738399505615,
1.0710949897766113,
1.0709443092346191,
1.0710604190826416,
1.0713584423065186,
1.0712140798568726,
1.0713691711425781,
1.0718961954116821,
1.0718410015106201,
1.071524739265442,
1.0720402002334595,
1.0720887184143066,
1.0722001791000366,
1.072330117225647,
1.0723155736923218,
1.0726934671401978,
1.0724049806594849,
1.072441577911377,
1.0729172229766846,
1.072656512260437,
1.0729312896728516,
1.0730787515640259,
1.0727283954620361,
1.0726991891860962,
1.0725735425949097,
1.0726168155670166,
1.0721896886825562,
1.0725096464157104,
1.0720521211624146,
1.0721741914749146,
1.072683334350586,
1.072686791419983,
1.0733851194381714,
1.073202133178711,
1.0734261274337769,
1.073243498802185,
1.0730844736099243,
1.072793960571289,
1.073108196258545,
1.0728576183319092,
1.0729515552520752,
1.0729782581329346,
1.0726583003997803,
1.0725901126861572,
1.0729892253875732,
1.0729106664657593,
1.0723068714141846,
1.0727061033248901,
1.0726288557052612,
1.0726966857910156,
1.0723483562469482,
1.0717942714691162,
1.0727766752243042,
1.0723986625671387,
1.0724279880523682,
1.0725834369659424,
1.072396993637085,
1.0720382928848267,
1.072821855545044,
1.0725663900375366,
1.0726122856140137,
1.0726276636123657,
1.0723283290863037,
1.0722674131393433,
1.0724331140518188,
1.0722408294677734,
1.0721842050552368,
1.0722827911376953,
1.0723508596420288,
1.0721304416656494,
1.0722708702087402,
1.071865200996399,
1.0719026327133179,
1.0717765092849731,
1.071863055229187,
1.072082757949829,
1.071614384651184,
1.0714154243469238,
1.0721986293792725,
1.0720748901367188,
1.0716874599456787,
1.0717331171035767,
1.0715588331222534,
1.0715959072113037,
1.0716557502746582,
1.0717135667800903,
1.071689486503601,
1.0714576244354248,
1.0713838338851929,
1.0712529420852661,
1.0710880756378174,
1.0708938837051392,
1.071272373199463,
1.0710108280181885,
1.07123601436615,
1.071166753768921,
1.0708273649215698,
1.0706651210784912,
1.07072114944458,
1.0704177618026733,
1.0707778930664062,
1.0705125331878662,
1.070302128791809,
1.0706300735473633,
1.0708073377609253,
1.0709314346313477,
1.070325493812561,
1.0703566074371338,
1.0700984001159668,
1.0710372924804688,
1.0703531503677368,
1.0702307224273682,
1.0700929164886475,
1.0698878765106201,
1.0698423385620117,
1.0700407028198242,
1.0697416067123413,
1.069809079170227,
1.0699392557144165,
1.069553256034851,
1.0696132183074951,
1.0692805051803589,
1.069140076637268,
1.0690689086914062,
1.0689330101013184,
1.069165587425232,
1.0693484544754028,
1.068858027458191,
1.0690618753433228,
1.0694316625595093,
1.0690466165542603,
1.068924069404602,
1.068697214126587,
1.0686805248260498,
1.0684272050857544,
1.0687094926834106,
1.068324089050293,
1.0682241916656494,
1.0682451725006104,
1.068011999130249,
1.0681986808776855,
1.0678975582122803,
1.0679477453231812,
1.0676320791244507,
1.067428708076477,
1.0673117637634277,
1.0674688816070557,
1.0671212673187256,
1.0671939849853516,
1.0668755769729614,
1.067014455795288,
1.0670123100280762,
1.0668658018112183,
1.0667413473129272,
1.0665169954299927,
1.0668045282363892,
1.066569209098816,
1.0665204524993896,
1.0664002895355225,
1.0662990808486938,
1.0657386779785156,
1.0658891201019287,
1.0657180547714233,
1.0653905868530273,
1.0654720067977905,
1.0653343200683594,
1.0651689767837524,
1.065050721168518,
1.064719319343567,
1.0648386478424072,
1.0644972324371338,
1.0646812915802002,
1.0646322965621948,
1.0641911029815674,
1.0638567209243774,
1.0646156072616577,
1.0641300678253174,
1.0640720129013062,
1.064154028892517,
1.0635830163955688,
1.0637239217758179,
1.0637850761413574,
1.0636194944381714,
1.0635790824890137,
1.0632984638214111,
1.0631728172302246,
1.0633153915405273,
1.0628459453582764,
1.062904953956604,
1.0625920295715332,
1.0625584125518799,
1.0625317096710205,
1.0624796152114868,
1.0620254278182983,
1.0621055364608765,
1.062148094177246,
1.0618642568588257,
1.0617684125900269,
1.06175696849823,
1.0614997148513794,
1.0614349842071533,
1.0613880157470703,
1.0612343549728394,
1.0608997344970703,
1.060642123222351,
1.0606383085250854,
1.0609664916992188,
1.0605398416519165,
1.0603398084640503,
1.0596888065338135,
1.059635877609253,
1.0592999458312988,
1.0595170259475708,
1.0593405961990356,
1.0590260028839111,
1.0596163272857666,
1.059037208557129,
1.0586012601852417,
1.0585696697235107,
1.0583009719848633,
1.058347225189209,
1.0582200288772583,
1.0580942630767822,
1.0575746297836304,
1.057889699935913,
1.057782530784607,
1.0575741529464722,
1.057373285293579,
1.0568825006484985,
1.0574760437011719,
1.0570942163467407,
1.0571423768997192,
1.0566723346710205,
1.0563453435897827,
1.0559861660003662,
1.056414008140564,
1.0559998750686646,
1.0560883283615112,
1.0558675527572632,
1.0553756952285767,
1.055257797241211,
1.0550665855407715,
1.0514887571334839,
1.0536292791366577,
1.0546513795852661,
1.0547738075256348,
1.054426670074463,
1.0546700954437256,
1.05439293384552,
1.0538520812988281,
1.0541383028030396,
1.0538655519485474,
1.0537580251693726,
1.0538442134857178,
1.0535045862197876,
1.0532068014144897,
1.053114891052246,
1.0528554916381836,
1.052781343460083,
1.052472710609436,
1.0520726442337036,
1.0524919033050537,
1.0519523620605469,
1.0517680644989014,
1.0520448684692383,
1.0518500804901123,
1.0515377521514893,
1.0514665842056274,
1.051141381263733,
1.050827145576477,
1.0507081747055054,
1.050499677658081,
1.0505400896072388,
1.050253987312317,
1.050105094909668,
1.0500218868255615,
1.049679160118103,
1.0496801137924194,
1.0498875379562378,
1.049341082572937,
1.0492916107177734,
1.0490012168884277,
1.0483993291854858,
1.0481369495391846,
1.0481693744659424,
1.0479669570922852,
1.0480016469955444,
1.0476322174072266,
1.047447919845581,
1.0475343465805054,
1.047044038772583,
1.0470707416534424,
1.0469640493392944,
1.0465292930603027,
1.0465035438537598,
1.0463032722473145,
1.0460821390151978,
1.0459293127059937,
1.0450552701950073,
1.045096755027771,
1.0451241731643677,
1.044891595840454,
1.0446609258651733,
1.0446377992630005,
1.043938159942627,
1.0435700416564941,
1.0436313152313232,
1.0431945323944092,
1.0433144569396973,
1.043067216873169,
1.0426170825958252,
1.0426757335662842,
1.0426350831985474,
1.0420360565185547,
1.041926622390747,
1.041612148284912,
1.0410131216049194,
1.0409129858016968,
1.0406888723373413,
1.0404086112976074,
1.0402801036834717,
1.039698600769043,
1.0392512083053589,
1.0392650365829468,
1.038757562637329,
1.038641333580017,
1.038463830947876,
1.037685751914978,
1.0369757413864136,
1.037351369857788,
1.0365369319915771,
1.0360605716705322,
1.0361896753311157,
1.0358054637908936,
1.035490870475769,
1.0354983806610107,
1.0348995923995972,
1.0344797372817993,
1.0344464778900146,
1.0339648723602295,
1.0335370302200317,
1.0334385633468628,
1.032905101776123,
1.0328012704849243,
1.0324443578720093,
1.0320494174957275,
1.0317479372024536,
1.031254768371582,
1.0310744047164917,
1.0308785438537598,
1.0296919345855713,
1.0298919677734375,
1.0291459560394287,
1.0289453268051147,
1.0285710096359253,
1.0280683040618896,
1.0278416872024536,
1.0273659229278564,
1.0269280672073364,
1.0266344547271729,
1.0264012813568115,
1.0258593559265137,
1.0257158279418945,
1.024635672569275,
1.02444326877594,
1.02433180809021,
1.0235151052474976,
1.0228691101074219,
1.0223289728164673,
1.0219097137451172,
1.0214147567749023,
1.0211290121078491,
1.02056884765625,
1.019860863685608,
1.0200507640838623,
1.0192396640777588,
1.0185145139694214,
1.017911672592163,
1.017282247543335,
1.0167055130004883,
1.0159481763839722,
1.0150949954986572,
1.0148597955703735,
1.0145224332809448,
1.0139415264129639,
1.013659119606018,
1.012820839881897,
1.012198567390442,
1.011779546737671,
1.011147379875183,
1.0105624198913574,
1.0097113847732544,
1.0090006589889526,
1.0083180665969849,
1.007746934890747,
1.0071731805801392,
1.0068879127502441,
1.0058971643447876,
1.004679560661316,
1.0042049884796143,
1.0028108358383179,
1.0025900602340698,
1.002253532409668,
1.0011866092681885,
1.000463604927063,
0.9996739029884338,
0.9987888932228088,
0.9979272484779358,
0.997039258480072,
0.9957386255264282,
0.9956614375114441,
0.9946258664131165,
0.9940581917762756,
0.9932416677474976,
0.9919219017028809,
0.9911272525787354,
0.989744246006012,
0.988693356513977,
0.9874617457389832,
0.9866188168525696,
0.9859676957130432,
0.9849957823753357,
0.9839410185813904,
0.9826518297195435,
0.9813918471336365,
0.9802022576332092,
0.9792305827140808,
0.9784159660339355,
0.9767202138900757,
0.9755385518074036,
0.9737204313278198,
0.9728233814239502,
0.9718923568725586,
0.9708565473556519,
0.9692918658256531,
0.967930257320404,
0.9669908285140991,
0.9651753306388855,
0.9635897278785706,
0.9617757797241211,
0.9600604772567749,
0.9585872292518616,
0.957567572593689,
0.9558460116386414,
0.9544413089752197,
0.952240526676178,
0.950956404209137,
0.9493368864059448,
0.9476544857025146,
0.9460327625274658,
0.9443453550338745,
0.9424658417701721,
0.9408897757530212,
0.9396048784255981,
0.9375011324882507,
0.9361360669136047,
0.9343182444572449,
0.9328842759132385,
0.9312770962715149,
0.9292113184928894,
0.9275662899017334,
0.925908088684082,
0.9242821335792542,
0.9225286245346069,
0.9204025864601135,
0.9188306927680969,
0.9168710112571716,
0.9152867197990417,
0.913711667060852,
0.9119020700454712,
0.9102736711502075,
0.9086337089538574,
0.9063925743103027,
0.904952347278595,
0.9035409688949585,
0.9012784361839294,
0.8995624780654907,
0.897914707660675,
0.8962885737419128,
0.8942224383354187,
0.8927826881408691,
0.8912881016731262,
0.8897791504859924,
0.8882606029510498,
0.8862043023109436,
0.884283721446991,
0.8829919695854187,
0.8814257383346558,
0.8798446655273438,
0.8788347244262695,
0.8768279552459717,
0.874683141708374,
0.872760534286499,
0.8711614012718201,
0.869306743144989,
0.8676495552062988,
0.8659560084342957,
0.8641471862792969,
0.8619083762168884,
0.8603588938713074,
0.8583087921142578,
0.8565254211425781,
0.8548441529273987,
0.8529382348060608,
0.8508225679397583,
0.8488024473190308,
0.8474685549736023,
0.8454527854919434,
0.8436915874481201,
0.8414629697799683,
0.8397632837295532,
0.8379112482070923,
0.8356791138648987,
0.8341338634490967,
0.8321853280067444,
0.8300670385360718,
0.8281732797622681,
0.8262032866477966,
0.8262032866477966,
0.8262032866477966,
0.0,
0.0,
0.0,
0.0,
0.0,
0.0,
0.0,
0.0,
0.0,
0.0,
0.0,
0.0,
0.0,
0.0,
0.0,
0.0,
0.0,
0.0,
0.0,
0.0,
0.0,
0.0,
0.0,
0.0,
0.0,
0.0,
0.0,
0.0,
0.0,
0.0,
0.0,
0.0,
0.0,
0.0,
0.0,
0.0,
0.0,
0.0,
0.0,
0.0,
0.0,
0.0,
0.0,
0.0,
0.0,
0.0,
0.0,
0.0,
0.0,
0.0,
0.0,
0.0,
0.0,
0.0,
0.0,
0.0,
0.0,
0.0,
0.0,
0.0,
0.0,
0.0,
0.0,
0.0,
0.0,
0.0,
0.0,
0.0,
0.0,
0.0,
0.0,
0.0,
0.0,
0.0,
0.0,
0.0,
0.0,
0.0,
0.0,
0.0,
0.0,
0.0,
0.0,
0.0,
0.0,
0.0,
0.0,
0.0,
0.0,
0.0,
0.0,
0.0,
0.0,
0.0,
0.0,
0.0,
0.0,
0.0,
0.0,
0.0,
0.0,
0.0,
0.0,
0.0,
0.0,
0.0,
0.0,
0.0,
0.0,
0.0,
0.0,
0.0,
0.0,
0.0,
0.0,
0.0,
0.0,
0.0,
0.0,
0.0,
0.0,
0.0,
0.0,
0.0,
0.0,
0.0,
0.0,
0.0,
0.0,
0.0,
0.0,
0.0,
0.0,
0.0,
0.0,
0.0,
0.0,
0.0,
0.0,
0.0,
0.0,
0.0,
0.0,
0.0,
0.0,
0.0,
0.0,
0.0,
0.0,
0.0,
0.0,
0.0,
0.0,
0.0,
0.0,
0.0,
0.0,
0.0,
0.0,
0.0,
0.0,
0.0,
0.0,
0.0,
0.0,
0.0,
0.0,
0.0,
0.0,
0.0,
0.0,
0.0,
0.0,
0.0,
0.0,
0.0,
0.0,
0.0,
0.0,
0.0,
0.0,
0.0,
0.0,
0.0,
0.0,
0.0,
0.0,
0.0,
0.0,
0.0,
0.0,
0.0,
0.0,
0.0,
0.0,
0.0,
0.0,
0.0,
0.0,
0.0,
0.0,
0.0,
0.0,
0.0,
0.0,
0.0,
0.0,
0.0,
0.0,
0.0,
0.0,
0.0,
0.0,
0.0,
0.0,
0.0,
0.0,
0.0,
0.0,
0.0,
0.0,
0.0,
0.0,
0.0,
0.0,
0.0,
0.0,
0.0,
0.0,
0.0,
0.0,
0.0,
0.0,
0.0,
0.0,
0.0,
0.0,
0.0,
0.0,
0.0,
0.0,
0.0,
0.0,
0.0,
0.0,
0.0,
0.0,
0.0,
0.0,
0.0,
0.0,
0.0,
0.0,
0.0,
0.0,
0.0,
0.0,
0.0,
0.0,
0.0,
0.0,
0.0,
0.0,
0.0,
0.0,
0.0,
0.0,
0.0,
0.0,
0.0,
0.0,
0.0,
0.0,
0.0,
0.0,
0.0,
0.0,
0.0,
0.0,
0.0,
0.0,
0.0,
0.0,
0.0,
0.0,
0.0,
0.0,
0.0,
0.0,
0.0,
0.0,
0.0,
0.0,
0.0,
0.0,
0.0,
0.0,
0.0,
0.0,
0.0,
0.0,
0.0,
0.0,
0.0,
0.0,
0.0,
0.0,
0.0,
0.0,
0.0,
0.0,
0.0,
0.0,
0.0,
0.0,
0.0,
0.0,
0.0,
0.0,
0.0,
0.0,
0.0,
0.0,
0.0,
0.0,
0.0,
0.0,
0.0,
0.0,
0.0,
0.0,
0.0,
0.0,
0.0,
0.0,
0.0,
0.0,
0.0,
0.0,
0.0,
0.0,
0.0,
0.0,
0.0,
0.0,
0.0,
0.0,
0.0,
0.0,
0.0,
0.0,
0.0,
0.0,
0.0,
0.0,
0.0,
0.0,
0.0,
0.0,
0.0,
0.0,
0.0,
0.0,
0.0,
0.0,
0.0,
0.0,
0.0,
0.0,
0.0,
0.0,
0.0,
0.0,
0.0,
0.0,
0.0,
0.0,
0.0,
0.0,
0.0,
0.0,
0.0,
0.0,
0.0,
0.0,
0.0,
0.0,
0.0,
0.0,
0.0,
0.0,
0.0,
0.0,
0.0,
0.0,
0.0,
0.0,
0.0,
0.0,
0.0,
0.0,
0.0,
0.0,
0.0,
0.0,
0.0,
0.0,
0.0,
0.0,
0.0,
0.0,
0.0,
0.0,
0.0,
0.0,
0.0,
0.0,
0.0,
0.0,
0.0,
0.0,
0.0,
0.0,
0.0,
0.0,
0.0,
0.0,
0.0,
0.0,
0.0,
0.0,
0.0,
0.0,
0.0,
0.0,
0.0,
0.0,
0.0,
0.0,
0.0,
0.0,
0.0,
0.0,
0.0,
0.0,
0.0,
0.0,
0.0,
0.0,
0.0,
0.0,
0.0,
0.0,
0.0,
0.0,
0.0,
0.0,
0.0,
0.0,
0.0,
0.0,
0.0,
0.0,
0.0,
0.0,
0.0,
0.0,
0.0,
0.0,
0.0,
0.0,
0.0,
0.0,
0.0,
0.0,
0.0,
0.0,
0.0,
0.0,
0.0,
0.0,
0.0,
0.0,
0.0,
0.0,
0.0,
0.0,
0.0,
0.0,
0.0,
0.0,
0.0,
0.0,
0.0,
0.0,
0.0,
0.0,
0.0,
0.0,
0.0,
0.0,
0.0,
0.0,
0.0,
0.0,
0.0,
0.0,
0.0,
0.0,
0.0,
0.0,
0.0,
0.0,
0.0,
0.0,
0.0,
0.0,
0.0,
0.0,
0.0,
0.0,
0.0,
0.0,
0.0,
0.0,
0.0,
0.0,
0.0,
0.0,
0.0,
0.0,
0.0,
0.0,
0.0,
0.0,
0.0,
0.0,
0.0,
0.0,
0.0,
0.0,
0.0,
0.0,
0.0,
0.0,
0.0,
0.0,
0.0,
0.0,
0.0,
0.0,
0.0,
0.0,
0.0,
0.0,
0.0,
0.0,
0.0,
0.0,
0.0,
0.0,
0.0,
0.0,
0.0,
0.0,
0.0,
0.0,
0.0,
0.0,
0.0,
0.0,
0.0,
0.0,
0.0,
0.0,
0.0,
0.0,
0.0,
0.0,
0.0,
0.0,
0.0,
0.0,
0.0,
0.0,
0.0,
0.0,
0.0,
0.0,
0.0,
0.0,
0.0,
0.0,
0.0,
0.0,
0.0,
0.0,
0.0,
0.0,
0.0,
0.0,
0.0,
0.0,
0.0,
0.0,
0.0,
0.0,
0.0,
0.0,
0.0,
0.0,
0.0,
0.0,
0.0,
0.0,
0.0,
0.0,
0.0,
0.0,
0.0,
0.0,
0.0,
0.0,
0.0,
0.0,
0.0,
0.0,
0.0,
0.0,
0.0,
0.0,
0.0,
0.0,
0.0,
0.0,
0.0,
0.0,
0.0,
0.0,
0.0,
0.0,
0.0,
0.0,
0.0,
0.0,
0.0,
0.0,
0.0,
0.0,
0.0,
0.0,
0.0,
0.0,
0.0,
0.0,
0.0,
0.0,
0.0,
0.0,
0.0,
0.0,
0.0,
0.0,
0.0,
0.0,
0.0,
0.0,
0.0,
0.0,
0.0,
0.0,
0.0,
0.0,
0.0,
0.0,
0.0,
0.0,
0.0,
0.0,
0.0,
0.0,
0.0,
0.0,
0.0,
0.0,
0.0,
0.0,
0.0,
0.0,
0.0,
0.0,
0.0,
0.0,
0.0,
0.0,
0.0,
0.0,
0.0,
0.0,
0.0,
0.0,
0.0,
0.0,
0.0,
0.0,
0.0,
0.0,
0.0,
0.0,
0.0,
0.0,
0.0,
0.0,
0.0,
0.0,
0.0,
0.0,
0.0,
0.0,
0.0,
0.0,
0.0,
0.0,
0.0,
0.0,
0.0,
0.0,
0.0,
0.0,
0.0,
0.0,
0.0,
0.0,
0.0,
0.0,
0.0,
0.0,
0.0,
0.0,
0.0,
0.0,
0.0,
0.0,
0.0,
0.0,
0.0,
0.0,
0.0,
0.0,
0.0,
0.0,
0.0,
0.0,
0.0,
0.0,
0.0,
0.0,
0.0,
0.0,
0.0,
0.0,
0.0,
0.0,
0.0,
0.0,
0.0,
0.0,
0.0,
0.0,
0.0,
0.0,
0.0,
0.0,
0.0,
0.0,
0.0,
0.0,
0.0,
0.0,
0.0,
0.0,
0.0,
0.0,
0.0,
0.0,
0.0,
0.0,
0.0,
0.0,
0.0,
0.0,
0.0,
0.0,
0.0,
0.0,
0.0,
0.0,
0.0,
0.0,
0.0,
0.0,
0.0,
0.0,
0.0,
0.0,
0.0,
0.0,
0.0,
0.0,
0.0,
0.0,
0.0,
0.0,
0.0,
0.0,
0.0,
0.0,
0.0,
0.0,
0.0,
0.0,
0.0,
0.0,
0.0,
0.0,
0.0,
0.0,
0.0,
0.0,
0.0,
0.0,
0.0,
0.0,
0.0,
0.0,
0.0,
0.0,
0.0,
0.0,
0.0,
0.0,
0.0,
0.0,
0.0,
0.0,
0.0,
0.0,
0.0,
0.0,
0.0,
0.0,
0.0,
0.0,
0.0,
0.0,
0.0,
0.0,
0.0,
0.0,
0.0,
0.0,
0.0,
0.0,
0.0,
0.0,
0.0,
0.0,
0.0,
0.0,
0.0,
0.0,
0.0,
0.0,
0.0,
0.0,
0.0,
0.0,
0.0,
0.0,
0.0,
0.0,
0.0,
0.0,
0.0,
0.0,
0.0,
0.0,
0.0,
0.0,
0.0,
0.0,
0.0,
0.0,
0.0,
0.0,
0.0,
0.0,
0.0,
0.0,
0.0,
0.0,
0.0,
0.0,
0.0,
0.0,
0.0,
0.0,
0.0,
0.0,
0.0,
0.0,
0.0,
0.0,
0.0,
0.0,
0.0,
0.0,
0.0,
0.0,
0.0,
0.0,
0.0,
0.0,
0.0,
0.0,
0.0,
0.0,
0.0,
0.0,
0.0,
0.0,
0.0,
0.0,
0.0,
0.0,
0.0,
0.0,
0.0,
0.0,
0.0,
0.0,
0.0,
0.0,
0.0,
0.0,
0.0,
0.0,
0.0,
0.0,
0.0,
0.0,
0.0,
0.0,
0.0,
0.0,
0.0,
0.0,
0.0,
0.0,
0.0,
0.0,
0.0,
0.0,
0.0,
0.0,
0.0,
0.0,
0.0,
0.0,
0.0,
0.0,
0.0,
0.0,
0.0,
0.0,
0.0,
0.0,
0.0,
0.0,
0.0,
0.0,
0.0,
0.0,
0.0,
0.0,
0.0,
0.0,
0.0,
0.0,
0.0,
0.0,
0.0,
0.0,
0.0,
0.0,
0.0,
0.0,
0.0,
0.0,
0.0,
0.0,
0.0,
0.0,
0.0,
0.0,
0.0,
0.0,
0.0,
0.0,
0.0,
0.0,
0.0,
0.0,
0.0,
0.0,
0.0,
0.0,
0.0,
0.0,
0.0,
0.0,
0.0,
0.0,
0.0,
0.0,
0.0,
0.0,
0.0,
0.0,
0.0,
0.0,
0.0,
0.0,
0.0,
0.0,
0.0,
0.0,
0.0,
0.0,
0.0,
0.0,
0.0,
0.0,
0.0,
0.0,
0.0,
0.0,
0.0,
0.0,
0.0,
0.0,
0.0,
0.0,
0.0,
0.0,
0.0,
0.0,
0.0,
0.0,
0.0,
0.0,
0.0,
0.0,
0.0,
0.0,
0.0,
0.0,
0.0,
0.0,
0.0,
0.0,
0.0,
0.0,
0.0,
0.0,
0.0,
0.0,
0.0,
0.0,
0.0,
0.0,
0.0,
0.0,
0.0,
0.0,
0.0,
0.0,
0.0,
0.0,
0.0,
0.0,
0.0,
0.0,
0.0,
0.0,
0.0,
0.0,
0.0,
0.0,
0.0,
0.0,
0.0,
0.0,
0.0,
0.0,
0.0,
0.0,
0.0,
0.0,
0.0,
0.0,
0.0,
0.0,
0.0,
0.0,
0.0,
0.0,
0.0,
0.0,
0.0,
0.0,
0.0,
0.0,
0.0,
0.0,
0.0,
0.0,
0.0,
0.0,
0.0,
0.0,
0.0,
0.0,
0.0,
0.0,
0.0,
0.0,
0.0,
0.0,
0.0,
0.0,
0.0,
0.0,
0.0,
0.0,
0.0,
0.0,
0.0,
0.0,
0.0,
0.0,
0.0,
0.0,
0.0,
0.0,
0.0,
0.0,
0.0,
0.0,
0.0,
0.0,
0.0,
0.0,
0.0,
0.0,
0.0,
0.0,
0.0,
0.0,
0.0,
0.0,
0.0,
0.0,
0.0,
0.0,
0.0,
0.0,
0.0,
0.0,
0.0,
0.0,
0.0,
0.0,
0.0,
0.0,
0.0,
0.0,
0.0,
0.0,
0.0,
0.0,
0.0,
0.0,
0.0,
0.0,
0.0,
0.0,
0.0,
0.0,
0.0,
0.0,
0.0,
0.0,
0.0,
0.0,
0.0,
0.0,
0.0,
0.0,
0.0,
0.0,
0.0,
0.0,
0.0,
0.0,
0.0,
0.0,
0.0,
0.0,
0.0,
0.0,
0.0,
0.0,
0.0,
0.0,
0.0,
0.0,
0.0,
0.0,
0.0,
0.0,
0.0,
0.0,
0.0,
0.0,
0.0,
0.0,
0.0,
0.0,
0.0,
0.0,
0.0,
0.0,
0.0,
0.0,
0.0,
0.0,
0.0,
0.0,
0.0,
0.0,
0.0,
0.0,
0.0,
0.0,
0.0,
0.0,
0.0,
0.0,
0.0,
0.0,
0.0,
0.0,
0.0,
0.0,
0.0,
0.0,
0.0,
0.0,
0.0,
0.0,
0.0,
0.0,
0.0,
0.0,
0.0,
0.0,
0.0,
0.0,
0.0,
0.0,
0.0,
0.0,
0.0,
0.0,
0.0,
0.0,
0.0,
0.0,
0.0,
0.0,
0.0,
0.0,
0.0,
0.0,
0.0,
0.0,
0.0,
0.0,
0.0,
0.0,
0.0,
0.0,
0.0,
0.0,
0.0,
0.0,
0.0,
0.0,
0.0,
0.0,
0.0,
0.0,
0.0,
0.0,
0.0,
0.0,
0.0,
0.0,
0.0,
0.0,
0.0,
0.0,
0.0,
0.0,
0.0,
0.0,
0.0,
0.0,
0.0,
0.0,
0.0,
0.0,
0.0,
0.0,
0.0,
0.0,
0.0,
0.0,
0.0,
0.0,
0.0,
0.0,
0.0,
0.0,
0.0,
0.0,
0.0,
0.0,
0.0,
0.0,
0.0,
0.0,
0.0,
0.0,
0.0,
0.0,
0.0,
0.0,
0.0,
0.0,
0.0,
0.0,
0.0,
0.0,
0.0,
0.0,
0.0,
0.0,
0.0,
0.0,
0.0,
0.0,
0.0,
0.0,
0.0,
0.0,
0.0,
0.0,
0.0,
0.0,
0.0,
0.0,
0.0,
0.0,
0.0,
0.0,
0.0,
0.0,
0.0,
0.0,
0.0,
0.0,
0.0,
0.0,
0.0,
0.0,
0.0,
0.0,
0.0,
0.0,
0.0,
0.0,
0.0,
0.0,
0.0,
0.0,
0.0,
0.0,
0.0,
0.0,
0.0,
0.0,
0.0,
0.0,
0.0,
0.0,
0.0,
0.0,
0.0,
0.0,
0.0,
0.0,
0.0,
0.0,
0.0,
0.0,
0.0,
0.0,
0.0,
0.0,
0.0,
0.0,
0.0,
0.0,
0.0,
0.0,
0.0,
0.0,
0.0,
0.0,
0.0,
0.0,
0.0,
0.0,
0.0,
0.0,
0.0,
0.0,
0.0,
0.0,
0.0,
0.0,
0.0,
0.0,
0.0,
0.0,
0.0,
0.0,
0.0,
0.0,
0.0,
0.0,
0.0,
0.0,
0.0,
0.0,
0.0,
0.0,
0.0,
0.0,
0.0,
0.0,
0.0,
0.0,
0.0,
0.0,
0.0,
0.0,
0.0,
0.0,
0.0,
0.0,
0.0,
0.0,
0.0,
0.0,
0.0,
0.0,
0.0,
0.0,
0.0,
0.0,
0.0,
0.0,
0.0,
0.0,
0.0,
0.0,
0.0,
0.0,
0.0,
0.0,
0.0,
0.0,
0.0,
0.0,
0.0,
0.0,
0.0,
0.0,
0.0,
0.0,
0.0,
0.0,
0.0,
0.0,
0.0,
0.0,
0.0,
0.0,
0.0,
0.0,
0.0,
0.0,
0.0,
0.0,
0.0,
0.0,
0.0,
0.0,
0.0,
0.0,
0.0,
0.0,
0.0,
0.0,
0.0,
0.0,
0.0,
0.0,
0.0,
0.0,
0.0,
0.0,
0.0,
0.0,
0.0,
0.0,
0.0,
0.0,
0.0,
0.0,
0.0,
0.0,
0.0,
0.0,
0.0,
0.0,
0.0,
0.0,
0.0,
0.0,
0.0,
0.0,
0.0,
0.0,
0.0,
0.0,
0.0,
0.0,
0.0,
0.0,
0.0,
0.0,
0.0,
0.0,
0.0,
0.0,
0.0,
0.0,
0.0,
0.0,
0.0,
0.0,
0.0,
0.0,
0.0,
0.0,
0.0,
0.0,
0.0,
0.0,
0.0,
0.0,
0.0,
0.0,
0.0,
0.0,
0.0,
0.0,
0.0,
0.0,
0.0,
0.0,
0.0,
0.0,
0.0,
0.0,
0.0,
0.0,
0.0,
0.0,
0.0,
0.0,
0.0,
0.0,
0.0,
0.0,
0.0,
0.0,
0.0,
0.0,
0.0,
0.0,
0.0,
0.0,
0.0,
0.0,
0.0,
0.0,
0.0,
0.0,
0.0,
0.0,
0.0,
0.0,
0.0,
0.0,
0.0,
0.0,
0.0,
0.0,
0.0,
0.0,
0.0,
0.0,
0.0,
0.0,
0.0,
0.0,
0.0,
0.0,
0.0,
0.0,
0.0,
0.0,
0.0,
0.0,
0.0,
0.0,
0.0,
0.0,
0.0,
0.0,
0.0,
0.0,
0.0,
0.0,
0.0,
0.0,
0.0,
0.0,
0.0,
0.0,
0.0,
0.0,
0.0,
0.0,
0.0,
0.0,
0.0,
0.0,
0.0,
0.0,
0.0,
0.0,
0.0,
0.0,
0.0,
0.0,
0.0,
0.0,
0.0,
0.0,
0.0,
0.0,
0.0,
0.0,
0.0,
0.0,
0.0,
0.0,
0.0,
0.0,
0.0,
0.0,
0.0,
0.0,
0.0,
0.0,
0.0,
0.0,
0.0,
0.0,
0.0,
0.0,
0.0,
0.0,
0.0,
0.0,
0.0,
0.0,
0.0,
0.0,
0.0,
0.0,
0.0,
0.0,
0.0,
0.0,
0.0,
0.0,
0.0,
0.0,
0.0,
0.0,
0.0,
0.0,
0.0,
0.0,
0.0,
0.0,
0.0,
0.0,
0.0,
0.0,
0.0,
0.0,
0.0,
0.0,
0.0,
0.0,
0.0,
0.0,
0.0,
0.0,
0.0,
0.0,
0.0,
0.0,
0.0,
0.0,
0.0,
0.0,
0.0,
0.0,
0.0,
0.0,
0.0,
0.0,
0.0,
0.0,
0.0,
0.0,
0.0,
0.0,
0.0,
