1.0699197053909302,
1.0725042819976807,
1.0740113258361816,
1.0743943452835083,
1.0746225118637085,
1.075191855430603,
1.0756114721298218,
1.0753246545791626,
1.0758956670761108,
1.0762184858322144,
1.076022744178772,
1.076595425605774,
1.0768864154815674,
1.0768394470214844,
1.0771251916885376,
1.0772125720977783,
1.0772058963775635,
1.0775220394134521,
1.0773380994796753,
1.0776339769363403,
1.0780131816864014,
1.0777263641357422,
1.077733039855957,
1.0779768228530884,
1.0775848627090454,
1.0780924558639526,
1.0782769918441772,
1.077926754951477,
1.0783482789993286,
1.0784181356430054,
1.0780285596847534,
1.0782835483551025,
1.0784761905670166,
1.0782793760299683,
1.078506350517273,
1.0785205364227295,
1.0786949396133423,
1.0790261030197144,
1.0787887573242188,
1.0788403749465942,
1.0789772272109985,
1.0785636901855469,
1.0788754224777222,
1.0790965557098389,
1.0786086320877075,
1.0789905786514282,
1.079148530960083,
1.078468680381775,
1.0789116621017456,
1.0790801048278809,
1.0787290334701538,
1.0790319442749023,
1.079135537147522,
1.078827142715454,
1.079095482826233,
1.0789633989334106,
1.078887939453125,
1.0790947675704956,
1.0787391662597656,
1.0790166854858398,
1.079207181930542,
1.0788153409957886,
1.0789669752120972,
1.0791081190109253,
1.0787771940231323,
1.0791972875595093,
1.0792540311813354,
1.0788829326629639,
1.079202651977539,
1.0793417692184448,
1.0789191722869873,
1.0791929960250854,
1.079221487045288,
1.0790557861328125,
1.0792207717895508,
1.0790401697158813,
1.078955888748169,
1.0790849924087524,
1.0788847208023071,
1.079073190689087,
1.0792039632797241,
1.0786919593811035,
1.078933596611023,
1.078963041305542,
1.078826904296875,
1.0790965557098389,
1.0790655612945557,
1.0787252187728882,
1.0790382623672485,
1.0791094303131104,
1.0787774324417114,
1.0789982080459595,
1.0786405801773071,
1.0787694454193115,
1.0789355039596558,
1.0785537958145142,
1.0786701440811157,
1.0787889957427979,
1.0785329341888428,
1.078799843788147,
1.0788604021072388,
1.0782932043075562,
1.0786195993423462,
1.078709602355957,
1.0780713558197021,
1.0785188674926758,
1.078558325767517,
1.078113317489624,
1.077089786529541,
1.0784180164337158,
1.078279972076416,
1.0785462856292725,
1.0783014297485352,
1.078263521194458,
1.078399419784546,
1.0779393911361694,
1.0780411958694458,
1.0780690908432007,
1.0776231288909912,
1.077916145324707,
1.077996850013733,
1.0776021480560303,
1.0778491497039795,
1.0779342651367188,
1.0775223970413208,
1.0776289701461792,
1.0776677131652832,
1.077460765838623,
1.0776636600494385,
1.0775882005691528,
1.0774123668670654,
1.077478289604187,
1.0773955583572388,
1.0773940086364746,
1.0775128602981567,
1.0771225690841675,
1.0773121118545532,
1.0774073600769043,
1.0769380331039429,
1.0772004127502441,
1.077238917350769,
1.0767654180526733,
1.0769658088684082,
1.0770679712295532,
1.0766667127609253,
1.0768498182296753,
1.0768318176269531,
1.0765764713287354,
1.0767401456832886,
1.0763816833496094,
1.076434850692749,
1.0764150619506836,
1.0761122703552246,
1.0762840509414673,
1.076340675354004,
1.0758814811706543,
1.0762779712677002,
1.0762944221496582,
1.0759658813476562,
1.0761088132858276,
1.076228380203247,
1.075752854347229,
1.075945258140564,
1.0759024620056152,
1.075598955154419,
1.0757088661193848,
1.0754823684692383,
1.075357437133789,
1.0754406452178955,
1.0752235651016235,
1.075448751449585,
1.075583815574646,
1.0749820470809937,
1.075242519378662,
1.075282335281372,
1.0747334957122803,
1.075028896331787,
1.0750263929367065,
1.074582815170288,
1.0747251510620117,
1.0747209787368774,
1.0745747089385986,
1.0747578144073486,
1.0746409893035889,
1.074366569519043,
1.0744686126708984,
1.074159026145935,
1.0743850469589233,
1.0744740962982178,
1.0739490985870361,
1.074230432510376,
1.0740950107574463,
1.0736230611801147,
1.0739132165908813,
1.0739744901657104,
1.0734106302261353,
1.0737216472625732,
1.0736080408096313,
1.0731602907180786,
1.073370337486267,
1.073284387588501,
1.0729939937591553,
1.0729750394821167,
1.0726474523544312,
1.0728744268417358,
1.0729889869689941,
1.0725904703140259,
1.072767734527588,
1.0729013681411743,
1.0723382234573364,
1.0725699663162231,
1.0725300312042236,
1.07203209400177,
1.0722899436950684,
1.0722451210021973,
1.0719141960144043,
1.0719608068466187,
1.071833610534668,
1.0715737342834473,
1.071901798248291,
1.0715014934539795,
1.0714420080184937,
1.071548342704773,
1.07113516330719,
1.0711697340011597,
1.0711846351623535,
1.0707108974456787,
1.0709339380264282,
1.070909023284912,
1.0705431699752808,
1.0707886219024658,
1.0707536935806274,
1.070278525352478,
1.0703743696212769,
1.0702879428863525,
1.070145606994629,
1.0702100992202759,
1.069828987121582,
1.069603681564331,
1.068363904953003,
1.069296956062317,
1.069437861442566,
1.0694416761398315,
1.0689363479614258,
1.0690767765045166,
1.0688817501068115,
1.0474319458007812,
1.0644184350967407,
1.067135214805603,
1.0675894021987915,
1.0680792331695557,
1.068124532699585,
1.0678502321243286,
1.0681167840957642,
1.0679110288619995,
1.0677627325057983,
1.0678566694259644,
1.0671635866165161,
1.0674911737442017,
1.067612886428833,
1.067295789718628,
1.067203402519226,
1.067252278327942,
1.0669496059417725,
1.0668020248413086,
1.066746473312378,
1.0664176940917969,
1.066472053527832,
1.0664184093475342,
1.0660003423690796,
1.0662425756454468,
1.06617271900177,
1.0656557083129883,
1.0658892393112183,
1.0657974481582642,
1.0653462409973145,
1.065315842628479,
1.0650174617767334,
1.0648959875106812,
1.0649484395980835,
1.064632773399353,
1.064477801322937,
1.0643659830093384,
1.0640684366226196,
1.0641124248504639,
1.063910722732544,
1.063529372215271,
1.0634602308273315,
1.0633153915405273,
1.0629730224609375,
1.0631245374679565,
1.0628843307495117,
1.0625066757202148,
1.0626423358917236,
1.0624265670776367,
1.0620099306106567,
1.0618654489517212,
1.061560034751892,
1.0614813566207886,
1.0613634586334229,
1.06094229221344,
1.0611224174499512,
1.0609204769134521,
1.0603495836257935,
1.0601545572280884,
1.0599411725997925,
1.0597636699676514,
1.0599074363708496,
1.0596156120300293,
1.0590611696243286,
1.059128761291504,
1.0587246417999268,
1.0585111379623413,
1.0582621097564697,
1.057982087135315,
1.0578844547271729,
1.0576926469802856,
1.0573889017105103,
1.0572571754455566,
1.056989312171936,
1.0565828084945679,
1.0565391778945923,
1.056127667427063,
1.0558279752731323,
1.0557990074157715,
1.0556623935699463,
1.0552430152893066,
1.0550059080123901,
1.0545412302017212,
1.054435133934021,
1.054262399673462,
1.0537495613098145,
1.0536808967590332,
1.0532798767089844,
1.052774429321289,
1.052652359008789,
1.0524203777313232,
1.0518981218338013,
1.0518330335617065,
1.051615595817566,
1.0511999130249023,
1.051188588142395,
1.0507872104644775,
1.0501059293746948,
1.0499293804168701,
1.0495280027389526,
1.049362063407898,
1.0492284297943115,
1.0485793352127075,
1.0484167337417603,
1.0482439994812012,
1.047420859336853,
1.0472828149795532,
1.0470103025436401,
1.046526312828064,
1.0462533235549927,
1.0460309982299805,
1.0452510118484497,
1.045164942741394,
1.0446957349777222,
1.044188380241394,
1.0439802408218384,
1.043430209159851,
1.0432250499725342,
1.0430102348327637,
1.0423047542572021,
1.0421029329299927,
1.0417048931121826,
1.0409467220306396,
1.0407556295394897,
1.0404316186904907,
1.0396170616149902,
1.0394231081008911,
1.0389041900634766,
1.0383217334747314,
1.03803288936615,
1.037519097328186,
1.0369327068328857,
1.0365269184112549,
1.0358662605285645,
1.035537600517273,
1.0350314378738403,
1.0337694883346558,
1.033595085144043,
1.0330548286437988,
1.0321760177612305,
1.0319414138793945,
1.0313889980316162,
1.0296380519866943,
1.0304826498031616,
1.029932975769043,
1.0286649465560913,
1.0285751819610596,
1.0278549194335938,
1.0267934799194336,
1.0267006158828735,
1.025877594947815,
1.0254442691802979,
1.0248721837997437,
1.023646593093872,
1.023422122001648,
1.0225576162338257,
1.0212198495864868,
1.0210105180740356,
1.0205856561660767,
1.0195415019989014,
1.019046664237976,
1.0181188583374023,
1.0171092748641968,
1.0164532661437988,
1.0155199766159058,
1.0148154497146606,
1.0141621828079224,
1.0126168727874756,
1.0118054151535034,
1.0114014148712158,
1.010217547416687,
1.0097037553787231,
1.0085504055023193,
1.0072135925292969,
1.0064603090286255,
1.0054410696029663,
1.004024863243103,
1.0033801794052124,
1.0023140907287598,
1.0013729333877563,
0.9999852180480957,
0.9991677403450012,
0.9976222515106201,
0.9969593286514282,
0.9955281019210815,
0.9940849542617798,
0.9931952953338623,
0.9920066595077515,
0.9906539916992188,
0.9891454577445984,
0.9876843690872192,
0.9862823486328125,
0.985429584980011,
0.983795166015625,
0.9825533032417297,
0.9808679819107056,
0.9793621897697449,
0.9773607850074768,
0.9764076471328735,
0.9746844172477722,
0.9732341766357422,
0.9716035723686218,
0.9698202610015869,
0.9683983325958252,
0.9667748212814331,
0.9649768471717834,
0.9634363055229187,
0.9618533253669739,
0.9601808786392212,
0.9581819772720337,
0.9566000699996948,
0.9550245404243469,
0.952983021736145,
0.9493924975395203,
0.9497244954109192,
0.947546124458313,
0.9457323551177979,
0.9441114068031311,
0.9421674013137817,
0.9389856457710266,
0.9390928149223328,
0.937048077583313,
0.9350306391716003,
0.9330302476882935,
0.9309123158454895,
0.9289063215255737,
0.9269896745681763,
0.9248836636543274,
0.922676146030426,
0.9211227297782898,
0.9190946221351624,
0.9171377420425415,
0.9151527285575867,
0.9132012724876404,
0.9113044142723083,
0.9094048142433167,
0.9072598814964294,
0.9051904678344727,
0.9033094048500061,
0.9012482166290283,
0.8997868895530701,
0.8974219560623169,
0.8959361910820007,
0.8939878344535828,
0.8921614289283752,
0.8901525735855103,
0.8880671262741089,
0.886313796043396,
0.8826924562454224,
0.8817660212516785,
0.8800763487815857,
0.8791770339012146,
0.8772523403167725,
0.8750755190849304,
0.8729607462882996,
0.8708024024963379,
0.8686068654060364,
0.8664337992668152,
0.8641757965087891,
0.8618863224983215,
0.8598358035087585,
0.8576302528381348,
0.8555035591125488,
0.853108823299408,
0.8501696586608887,
0.8488657474517822,
0.8466424942016602,
0.8445841073989868,
0.8424746990203857,
0.8400372266769409,
0.837863564491272,
0.8356395363807678,
0.8335725665092468,
0.831098198890686,
0.8290165662765503,
0.8268855214118958,
0.8268855214118958,
0.8268855214118958,
0.0,
0.0,
0.0,
0.0,
0.0,
0.0,
0.0,
0.0,
0.0,
0.0,
0.0,
0.0,
0.0,
0.0,
0.0,
0.0,
0.0,
0.0,
0.0,
0.0,
0.0,
0.0,
0.0,
0.0,
0.0,
0.0,
0.0,
0.0,
0.0,
0.0,
0.0,
0.0,
0.0,
0.0,
0.0,
0.0,
0.0,
0.0,
0.0,
0.0,
0.0,
0.0,
0.0,
0.0,
0.0,
0.0,
0.0,
0.0,
0.0,
0.0,
0.0,
0.0,
0.0,
0.0,
0.0,
0.0,
0.0,
0.0,
0.0,
0.0,
0.0,
0.0,
0.0,
0.0,
0.0,
0.0,
0.0,
0.0,
0.0,
0.0,
0.0,
0.0,
0.0,
0.0,
0.0,
0.0,
0.0,
0.0,
0.0,
0.0,
0.0,
0.0,
0.0,
0.0,
0.0,
0.0,
0.0,
0.0,
0.0,
0.0,
0.0,
0.0,
0.0,
0.0,
0.0,
0.0,
0.0,
0.0,
0.0,
0.0,
0.0,
0.0,
0.0,
0.0,
0.0,
0.0,
0.0,
0.0,
0.0,
0.0,
0.0,
0.0,
0.0,
0.0,
0.0,
0.0,
0.0,
0.0,
0.0,
0.0,
0.0,
0.0,
0.0,
0.0,
0.0,
0.0,
0.0,
0.0,
0.0,
0.0,
0.0,
0.0,
0.0,
0.0,
0.0,
0.0,
0.0,
0.0,
0.0,
0.0,
0.0,
0.0,
0.0,
0.0,
0.0,
0.0,
0.0,
0.0,
0.0,
0.0,
0.0,
0.0,
0.0,
0.0,
0.0,
0.0,
0.0,
0.0,
0.0,
0.0,
0.0,
0.0,
0.0,
0.0,
0.0,
0.0,
0.0,
0.0,
0.0,
0.0,
0.0,
0.0,
0.0,
0.0,
0.0,
0.0,
0.0,
0.0,
0.0,
0.0,
0.0,
0.0,
0.0,
0.0,
0.0,
0.0,
0.0,
0.0,
0.0,
0.0,
0.0,
0.0,
0.0,
0.0,
0.0,
0.0,
0.0,
0.0,
0.0,
0.0,
0.0,
0.0,
0.0,
0.0,
0.0,
0.0,
0.0,
0.0,
0.0,
0.0,
0.0,
0.0,
0.0,
0.0,
0.0,
0.0,
0.0,
0.0,
0.0,
0.0,
0.0,
0.0,
0.0,
0.0,
0.0,
0.0,
0.0,
0.0,
0.0,
0.0,
0.0,
0.0,
0.0,
0.0,
0.0,
0.0,
0.0,
0.0,
0.0,
0.0,
0.0,
0.0,
0.0,
0.0,
0.0,
0.0,
0.0,
0.0,
0.0,
0.0,
0.0,
0.0,
0.0,
0.0,
0.0,
0.0,
0.0,
0.0,
0.0,
0.0,
0.0,
0.0,
0.0,
0.0,
0.0,
0.0,
0.0,
0.0,
0.0,
0.0,
0.0,
0.0,
0.0,
0.0,
0.0,
0.0,
0.0,
0.0,
0.0,
0.0,
0.0,
0.0,
0.0,
0.0,
0.0,
0.0,
0.0,
0.0,
0.0,
0.0,
0.0,
0.0,
0.0,
0.0,
0.0,
0.0,
0.0,
0.0,
0.0,
0.0,
0.0,
0.0,
0.0,
0.0,
0.0,
0.0,
0.0,
0.0,
0.0,
0.0,
0.0,
0.0,
0.0,
0.0,
0.0,
0.0,
0.0,
0.0,
0.0,
0.0,
0.0,
0.0,
0.0,
0.0,
0.0,
0.0,
0.0,
0.0,
0.0,
0.0,
0.0,
0.0,
0.0,
0.0,
0.0,
0.0,
0.0,
0.0,
0.0,
0.0,
0.0,
0.0,
0.0,
0.0,
0.0,
0.0,
0.0,
0.0,
0.0,
0.0,
0.0,
0.0,
0.0,
0.0,
0.0,
0.0,
0.0,
0.0,
0.0,
0.0,
0.0,
0.0,
0.0,
0.0,
0.0,
0.0,
0.0,
0.0,
0.0,
0.0,
0.0,
0.0,
0.0,
0.0,
0.0,
0.0,
0.0,
0.0,
0.0,
0.0,
0.0,
0.0,
0.0,
0.0,
0.0,
0.0,
0.0,
0.0,
0.0,
0.0,
0.0,
0.0,
0.0,
0.0,
0.0,
0.0,
0.0,
0.0,
0.0,
0.0,
0.0,
0.0,
0.0,
0.0,
0.0,
0.0,
0.0,
0.0,
0.0,
0.0,
0.0,
0.0,
0.0,
0.0,
0.0,
0.0,
0.0,
0.0,
0.0,
0.0,
0.0,
0.0,
0.0,
0.0,
0.0,
0.0,
0.0,
0.0,
0.0,
0.0,
0.0,
0.0,
0.0,
0.0,
0.0,
0.0,
0.0,
0.0,
0.0,
0.0,
0.0,
0.0,
0.0,
0.0,
0.0,
0.0,
0.0,
0.0,
0.0,
0.0,
0.0,
0.0,
0.0,
0.0,
0.0,
0.0,
0.0,
0.0,
0.0,
0.0,
0.0,
0.0,
0.0,
0.0,
0.0,
0.0,
0.0,
0.0,
0.0,
0.0,
0.0,
0.0,
0.0,
0.0,
0.0,
0.0,
0.0,
0.0,
0.0,
0.0,
0.0,
0.0,
0.0,
0.0,
0.0,
0.0,
0.0,
0.0,
0.0,
0.0,
0.0,
0.0,
0.0,
0.0,
0.0,
0.0,
0.0,
0.0,
0.0,
0.0,
0.0,
0.0,
0.0,
0.0,
0.0,
0.0,
0.0,
0.0,
0.0,
0.0,
0.0,
0.0,
0.0,
0.0,
0.0,
0.0,
0.0,
0.0,
0.0,
0.0,
0.0,
0.0,
0.0,
0.0,
0.0,
0.0,
0.0,
0.0,
0.0,
0.0,
0.0,
0.0,
0.0,
0.0,
0.0,
0.0,
0.0,
0.0,
0.0,
0.0,
0.0,
0.0,
0.0,
0.0,
0.0,
0.0,
0.0,
0.0,
0.0,
0.0,
0.0,
0.0,
0.0,
0.0,
0.0,
0.0,
0.0,
0.0,
0.0,
0.0,
0.0,
0.0,
0.0,
0.0,
0.0,
0.0,
0.0,
0.0,
0.0,
0.0,
0.0,
0.0,
0.0,
0.0,
0.0,
0.0,
0.0,
0.0,
0.0,
0.0,
0.0,
0.0,
0.0,
0.0,
0.0,
0.0,
0.0,
0.0,
0.0,
0.0,
0.0,
0.0,
0.0,
0.0,
0.0,
0.0,
0.0,
0.0,
0.0,
0.0,
0.0,
0.0,
0.0,
0.0,
0.0,
0.0,
0.0,
0.0,
0.0,
0.0,
0.0,
0.0,
0.0,
0.0,
0.0,
0.0,
0.0,
0.0,
0.0,
0.0,
0.0,
0.0,
0.0,
0.0,
0.0,
0.0,
0.0,
0.0,
0.0,
0.0,
0.0,
0.0,
0.0,
0.0,
0.0,
0.0,
0.0,
0.0,
0.0,
0.0,
0.0,
0.0,
0.0,
0.0,
0.0,
0.0,
0.0,
0.0,
0.0,
0.0,
0.0,
0.0,
0.0,
0.0,
0.0,
0.0,
0.0,
0.0,
0.0,
0.0,
0.0,
0.0,
0.0,
0.0,
0.0,
0.0,
0.0,
0.0,
0.0,
0.0,
0.0,
0.0,
0.0,
0.0,
0.0,
0.0,
0.0,
0.0,
0.0,
0.0,
0.0,
0.0,
0.0,
0.0,
0.0,
0.0,
0.0,
0.0,
0.0,
0.0,
0.0,
0.0,
0.0,
0.0,
0.0,
0.0,
0.0,
0.0,
0.0,
0.0,
0.0,
0.0,
0.0,
0.0,
0.0,
0.0,
0.0,
0.0,
0.0,
0.0,
0.0,
0.0,
0.0,
0.0,
0.0,
0.0,
0.0,
0.0,
0.0,
0.0,
0.0,
0.0,
0.0,
0.0,
0.0,
0.0,
0.0,
0.0,
0.0,
0.0,
0.0,
0.0,
0.0,
0.0,
0.0,
0.0,
0.0,
0.0,
0.0,
0.0,
0.0,
0.0,
0.0,
0.0,
0.0,
0.0,
0.0,
0.0,
0.0,
0.0,
0.0,
0.0,
0.0,
0.0,
0.0,
0.0,
0.0,
0.0,
0.0,
0.0,
0.0,
0.0,
0.0,
0.0,
0.0,
0.0,
0.0,
0.0,
0.0,
0.0,
0.0,
0.0,
0.0,
0.0,
0.0,
0.0,
0.0,
0.0,
0.0,
0.0,
0.0,
0.0,
0.0,
0.0,
0.0,
0.0,
0.0,
0.0,
0.0,
0.0,
0.0,
0.0,
0.0,
0.0,
0.0,
0.0,
0.0,
0.0,
0.0,
0.0,
0.0,
0.0,
0.0,
0.0,
0.0,
0.0,
0.0,
0.0,
0.0,
0.0,
0.0,
0.0,
0.0,
0.0,
0.0,
0.0,
0.0,
0.0,
0.0,
0.0,
0.0,
0.0,
0.0,
0.0,
0.0,
0.0,
0.0,
0.0,
0.0,
0.0,
0.0,
0.0,
0.0,
0.0,
0.0,
0.0,
0.0,
0.0,
0.0,
0.0,
0.0,
0.0,
0.0,
0.0,
0.0,
0.0,
0.0,
0.0,
0.0,
0.0,
0.0,
0.0,
0.0,
0.0,
0.0,
0.0,
0.0,
0.0,
0.0,
0.0,
0.0,
0.0,
0.0,
0.0,
0.0,
0.0,
0.0,
0.0,
0.0,
0.0,
0.0,
0.0,
0.0,
0.0,
0.0,
0.0,
0.0,
0.0,
0.0,
0.0,
0.0,
0.0,
0.0,
0.0,
0.0,
0.0,
0.0,
0.0,
0.0,
0.0,
0.0,
0.0,
0.0,
0.0,
0.0,
0.0,
0.0,
0.0,
0.0,
0.0,
0.0,
0.0,
0.0,
0.0,
0.0,
0.0,
0.0,
0.0,
0.0,
0.0,
0.0,
0.0,
0.0,
0.0,
0.0,
0.0,
0.0,
0.0,
0.0,
0.0,
0.0,
0.0,
0.0,
0.0,
0.0,
0.0,
0.0,
0.0,
0.0,
0.0,
0.0,
0.0,
0.0,
0.0,
0.0,
0.0,
0.0,
0.0,
0.0,
0.0,
0.0,
0.0,
0.0,
0.0,
0.0,
0.0,
0.0,
0.0,
0.0,
0.0,
0.0,
0.0,
0.0,
0.0,
0.0,
0.0,
0.0,
0.0,
0.0,
0.0,
0.0,
0.0,
0.0,
0.0,
0.0,
0.0,
0.0,
0.0,
0.0,
0.0,
0.0,
0.0,
0.0,
0.0,
0.0,
0.0,
0.0,
0.0,
0.0,
0.0,
0.0,
0.0,
0.0,
0.0,
0.0,
0.0,
0.0,
0.0,
0.0,
0.0,
0.0,
0.0,
0.0,
0.0,
0.0,
0.0,
0.0,
0.0,
0.0,
0.0,
0.0,
0.0,
0.0,
0.0,
0.0,
0.0,
0.0,
0.0,
0.0,
0.0,
0.0,
0.0,
0.0,
0.0,
0.0,
0.0,
0.0,
0.0,
0.0,
0.0,
0.0,
0.0,
0.0,
0.0,
0.0,
0.0,
0.0,
0.0,
0.0,
0.0,
0.0,
0.0,
0.0,
0.0,
0.0,
0.0,
0.0,
0.0,
0.0,
0.0,
0.0,
0.0,
0.0,
0.0,
0.0,
0.0,
0.0,
0.0,
0.0,
0.0,
0.0,
0.0,
0.0,
0.0,
0.0,
0.0,
0.0,
0.0,
0.0,
0.0,
0.0,
0.0,
0.0,
0.0,
0.0,
0.0,
0.0,
0.0,
0.0,
0.0,
0.0,
0.0,
0.0,
0.0,
0.0,
0.0,
0.0,
0.0,
0.0,
0.0,
0.0,
0.0,
0.0,
0.0,
0.0,
0.0,
0.0,
0.0,
0.0,
0.0,
0.0,
0.0,
0.0,
0.0,
0.0,
0.0,
0.0,
0.0,
0.0,
0.0,
0.0,
0.0,
0.0,
0.0,
0.0,
0.0,
0.0,
0.0,
0.0,
0.0,
0.0,
0.0,
0.0,
0.0,
0.0,
0.0,
0.0,
0.0,
0.0,
0.0,
0.0,
0.0,
0.0,
0.0,
0.0,
0.0,
0.0,
0.0,
0.0,
0.0,
0.0,
0.0,
0.0,
0.0,
0.0,
0.0,
0.0,
0.0,
0.0,
0.0,
0.0,
0.0,
0.0,
0.0,
0.0,
0.0,
0.0,
0.0,
0.0,
0.0,
0.0,
0.0,
0.0,
0.0,
0.0,
0.0,
0.0,
0.0,
0.0,
0.0,
0.0,
0.0,
0.0,
0.0,
0.0,
0.0,
0.0,
0.0,
0.0,
0.0,
0.0,
0.0,
0.0,
0.0,
0.0,
0.0,
0.0,
0.0,
0.0,
0.0,
0.0,
0.0,
0.0,
0.0,
0.0,
0.0,
0.0,
0.0,
0.0,
0.0,
0.0,
0.0,
0.0,
0.0,
0.0,
0.0,
0.0,
0.0,
0.0,
0.0,
0.0,
0.0,
0.0,
0.0,
0.0,
0.0,
0.0,
0.0,
0.0,
0.0,
0.0,
0.0,
0.0,
0.0,
0.0,
0.0,
0.0,
0.0,
0.0,
0.0,
0.0,
0.0,
0.0,
0.0,
0.0,
0.0,
0.0,
0.0,
0.0,
0.0,
0.0,
0.0,
0.0,
0.0,
0.0,
0.0,
0.0,
0.0,
0.0,
0.0,
0.0,
0.0,
0.0,
0.0,
0.0,
0.0,
0.0,
0.0,
0.0,
0.0,
0.0,
0.0,
0.0,
0.0,
0.0,
0.0,
0.0,
0.0,
0.0,
0.0,
0.0,
0.0,
0.0,
0.0,
0.0,
0.0,
0.0,
0.0,
0.0,
0.0,
0.0,
0.0,
0.0,
0.0,
0.0,
0.0,
0.0,
0.0,
0.0,
0.0,
0.0,
0.0,
0.0,
0.0,
0.0,
0.0,
0.0,
0.0,
0.0,
0.0,
0.0,
0.0,
0.0,
0.0,
0.0,
0.0,
0.0,
0.0,
0.0,
0.0,
0.0,
0.0,
0.0,
0.0,
0.0,
0.0,
0.0,
0.0,
0.0,
0.0,
0.0,
0.0,
0.0,
0.0,
0.0,
0.0,
0.0,
0.0,
0.0,
0.0,
0.0,
0.0,
0.0,
0.0,
0.0,
0.0,
0.0,
0.0,
0.0,
0.0,
0.0,
0.0,
0.0,
0.0,
0.0,
0.0,
0.0,
0.0,
0.0,
0.0,
0.0,
0.0,
0.0,
0.0,
0.0,
0.0,
0.0,
0.0,
0.0,
0.0,
0.0,
0.0,
0.0,
0.0,
0.0,
0.0,
0.0,
0.0,
0.0,
0.0,
0.0,
0.0,
0.0,
0.0,
0.0,
0.0,
0.0,
0.0,
0.0,
0.0,
0.0,
0.0,
0.0,
0.0,
0.0,
0.0,
0.0,
0.0,
0.0,
0.0,
0.0,
0.0,
0.0,
0.0,
0.0,
0.0,
0.0,
0.0,
0.0,
0.0,
0.0,
0.0,
0.0,
0.0,
0.0,
0.0,
0.0,
0.0,
0.0,
0.0,
0.0,
0.0,
0.0,
0.0,
0.0,
0.0,
0.0,
0.0,
0.0,
0.0,
0.0,
0.0,
0.0,
0.0,
0.0,
0.0,
0.0,
0.0,
0.0,
0.0,
0.0,
0.0,
0.0,
0.0,
0.0,
0.0,
0.0,
0.0,
0.0,
0.0,
0.0,
0.0,
0.0,
0.0,
0.0,
0.0,
0.0,
0.0,
0.0,
0.0,
0.0,
0.0,
0.0,
0.0,
0.0,
0.0,
0.0,
0.0,
0.0,
0.0,
0.0,
0.0,
0.0,
0.0,
0.0,
0.0,
0.0,
0.0,
0.0,
0.0,
0.0,
0.0,
0.0,
0.0,
0.0,
0.0,
0.0,
0.0,
0.0,
0.0,
0.0,
0.0,
0.0,
0.0,
0.0,
0.0,
0.0,
0.0,
0.0,
0.0,
0.0,
0.0,
0.0,
0.0,
0.0,
0.0,
0.0,
0.0,
0.0,
0.0,
0.0,
0.0,
0.0,
0.0,
0.0,
0.0,
0.0,
0.0,
0.0,
0.0,
0.0,
0.0,
0.0,
0.0,
0.0,
0.0,
0.0,
0.0,
0.0,
0.0,
0.0,
0.0,
0.0,
0.0,
0.0,
0.0,
0.0,
0.0,
0.0,
0.0,
0.0,
0.0,
0.0,
0.0,
0.0,
0.0,
0.0,
0.0,
0.0,
0.0,
0.0,
0.0,
0.0,
0.0,
0.0,
0.0,
0.0,
0.0,
0.0,
0.0,
0.0,
0.0,
0.0,
0.0,
0.0,
0.0,
0.0,
0.0,
0.0,
0.0,
0.0,
0.0,
0.0,
0.0,
0.0,
0.0,
0.0,
0.0,
0.0,
0.0,
0.0,
0.0,
0.0,
0.0,
0.0,
0.0,
0.0,
0.0,
0.0,
0.0,
0.0,
0.0,
0.0,
0.0,
0.0,
0.0,
0.0,
0.0,
0.0,
0.0,
0.0,
0.0,
0.0,
0.0,
0.0,
0.0,
0.0,
0.0,
0.0,
0.0,
0.0,
0.0,
0.0,
0.0,
0.0,
0.0,
0.0,
0.0,
0.0,
0.0,
0.0,
0.0,
0.0,
0.0,
0.0,
0.0,
0.0,
0.0,
0.0,
0.0,
0.0,
0.0,
0.0,
0.0,
0.0,
0.0,
0.0,
0.0,
0.0,
0.0,
0.0,
0.0,
0.0,
0.0,
0.0,
0.0,
0.0,
0.0,
0.0,
0.0,
0.0,
0.0,
0.0,
0.0,
0.0,
0.0,
0.0,
0.0,
0.0,
0.0,
0.0,
0.0,
0.0,
0.0,
0.0,
0.0,
0.0,
0.0,
0.0,
0.0,
0.0,
0.0,
0.0,
0.0,
0.0,
0.0,
0.0,
0.0,
0.0,
0.0,
0.0,
0.0,
0.0,
0.0,
0.0,
0.0,
0.0,
0.0,
0.0,
0.0,
0.0,
0.0,
0.0,
0.0,
0.0,
0.0,
0.0,
0.0,
0.0,
0.0,
0.0,
0.0,
0.0,
0.0,
0.0,
0.0,
0.0,
0.0,
0.0,
0.0,
0.0,
0.0,
0.0,
0.0,
0.0,
0.0,
0.0,
0.0,
0.0,
0.0,
0.0,
0.0,
0.0,
0.0,
0.0,
0.0,
0.0,
0.0,
0.0,
0.0,
0.0,
0.0,
0.0,
0.0,
0.0,
0.0,
0.0,
0.0,
0.0,
0.0,
0.0,
0.0,
0.0,
0.0,
0.0,
0.0,
0.0,
0.0,
0.0,
0.0,
0.0,
0.0,
0.0,
0.0,
0.0,
0.0,
0.0,
0.0,
0.0,
0.0,
0.0,
0.0,
0.0,
0.0,
0.0,
0.0,
0.0,
0.0,
0.0,
0.0,
0.0,
0.0,
0.0,
0.0,
0.0,
0.0,
0.0,
0.0,
0.0,
0.0,
0.0,
0.0,
0.0,
0.0,
0.0,
0.0,
0.0,
0.0,
0.0,
0.0,
0.0,
0.0,
0.0,
0.0,
0.0,
0.0,
0.0,
0.0,
0.0,
0.0,
