1.0733846426010132,
1.0766410827636719,
1.0789364576339722,
1.0798078775405884,
1.0799510478973389,
1.0807363986968994,
1.080999732017517,
1.080668330192566,
1.08130943775177,
1.0814237594604492,
1.0813167095184326,
1.0817633867263794,
1.0819822549819946,
1.0818507671356201,
1.0821421146392822,
1.082031011581421,
1.0821619033813477,
1.0823763608932495,
1.0817806720733643,
1.0823167562484741,
1.082369089126587,
1.0818309783935547,
1.0821751356124878,
1.082305669784546,
1.0818207263946533,
1.082370638847351,
1.0825263261795044,
1.0819838047027588,
1.0823769569396973,
1.0822917222976685,
1.082000732421875,
1.0824689865112305,
1.082449197769165,
1.0824074745178223,
1.0825062990188599,
1.082204818725586,
1.0824207067489624,
1.0823848247528076,
1.0819417238235474,
1.0821595191955566,
1.0823578834533691,
1.0815949440002441,
1.082099437713623,
1.0820423364639282,
1.0814414024353027,
1.0818781852722168,
1.0817397832870483,
1.0812041759490967,
1.0816212892532349,
1.0816608667373657,
1.0814125537872314,
1.0817493200302124,
1.0816535949707031,
1.0812764167785645,
1.0813440084457397,
1.0812128782272339,
1.0811805725097656,
1.0812596082687378,
1.0807669162750244,
1.081089973449707,
1.0810707807540894,
1.0804444551467896,
1.0808206796646118,
1.080864429473877,
1.0801990032196045,
1.0806748867034912,
1.0807055234909058,
1.0801033973693848,
1.0804672241210938,
1.0802819728851318,
1.079886794090271,
1.0801292657852173,
1.0800827741622925,
1.0799330472946167,
1.0801029205322266,
1.0798789262771606,
1.0797810554504395,
1.0798219442367554,
1.0791527032852173,
1.0794683694839478,
1.0793120861053467,
1.0787283182144165,
1.078981876373291,
1.0790624618530273,
1.078524112701416,
1.0790190696716309,
1.0791997909545898,
1.0784251689910889,
1.0786941051483154,
1.0785096883773804,
1.0781071186065674,
1.0782902240753174,
1.0785231590270996,
1.078071117401123,
1.0780545473098755,
1.0776212215423584,
1.0777504444122314,
1.0777150392532349,
1.0771812200546265,
1.0773104429244995,
1.0773149728775024,
1.0766592025756836,
1.076957106590271,
1.07694673538208,
1.0762324333190918,
1.0764755010604858,
1.0765776634216309,
1.075958490371704,
1.0761295557022095,
1.0761500597000122,
1.0758776664733887,
1.0761982202529907,
1.0761103630065918,
1.0756696462631226,
1.0756534337997437,
1.0757925510406494,
1.0753419399261475,
1.075347900390625,
1.074556827545166,
1.0748791694641113,
1.0748714208602905,
1.0742226839065552,
1.0745849609375,
1.0745186805725098,
1.073832392692566,
1.0741521120071411,
1.0742417573928833,
1.0734758377075195,
1.073664665222168,
1.0735036134719849,
1.0731940269470215,
1.0734761953353882,
1.073429822921753,
1.0729212760925293,
1.0731066465377808,
1.0728706121444702,
1.072627067565918,
1.0726667642593384,
1.0719537734985352,
1.0722525119781494,
1.0720977783203125,
1.0713915824890137,
1.071601390838623,
1.0716769695281982,
1.070914626121521,
1.0713517665863037,
1.0713591575622559,
1.0705294609069824,
1.0709269046783447,
1.070586085319519,
1.0701777935028076,
1.070356845855713,
1.0702334642410278,
1.069770336151123,
1.069879174232483,
1.0694990158081055,
1.0694055557250977,
1.0693711042404175,
1.0689098834991455,
1.0688928365707397,
1.0688077211380005,
1.0681042671203613,
1.0684430599212646,
1.0682533979415894,
1.0675384998321533,
1.0678837299346924,
1.0677714347839355,
1.067008137702942,
1.0672553777694702,
1.067181944847107,
1.0667047500610352,
1.0668436288833618,
1.0668797492980957,
1.0663012266159058,
1.0663857460021973,
1.066389799118042,
1.0658999681472778,
1.0657545328140259,
1.0652285814285278,
1.0651754140853882,
1.0651894807815552,
1.0645023584365845,
1.0646904706954956,
1.0648318529129028,
1.0640592575073242,
1.064307451248169,
1.0643410682678223,
1.0634628534317017,
1.0637543201446533,
1.0635504722595215,
1.063048005104065,
1.0631481409072876,
1.062859058380127,
1.0624921321868896,
1.0624473094940186,
1.0621052980422974,
1.06195068359375,
1.0618195533752441,
1.061160683631897,
1.0611447095870972,
1.0609861612319946,
1.0604057312011719,
1.0604748725891113,
1.0602842569351196,
1.0597448348999023,
1.0599579811096191,
1.0599228143692017,
1.0591367483139038,
1.059316635131836,
1.0591566562652588,
1.0586692094802856,
1.0588109493255615,
1.0585490465164185,
1.0581152439117432,
1.0579729080200195,
1.057939052581787,
1.0574495792388916,
1.0572751760482788,
1.0568543672561646,
1.0567036867141724,
1.0567320585250854,
1.0559982061386108,
1.0561347007751465,
1.055983066558838,
1.0553425550460815,
1.0554046630859375,
1.0552003383636475,
1.0545035600662231,
1.0546506643295288,
1.0544787645339966,
1.0540021657943726,
1.0540672540664673,
1.0538605451583862,
1.0534381866455078,
1.0533257722854614,
1.0531928539276123,
1.0528701543807983,
1.0527129173278809,
1.0519455671310425,
1.0519015789031982,
1.0517994165420532,
1.0511770248413086,
1.0513468980789185,
1.051253080368042,
1.050408959388733,
1.050432562828064,
1.050248384475708,
1.0428754091262817,
1.0454003810882568,
1.0481369495391846,
1.048187017440796,
1.0487738847732544,
1.0487349033355713,
1.0483061075210571,
1.0485461950302124,
1.048316478729248,
1.04790198802948,
1.0479294061660767,
1.0478079319000244,
1.047434687614441,
1.0473686456680298,
1.0469056367874146,
1.0467795133590698,
1.046626091003418,
1.0460805892944336,
1.046012282371521,
1.0457769632339478,
1.0451228618621826,
1.0452702045440674,
1.045119285583496,
1.0444384813308716,
1.0446197986602783,
1.0443495512008667,
1.043699860572815,
1.0438392162322998,
1.0435491800308228,
1.043075442314148,
1.0428786277770996,
1.0424681901931763,
1.0422226190567017,
1.0420527458190918,
1.0413190126419067,
1.0413484573364258,
1.0411009788513184,
1.0403869152069092,
1.0405162572860718,
1.0401543378829956,
1.0395480394363403,
1.0394527912139893,
1.0391790866851807,
1.038738489151001,
1.038629412651062,
1.038252830505371,
1.037827968597412,
1.0377347469329834,
1.0369981527328491,
1.0369065999984741,
1.036692500114441,
1.0358611345291138,
1.0359350442886353,
1.0357085466384888,
1.0347923040390015,
1.0349265336990356,
1.0346254110336304,
1.0340975522994995,
1.0339345932006836,
1.0335360765457153,
1.0329928398132324,
1.0328799486160278,
1.0323458909988403,
1.0317434072494507,
1.0315672159194946,
1.0306895971298218,
1.030485987663269,
1.0305817127227783,
1.0296491384506226,
1.0297305583953857,
1.0295827388763428,
1.0286152362823486,
1.0285322666168213,
1.0281893014907837,
1.02750563621521,
1.0272310972213745,
1.0268163681030273,
1.0263084173202515,
1.0260560512542725,
1.0250840187072754,
1.0250270366668701,
1.024559497833252,
1.023722529411316,
1.0237013101577759,
1.023289442062378,
1.0224997997283936,
1.0223419666290283,
1.021705150604248,
1.0210598707199097,
1.0207942724227905,
1.0202198028564453,
1.0195655822753906,
1.0192437171936035,
1.0185033082962036,
1.0184255838394165,
1.0180808305740356,
1.0169764757156372,
1.0168821811676025,
1.016582727432251,
1.0155119895935059,
1.015166997909546,
1.0149688720703125,
1.0139248371124268,
1.0138229131698608,
1.0128684043884277,
1.01251220703125,
1.0121574401855469,
1.0110102891921997,
1.0105615854263306,
1.0101759433746338,
1.0094422101974487,
1.0091862678527832,
1.0085426568984985,
1.0077790021896362,
1.007019281387329,
1.0068533420562744,
1.0060303211212158,
1.0054255723953247,
1.0051361322402954,
1.0040122270584106,
1.0026452541351318,
1.0023999214172363,
1.0016382932662964,
1.0009942054748535,
1.0005260705947876,
0.9992908239364624,
0.9997203350067139,
0.9985185861587524,
0.9981911182403564,
0.9976322054862976,
0.9966766834259033,
0.9964994192123413,
0.9959971308708191,
0.9949741959571838,
0.9940521121025085,
0.9936032295227051,
0.9920297861099243,
0.9915024638175964,
0.990359365940094,
0.9905075430870056,
0.988643229007721,
0.9890226125717163,
0.9883214831352234,
0.9877524971961975,
0.9861331582069397,
0.9857355356216431,
0.985211968421936,
0.9837413430213928,
0.9830604195594788,
0.9824562668800354,
0.9811639189720154,
0.980249285697937,
0.9800817966461182,
0.9786295890808105,
0.9776414036750793,
0.9773387312889099,
0.9758874177932739,
0.9752514958381653,
0.9741172790527344,
0.9731042981147766,
0.972152829170227,
0.9707823395729065,
0.9700155258178711,
0.9691981673240662,
0.9678533673286438,
0.9670206308364868,
0.9665170311927795,
0.9649195075035095,
0.9641506671905518,
0.9632640480995178,
0.9618041515350342,
0.9610852003097534,
0.9597697854042053,
0.9584980010986328,
0.9577742218971252,
0.9557973146438599,
0.9549593329429626,
0.9540315866470337,
0.9522992968559265,
0.9509025812149048,
0.9497515559196472,
0.9486712217330933,
0.9473026394844055,
0.9461851119995117,
0.9441841840744019,
0.9430344104766846,
0.941607654094696,
0.940159797668457,
0.938707172870636,
0.9374676942825317,
0.9356920719146729,
0.934420108795166,
0.9327952861785889,
0.9309004545211792,
0.9300468564033508,
0.9284228682518005,
0.926404595375061,
0.9249745607376099,
0.9235473275184631,
0.9215174913406372,
0.920551598072052,
0.9184120893478394,
0.9166703224182129,
0.9150534272193909,
0.913128137588501,
0.9117131233215332,
0.910121500492096,
0.9082038402557373,
0.9067805409431458,
0.9048563241958618,
0.9032344222068787,
0.9008992910385132,
0.8993402719497681,
0.8976337313652039,
0.8955009579658508,
0.8936848640441895,
0.8922867774963379,
0.8904335498809814,
0.8883937001228333,
0.8864854574203491,
0.8847057819366455,
0.8827986121177673,
0.881228506565094,
0.8794374465942383,
0.8776266574859619,
0.8757495284080505,
0.873788595199585,
0.8716315627098083,
0.8698495626449585,
0.8678984045982361,
0.8653283715248108,
0.8638986945152283,
0.8620675802230835,
0.8598096370697021,
0.8576071858406067,
0.8558331727981567,
0.853554368019104,
0.8519158363342285,
0.8496905565261841,
0.8477350473403931,
0.8457104563713074,
0.8432715535163879,
0.8416719436645508,
0.8399448394775391,
0.8378941416740417,
0.8359246850013733,
0.8337719440460205,
0.8317751288414001,
0.8298364281654358,
0.8279431462287903,
0.8258093595504761,
0.8258093595504761,
0.8258093595504761,
0.0,
0.0,
0.0,
0.0,
0.0,
0.0,
0.0,
0.0,
0.0,
0.0,
0.0,
0.0,
0.0,
0.0,
0.0,
0.0,
0.0,
0.0,
0.0,
0.0,
0.0,
0.0,
0.0,
0.0,
0.0,
0.0,
0.0,
0.0,
0.0,
0.0,
0.0,
0.0,
0.0,
0.0,
0.0,
0.0,
0.0,
0.0,
0.0,
0.0,
0.0,
0.0,
0.0,
0.0,
0.0,
0.0,
0.0,
0.0,
0.0,
0.0,
0.0,
0.0,
0.0,
0.0,
0.0,
0.0,
0.0,
0.0,
0.0,
0.0,
0.0,
0.0,
0.0,
0.0,
0.0,
0.0,
0.0,
0.0,
0.0,
0.0,
0.0,
0.0,
0.0,
0.0,
0.0,
0.0,
0.0,
0.0,
0.0,
0.0,
0.0,
0.0,
0.0,
0.0,
0.0,
0.0,
0.0,
0.0,
0.0,
0.0,
0.0,
0.0,
0.0,
0.0,
0.0,
0.0,
0.0,
0.0,
0.0,
0.0,
0.0,
0.0,
0.0,
0.0,
0.0,
0.0,
0.0,
0.0,
0.0,
0.0,
0.0,
0.0,
0.0,
0.0,
0.0,
0.0,
0.0,
0.0,
0.0,
0.0,
0.0,
0.0,
0.0,
0.0,
0.0,
0.0,
0.0,
0.0,
0.0,
0.0,
0.0,
0.0,
0.0,
0.0,
0.0,
0.0,
0.0,
0.0,
0.0,
0.0,
0.0,
0.0,
0.0,
0.0,
0.0,
0.0,
0.0,
0.0,
0.0,
0.0,
0.0,
0.0,
0.0,
0.0,
0.0,
0.0,
0.0,
0.0,
0.0,
0.0,
0.0,
0.0,
0.0,
0.0,
0.0,
0.0,
0.0,
0.0,
0.0,
0.0,
0.0,
0.0,
0.0,
0.0,
0.0,
0.0,
0.0,
0.0,
0.0,
0.0,
0.0,
0.0,
0.0,
0.0,
0.0,
0.0,
0.0,
0.0,
0.0,
0.0,
0.0,
0.0,
0.0,
0.0,
0.0,
0.0,
0.0,
0.0,
0.0,
0.0,
0.0,
0.0,
0.0,
0.0,
0.0,
0.0,
0.0,
0.0,
0.0,
0.0,
0.0,
0.0,
0.0,
0.0,
0.0,
0.0,
0.0,
0.0,
0.0,
0.0,
0.0,
0.0,
0.0,
0.0,
0.0,
0.0,
0.0,
0.0,
0.0,
0.0,
0.0,
0.0,
0.0,
0.0,
0.0,
0.0,
0.0,
0.0,
0.0,
0.0,
0.0,
0.0,
0.0,
0.0,
0.0,
0.0,
0.0,
0.0,
0.0,
0.0,
0.0,
0.0,
0.0,
0.0,
0.0,
0.0,
0.0,
0.0,
0.0,
0.0,
0.0,
0.0,
0.0,
0.0,
0.0,
0.0,
0.0,
0.0,
0.0,
0.0,
0.0,
0.0,
0.0,
0.0,
0.0,
0.0,
0.0,
0.0,
0.0,
0.0,
0.0,
0.0,
0.0,
0.0,
0.0,
0.0,
0.0,
0.0,
0.0,
0.0,
0.0,
0.0,
0.0,
0.0,
0.0,
0.0,
0.0,
0.0,
0.0,
0.0,
0.0,
0.0,
0.0,
0.0,
0.0,
0.0,
0.0,
0.0,
0.0,
0.0,
0.0,
0.0,
0.0,
0.0,
0.0,
0.0,
0.0,
0.0,
0.0,
0.0,
0.0,
0.0,
0.0,
0.0,
0.0,
0.0,
0.0,
0.0,
0.0,
0.0,
0.0,
0.0,
0.0,
0.0,
0.0,
0.0,
0.0,
0.0,
0.0,
0.0,
0.0,
0.0,
0.0,
0.0,
0.0,
0.0,
0.0,
0.0,
0.0,
0.0,
0.0,
0.0,
0.0,
0.0,
0.0,
0.0,
0.0,
0.0,
0.0,
0.0,
0.0,
0.0,
0.0,
0.0,
0.0,
0.0,
0.0,
0.0,
0.0,
0.0,
0.0,
0.0,
0.0,
0.0,
0.0,
0.0,
0.0,
0.0,
0.0,
0.0,
0.0,
0.0,
0.0,
0.0,
0.0,
0.0,
0.0,
0.0,
0.0,
0.0,
0.0,
0.0,
0.0,
0.0,
0.0,
0.0,
0.0,
0.0,
0.0,
0.0,
0.0,
0.0,
0.0,
0.0,
0.0,
0.0,
0.0,
0.0,
0.0,
0.0,
0.0,
0.0,
0.0,
0.0,
0.0,
0.0,
0.0,
0.0,
0.0,
0.0,
0.0,
0.0,
0.0,
0.0,
0.0,
0.0,
0.0,
0.0,
0.0,
0.0,
0.0,
0.0,
0.0,
0.0,
0.0,
0.0,
0.0,
0.0,
0.0,
0.0,
0.0,
0.0,
0.0,
0.0,
0.0,
0.0,
0.0,
0.0,
0.0,
0.0,
0.0,
0.0,
0.0,
0.0,
0.0,
0.0,
0.0,
0.0,
0.0,
0.0,
0.0,
0.0,
0.0,
0.0,
0.0,
0.0,
0.0,
0.0,
0.0,
0.0,
0.0,
0.0,
0.0,
0.0,
0.0,
0.0,
0.0,
0.0,
0.0,
0.0,
0.0,
0.0,
0.0,
0.0,
0.0,
0.0,
0.0,
0.0,
0.0,
0.0,
0.0,
0.0,
0.0,
0.0,
0.0,
0.0,
0.0,
0.0,
0.0,
0.0,
0.0,
0.0,
0.0,
0.0,
0.0,
0.0,
0.0,
0.0,
0.0,
0.0,
0.0,
0.0,
0.0,
0.0,
0.0,
0.0,
0.0,
0.0,
0.0,
0.0,
0.0,
0.0,
0.0,
0.0,
0.0,
0.0,
0.0,
0.0,
0.0,
0.0,
0.0,
0.0,
0.0,
0.0,
0.0,
0.0,
0.0,
0.0,
0.0,
0.0,
0.0,
0.0,
0.0,
0.0,
0.0,
0.0,
0.0,
0.0,
0.0,
0.0,
0.0,
0.0,
0.0,
0.0,
0.0,
0.0,
0.0,
0.0,
0.0,
0.0,
0.0,
0.0,
0.0,
0.0,
0.0,
0.0,
0.0,
0.0,
0.0,
0.0,
0.0,
0.0,
0.0,
0.0,
0.0,
0.0,
0.0,
0.0,
0.0,
0.0,
0.0,
0.0,
0.0,
0.0,
0.0,
0.0,
0.0,
0.0,
0.0,
0.0,
0.0,
0.0,
0.0,
0.0,
0.0,
0.0,
0.0,
0.0,
0.0,
0.0,
0.0,
0.0,
0.0,
0.0,
0.0,
0.0,
0.0,
0.0,
0.0,
0.0,
0.0,
0.0,
0.0,
0.0,
0.0,
0.0,
0.0,
0.0,
0.0,
0.0,
0.0,
0.0,
0.0,
0.0,
0.0,
0.0,
0.0,
0.0,
0.0,
0.0,
0.0,
0.0,
0.0,
0.0,
0.0,
0.0,
0.0,
0.0,
0.0,
0.0,
0.0,
0.0,
0.0,
0.0,
0.0,
0.0,
0.0,
0.0,
0.0,
0.0,
0.0,
0.0,
0.0,
0.0,
0.0,
0.0,
0.0,
0.0,
0.0,
0.0,
0.0,
0.0,
0.0,
0.0,
0.0,
0.0,
0.0,
0.0,
0.0,
0.0,
0.0,
0.0,
0.0,
0.0,
0.0,
0.0,
0.0,
0.0,
0.0,
0.0,
0.0,
0.0,
0.0,
0.0,
0.0,
0.0,
0.0,
0.0,
0.0,
0.0,
0.0,
0.0,
0.0,
0.0,
0.0,
0.0,
0.0,
0.0,
0.0,
0.0,
0.0,
0.0,
0.0,
0.0,
0.0,
0.0,
0.0,
0.0,
0.0,
0.0,
0.0,
0.0,
0.0,
0.0,
0.0,
0.0,
0.0,
0.0,
0.0,
0.0,
0.0,
0.0,
0.0,
0.0,
0.0,
0.0,
0.0,
0.0,
0.0,
0.0,
0.0,
0.0,
0.0,
0.0,
0.0,
0.0,
0.0,
0.0,
0.0,
0.0,
0.0,
0.0,
0.0,
0.0,
0.0,
0.0,
0.0,
0.0,
0.0,
0.0,
0.0,
0.0,
0.0,
0.0,
0.0,
0.0,
0.0,
0.0,
0.0,
0.0,
0.0,
0.0,
0.0,
0.0,
0.0,
0.0,
0.0,
0.0,
0.0,
0.0,
0.0,
0.0,
0.0,
0.0,
0.0,
0.0,
0.0,
0.0,
0.0,
0.0,
0.0,
0.0,
0.0,
0.0,
0.0,
0.0,
0.0,
0.0,
0.0,
0.0,
0.0,
0.0,
0.0,
0.0,
0.0,
0.0,
0.0,
0.0,
0.0,
0.0,
0.0,
0.0,
0.0,
0.0,
0.0,
0.0,
0.0,
0.0,
0.0,
0.0,
0.0,
0.0,
0.0,
0.0,
0.0,
0.0,
0.0,
0.0,
0.0,
0.0,
0.0,
0.0,
0.0,
0.0,
0.0,
0.0,
0.0,
0.0,
0.0,
0.0,
0.0,
0.0,
0.0,
0.0,
0.0,
0.0,
0.0,
0.0,
0.0,
0.0,
0.0,
0.0,
0.0,
0.0,
0.0,
0.0,
0.0,
0.0,
0.0,
0.0,
0.0,
0.0,
0.0,
0.0,
0.0,
0.0,
0.0,
0.0,
0.0,
0.0,
0.0,
0.0,
0.0,
0.0,
0.0,
0.0,
0.0,
0.0,
0.0,
0.0,
0.0,
0.0,
0.0,
0.0,
0.0,
0.0,
0.0,
0.0,
0.0,
0.0,
0.0,
0.0,
0.0,
0.0,
0.0,
0.0,
0.0,
0.0,
0.0,
0.0,
0.0,
0.0,
0.0,
0.0,
0.0,
0.0,
0.0,
0.0,
0.0,
0.0,
0.0,
0.0,
0.0,
0.0,
0.0,
0.0,
0.0,
0.0,
0.0,
0.0,
0.0,
0.0,
0.0,
0.0,
0.0,
0.0,
0.0,
0.0,
0.0,
0.0,
0.0,
0.0,
0.0,
0.0,
0.0,
0.0,
0.0,
0.0,
0.0,
0.0,
0.0,
0.0,
0.0,
0.0,
0.0,
0.0,
0.0,
0.0,
0.0,
0.0,
0.0,
0.0,
0.0,
0.0,
0.0,
0.0,
0.0,
0.0,
0.0,
0.0,
0.0,
0.0,
0.0,
0.0,
0.0,
0.0,
0.0,
0.0,
0.0,
0.0,
0.0,
0.0,
0.0,
0.0,
0.0,
0.0,
0.0,
0.0,
0.0,
0.0,
0.0,
0.0,
0.0,
0.0,
0.0,
0.0,
0.0,
0.0,
0.0,
0.0,
0.0,
0.0,
0.0,
0.0,
0.0,
0.0,
0.0,
0.0,
0.0,
0.0,
0.0,
0.0,
0.0,
0.0,
0.0,
0.0,
0.0,
0.0,
0.0,
0.0,
0.0,
0.0,
0.0,
0.0,
0.0,
0.0,
0.0,
0.0,
0.0,
0.0,
0.0,
0.0,
0.0,
0.0,
0.0,
0.0,
0.0,
0.0,
0.0,
0.0,
0.0,
0.0,
0.0,
0.0,
0.0,
0.0,
0.0,
0.0,
0.0,
0.0,
0.0,
0.0,
0.0,
0.0,
0.0,
0.0,
0.0,
0.0,
0.0,
0.0,
0.0,
0.0,
0.0,
0.0,
0.0,
0.0,
0.0,
0.0,
0.0,
0.0,
0.0,
0.0,
0.0,
0.0,
0.0,
0.0,
0.0,
0.0,
0.0,
0.0,
0.0,
0.0,
0.0,
0.0,
0.0,
0.0,
0.0,
0.0,
0.0,
0.0,
0.0,
0.0,
0.0,
0.0,
0.0,
0.0,
0.0,
0.0,
0.0,
0.0,
0.0,
0.0,
0.0,
0.0,
0.0,
0.0,
0.0,
0.0,
0.0,
0.0,
0.0,
0.0,
0.0,
0.0,
0.0,
0.0,
0.0,
0.0,
0.0,
0.0,
0.0,
0.0,
0.0,
0.0,
0.0,
0.0,
0.0,
0.0,
0.0,
0.0,
0.0,
0.0,
0.0,
0.0,
0.0,
0.0,
0.0,
0.0,
0.0,
0.0,
0.0,
0.0,
0.0,
0.0,
0.0,
0.0,
0.0,
0.0,
0.0,
0.0,
0.0,
0.0,
0.0,
0.0,
0.0,
0.0,
0.0,
0.0,
0.0,
0.0,
0.0,
0.0,
0.0,
0.0,
0.0,
0.0,
0.0,
0.0,
0.0,
0.0,
0.0,
0.0,
0.0,
0.0,
0.0,
0.0,
0.0,
0.0,
0.0,
0.0,
0.0,
0.0,
0.0,
0.0,
0.0,
0.0,
0.0,
0.0,
0.0,
0.0,
0.0,
0.0,
0.0,
0.0,
0.0,
0.0,
0.0,
0.0,
0.0,
0.0,
0.0,
0.0,
0.0,
0.0,
0.0,
0.0,
0.0,
0.0,
0.0,
0.0,
0.0,
0.0,
0.0,
0.0,
0.0,
0.0,
0.0,
0.0,
0.0,
0.0,
0.0,
0.0,
0.0,
0.0,
0.0,
0.0,
0.0,
0.0,
0.0,
0.0,
0.0,
0.0,
0.0,
0.0,
0.0,
0.0,
0.0,
0.0,
0.0,
0.0,
0.0,
0.0,
0.0,
0.0,
0.0,
0.0,
0.0,
0.0,
0.0,
0.0,
0.0,
0.0,
0.0,
0.0,
0.0,
0.0,
0.0,
0.0,
0.0,
0.0,
0.0,
0.0,
0.0,
0.0,
0.0,
0.0,
0.0,
0.0,
0.0,
0.0,
0.0,
0.0,
0.0,
0.0,
0.0,
0.0,
0.0,
0.0,
0.0,
0.0,
0.0,
0.0,
0.0,
0.0,
0.0,
0.0,
0.0,
0.0,
0.0,
0.0,
0.0,
0.0,
0.0,
0.0,
0.0,
0.0,
0.0,
0.0,
0.0,
0.0,
0.0,
0.0,
0.0,
0.0,
0.0,
0.0,
0.0,
0.0,
0.0,
0.0,
0.0,
0.0,
0.0,
0.0,
0.0,
0.0,
0.0,
0.0,
0.0,
0.0,
0.0,
0.0,
0.0,
0.0,
0.0,
0.0,
0.0,
0.0,
0.0,
0.0,
0.0,
0.0,
0.0,
0.0,
0.0,
0.0,
0.0,
0.0,
0.0,
0.0,
0.0,
0.0,
0.0,
0.0,
0.0,
0.0,
0.0,
0.0,
0.0,
0.0,
0.0,
0.0,
0.0,
0.0,
0.0,
0.0,
0.0,
0.0,
0.0,
0.0,
0.0,
0.0,
0.0,
0.0,
0.0,
0.0,
0.0,
0.0,
0.0,
0.0,
0.0,
0.0,
0.0,
0.0,
0.0,
0.0,
0.0,
0.0,
0.0,
0.0,
0.0,
0.0,
0.0,
0.0,
0.0,
0.0,
0.0,
0.0,
0.0,
0.0,
0.0,
0.0,
0.0,
0.0,
0.0,
0.0,
0.0,
0.0,
0.0,
0.0,
0.0,
0.0,
0.0,
0.0,
0.0,
0.0,
0.0,
0.0,
0.0,
0.0,
0.0,
0.0,
0.0,
0.0,
0.0,
0.0,
0.0,
0.0,
0.0,
0.0,
0.0,
0.0,
0.0,
0.0,
0.0,
0.0,
0.0,
0.0,
0.0,
0.0,
0.0,
0.0,
0.0,
0.0,
0.0,
0.0,
0.0,
0.0,
0.0,
0.0,
0.0,
0.0,
0.0,
0.0,
0.0,
0.0,
0.0,
0.0,
0.0,
0.0,
0.0,
0.0,
0.0,
0.0,
0.0,
0.0,
0.0,
0.0,
0.0,
0.0,
0.0,
0.0,
0.0,
0.0,
0.0,
0.0,
0.0,
0.0,
0.0,
0.0,
0.0,
0.0,
0.0,
0.0,
0.0,
0.0,
0.0,
0.0,
0.0,
0.0,
0.0,
0.0,
0.0,
0.0,
0.0,
0.0,
0.0,
0.0,
0.0,
0.0,
0.0,
0.0,
0.0,
0.0,
0.0,
0.0,
0.0,
0.0,
0.0,
0.0,
0.0,
0.0,
0.0,
0.0,
0.0,
0.0,
0.0,
0.0,
0.0,
0.0,
0.0,
0.0,
0.0,
0.0,
0.0,
0.0,
0.0,
0.0,
0.0,
0.0,
0.0,
0.0,
0.0,
0.0,
0.0,
0.0,
0.0,
0.0,
0.0,
0.0,
0.0,
0.0,
0.0,
0.0,
0.0,
0.0,
0.0,
0.0,
0.0,
0.0,
0.0,
0.0,
0.0,
0.0,
0.0,
0.0,
0.0,
0.0,
0.0,
0.0,
0.0,
0.0,
0.0,
0.0,
0.0,
0.0,
0.0,
0.0,
0.0,
0.0,
0.0,
0.0,
0.0,
0.0,
0.0,
0.0,
0.0,
0.0,
0.0,
0.0,
0.0,
0.0,
0.0,
0.0,
0.0,
0.0,
0.0,
0.0,
0.0,
0.0,
0.0,
0.0,
0.0,
0.0,
0.0,
0.0,
0.0,
0.0,
0.0,
0.0,
0.0,
0.0,
0.0,
0.0,
0.0,
0.0,
0.0,
0.0,
0.0,
0.0,
0.0,
0.0,
0.0,
0.0,
0.0,
0.0,
0.0,
0.0,
0.0,
0.0,
0.0,
0.0,
0.0,
0.0,
0.0,
0.0,
0.0,
0.0,
0.0,
0.0,
0.0,
0.0,
0.0,
0.0,
0.0,
0.0,
0.0,
0.0,
0.0,
0.0,
0.0,
0.0,
0.0,
0.0,
0.0,
0.0,
0.0,
0.0,
0.0,
0.0,
0.0,
0.0,
0.0,
0.0,
0.0,
0.0,
0.0,
0.0,
0.0,
0.0,
0.0,
0.0,
0.0,
0.0,
0.0,
0.0,
0.0,
0.0,
0.0,
0.0,
0.0,
0.0,
0.0,
0.0,
0.0,
0.0,
0.0,
0.0,
0.0,
0.0,
0.0,
0.0,
0.0,
0.0,
0.0,
0.0,
0.0,
0.0,
0.0,
0.0,
0.0,
0.0,
0.0,
0.0,
0.0,
0.0,
0.0,
0.0,
0.0,
0.0,
0.0,
0.0,
0.0,
0.0,
0.0,
0.0,
0.0,
0.0,
0.0,
0.0,
0.0,
0.0,
0.0,
0.0,
0.0,
0.0,
0.0,
0.0,
0.0,
0.0,
0.0,
0.0,
0.0,
0.0,
0.0,
0.0,
0.0,
0.0,
0.0,
0.0,
0.0,
0.0,
0.0,
0.0,
0.0,
0.0,
0.0,
0.0,
0.0,
0.0,
0.0,
0.0,
0.0,
0.0,
0.0,
0.0,
0.0,
0.0,
0.0,
0.0,
0.0,
0.0,
0.0,
0.0,
0.0,
0.0,
0.0,
0.0,
0.0,
0.0,
0.0,
0.0,
0.0,
0.0,
0.0,
0.0,
0.0,
0.0,
0.0,
0.0,
0.0,
0.0,
0.0,
0.0,
0.0,
0.0,
0.0,
0.0,
0.0,
0.0,
0.0,
0.0,
0.0,
0.0,
0.0,
0.0,
0.0,
0.0,
0.0,
0.0,
0.0,
0.0,
0.0,
0.0,
0.0,
0.0,
0.0,
0.0,
0.0,
0.0,
0.0,
0.0,
0.0,
0.0,
0.0,
0.0,
0.0,
0.0,
0.0,
0.0,
0.0,
0.0,
0.0,
0.0,
0.0,
0.0,
0.0,
0.0,
0.0,
0.0,
0.0,
0.0,
0.0,
0.0,
0.0,
0.0,
0.0,
0.0,
0.0,
0.0,
0.0,
0.0,
0.0,
0.0,
