1.0757267475128174,
1.0797230005264282,
1.081331729888916,
1.08232843875885,
1.08280611038208,
1.0830074548721313,
1.083282470703125,
1.0834985971450806,
1.083634614944458,
1.083882451057434,
1.083916425704956,
1.0839731693267822,
1.0842119455337524,
1.0844000577926636,
1.0844959020614624,
1.084700107574463,
1.084730625152588,
1.084686279296875,
1.084825873374939,
1.0848090648651123,
1.0849268436431885,
1.0849379301071167,
1.0849127769470215,
1.084951400756836,
1.0849915742874146,
1.0850732326507568,
1.0851114988327026,
1.0850930213928223,
1.0851032733917236,
1.0851352214813232,
1.0850895643234253,
1.0849770307540894,
1.0850342512130737,
1.0849891901016235,
1.0849581956863403,
1.085084080696106,
1.0851407051086426,
1.0851526260375977,
1.0853698253631592,
1.085340142250061,
1.0853217840194702,
1.085221529006958,
1.0851088762283325,
1.0850318670272827,
1.0850580930709839,
1.0850377082824707,
1.0851365327835083,
1.084972858428955,
1.0848766565322876,
1.084930419921875,
1.0850616693496704,
1.0849180221557617,
1.0849765539169312,
1.0848541259765625,
1.084742784500122,
1.0846861600875854,
1.0845791101455688,
1.0845105648040771,
1.0846378803253174,
1.0845264196395874,
1.084545612335205,
1.0845818519592285,
1.084539532661438,
1.084444522857666,
1.0844939947128296,
1.0845038890838623,
1.0844005346298218,
1.0844756364822388,
1.0843055248260498,
1.0843522548675537,
1.0842713117599487,
1.084122657775879,
1.0841310024261475,
1.0841076374053955,
1.0840575695037842,
1.0840861797332764,
1.0840167999267578,
1.0837515592575073,
1.0838043689727783,
1.0836704969406128,
1.083634376525879,
1.0835415124893188,
1.0834749937057495,
1.0834561586380005,
1.083543300628662,
1.0836145877838135,
1.083367943763733,
1.083358883857727,
1.0832364559173584,
1.083485722541809,
1.0832433700561523,
1.0832901000976562,
1.0831270217895508,
1.0830309391021729,
1.0828745365142822,
1.082851529121399,
1.0827325582504272,
1.0826308727264404,
1.0826506614685059,
1.082543134689331,
1.08265221118927,
1.0824421644210815,
1.082319736480713,
1.0821311473846436,
1.082088589668274,
1.081978678703308,
1.082049012184143,
1.0819766521453857,
1.0818707942962646,
1.0819203853607178,
1.0818216800689697,
1.0818226337432861,
1.081748604774475,
1.0815783739089966,
1.081264615058899,
1.0813544988632202,
1.0812584161758423,
1.0811866521835327,
1.0810775756835938,
1.0808509588241577,
1.0807785987854004,
1.0807757377624512,
1.0806763172149658,
1.0805643796920776,
1.0805189609527588,
1.0802358388900757,
1.0804057121276855,
1.0802171230316162,
1.0801063776016235,
1.0800094604492188,
1.079932451248169,
1.0797197818756104,
1.0798475742340088,
1.0797808170318604,
1.0794215202331543,
1.0794341564178467,
1.0793181657791138,
1.0792115926742554,
1.0791523456573486,
1.0790424346923828,
1.0789426565170288,
1.0787677764892578,
1.0787004232406616,
1.0786477327346802,
1.0785017013549805,
1.0782591104507446,
1.0782798528671265,
1.0781445503234863,
1.0778827667236328,
1.0778841972351074,
1.0777547359466553,
1.0776035785675049,
1.0774503946304321,
1.0773755311965942,
1.0770853757858276,
1.0759358406066895,
1.0771315097808838,
1.0768615007400513,
1.0768831968307495,
1.0766839981079102,
1.0765936374664307,
1.0765407085418701,
1.0763601064682007,
1.0761650800704956,
1.0762014389038086,
1.0759179592132568,
1.0759106874465942,
1.0757896900177002,
1.0755391120910645,
1.0754799842834473,
1.0753283500671387,
1.0751768350601196,
1.0751724243164062,
1.0748845338821411,
1.0746288299560547,
1.074567437171936,
1.074507474899292,
1.074416995048523,
1.0742998123168945,
1.0740963220596313,
1.0740197896957397,
1.0739561319351196,
1.0737268924713135,
1.073659896850586,
1.073566198348999,
1.0732921361923218,
1.0732898712158203,
1.0731648206710815,
1.07301664352417,
1.0728697776794434,
1.0726710557937622,
1.0724629163742065,
1.0723893642425537,
1.0723127126693726,
1.072249174118042,
1.072101354598999,
1.0718543529510498,
1.0716722011566162,
1.0715265274047852,
1.0713801383972168,
1.0712721347808838,
1.0711032152175903,
1.0709238052368164,
1.0709352493286133,
1.0708457231521606,
1.070752739906311,
1.0705574750900269,
1.070311188697815,
1.0702182054519653,
1.070127010345459,
1.0700355768203735,
1.0697039365768433,
1.0695738792419434,
1.0693200826644897,
1.0692973136901855,
1.069047212600708,
1.0688836574554443,
1.0688809156417847,
1.0686746835708618,
1.068475604057312,
1.0684783458709717,
1.0681976079940796,
1.0679467916488647,
1.0678688287734985,
1.0676649808883667,
1.0675290822982788,
1.067392110824585,
1.067208170890808,
1.0669748783111572,
1.0669944286346436,
1.0667613744735718,
1.0665521621704102,
1.0664421319961548,
1.066162109375,
1.066281795501709,
1.0659995079040527,
1.0658472776412964,
1.0656546354293823,
1.0654276609420776,
1.065099835395813,
1.0650333166122437,
1.0648977756500244,
1.0647830963134766,
1.064659595489502,
1.064368486404419,
1.0640264749526978,
1.0640264749526978,
1.0605826377868652,
1.0624685287475586,
1.0627117156982422,
1.0628615617752075,
1.062825322151184,
1.0627340078353882,
1.062727451324463,
1.062601923942566,
1.0624351501464844,
1.0622745752334595,
1.062201738357544,
1.0621391534805298,
1.0620287656784058,
1.0617475509643555,
1.0616159439086914,
1.061488389968872,
1.0613664388656616,
1.061134934425354,
1.0609487295150757,
1.0607905387878418,
1.0606485605239868,
1.0605921745300293,
1.0604254007339478,
1.0602651834487915,
1.060125708580017,
1.05989408493042,
1.0597248077392578,
1.059648036956787,
1.059457778930664,
1.0592597723007202,
1.0588970184326172,
1.0587425231933594,
1.0585325956344604,
1.058420181274414,
1.0582973957061768,
1.0581088066101074,
1.05791175365448,
1.057695746421814,
1.0573900938034058,
1.0572291612625122,
1.0570151805877686,
1.056860327720642,
1.0565992593765259,
1.0564285516738892,
1.0563075542449951,
1.0560773611068726,
1.055896282196045,
1.0556795597076416,
1.0555088520050049,
1.0553659200668335,
1.0551226139068604,
1.0548624992370605,
1.054693341255188,
1.0543502569198608,
1.054109811782837,
1.0538800954818726,
1.0535858869552612,
1.0533307790756226,
1.0532115697860718,
1.0528925657272339,
1.052660584449768,
1.0526102781295776,
1.0521317720413208,
1.0517805814743042,
1.0516083240509033,
1.05131196975708,
1.0511603355407715,
1.0508577823638916,
1.050562858581543,
1.0504621267318726,
1.0501927137374878,
1.0498241186141968,
1.049639344215393,
1.049299716949463,
1.0489379167556763,
1.0487929582595825,
1.0484588146209717,
1.0481493473052979,
1.0478920936584473,
1.0475730895996094,
1.0471404790878296,
1.046993613243103,
1.0466796159744263,
1.0463347434997559,
1.046181559562683,
1.0458394289016724,
1.0454005002975464,
1.045135498046875,
1.0448172092437744,
1.0445483922958374,
1.0441622734069824,
1.0438218116760254,
1.0435463190078735,
1.0433403253555298,
1.0430186986923218,
1.042698860168457,
1.0424309968948364,
1.0421711206436157,
1.041699767112732,
1.0413825511932373,
1.0410890579223633,
1.04063880443573,
1.0402940511703491,
1.0400080680847168,
1.039550542831421,
1.0391422510147095,
1.038887858390808,
1.038476586341858,
1.0380897521972656,
1.0377446413040161,
1.03730046749115,
1.036849021911621,
1.0366078615188599,
1.0360326766967773,
1.0357987880706787,
1.035537838935852,
1.035223126411438,
1.0349968671798706,
1.0346802473068237,
1.034286618232727,
1.0338019132614136,
1.0334707498550415,
1.0330564975738525,
1.0326250791549683,
1.0321906805038452,
1.0319243669509888,
1.0313947200775146,
1.0309139490127563,
1.030517816543579,
1.0301321744918823,
1.0296847820281982,
1.0293543338775635,
1.0289474725723267,
1.0284000635147095,
1.0279062986373901,
1.027455449104309,
1.0270065069198608,
1.0264426469802856,
1.0259603261947632,
1.0255296230316162,
1.025169014930725,
1.0246700048446655,
1.0241374969482422,
1.0236656665802002,
1.0231847763061523,
1.0225788354873657,
1.0220626592636108,
1.021496295928955,
1.0210256576538086,
1.0204854011535645,
1.0198684930801392,
1.0193203687667847,
1.0186543464660645,
1.0181118249893188,
1.0175925493240356,
1.01702880859375,
1.0164419412612915,
1.0157082080841064,
1.0150740146636963,
1.0144500732421875,
1.0137964487075806,
1.0131396055221558,
1.0124421119689941,
1.0118496417999268,
1.0113004446029663,
1.0106337070465088,
1.0098739862442017,
1.009250521659851,
1.0086348056793213,
1.007908582687378,
1.007178544998169,
1.0064222812652588,
1.0056220293045044,
1.0049821138381958,
1.0038769245147705,
1.0034070014953613,
1.0026479959487915,
1.0018926858901978,
1.0011042356491089,
1.0001940727233887,
0.9992851614952087,
0.9984341859817505,
0.9976083040237427,
0.9966768622398376,
0.995730459690094,
0.9947212934494019,
0.9938685297966003,
0.9930937886238098,
0.9919887185096741,
0.9908522367477417,
0.9899284243583679,
0.9890050292015076,
0.9878716468811035,
0.9867603778839111,
0.9860056042671204,
0.9848331212997437,
0.9834631085395813,
0.9826911091804504,
0.9813562035560608,
0.980410635471344,
0.9788813591003418,
0.9782160520553589,
0.9769314527511597,
0.9754418134689331,
0.974207878112793,
0.9728761911392212,
0.9721522927284241,
0.9704973101615906,
0.9694938063621521,
0.9682585000991821,
0.9669747948646545,
0.9652302265167236,
0.9639115929603577,
0.9627890586853027,
0.961808979511261,
0.9602797031402588,
0.9587880969047546,
0.9576222896575928,
0.9560973644256592,
0.9544124603271484,
0.9530156254768372,
0.9516856670379639,
0.9504557251930237,
0.9488180875778198,
0.9472424387931824,
0.9457727074623108,
0.9442788362503052,
0.942514955997467,
0.9409498572349548,
0.9393085837364197,
0.9378421306610107,
0.9364497661590576,
0.9347406625747681,
0.9333118796348572,
0.9314531683921814,
0.9297170042991638,
0.9281213879585266,
0.9266690611839294,
0.925110936164856,
0.9233281016349792,
0.9217067360877991,
0.9202325344085693,
0.9181438088417053,
0.9169129133224487,
0.9152595400810242,
0.9133343696594238,
0.911859393119812,
0.9099368453025818,
0.9083073735237122,
0.9066941738128662,
0.9051363468170166,
0.9029210209846497,
0.9015533328056335,
0.8996427655220032,
0.8980546593666077,
0.8963677287101746,
0.8945922255516052,
0.8924878239631653,
0.8910200595855713,
0.889070987701416,
0.8874224424362183,
0.8855989575386047,
0.8839021921157837,
0.8822212219238281,
0.8806191682815552,
0.8789782524108887,
0.8771897554397583,
0.8752208352088928,
0.8733539581298828,
0.8715660572052002,
0.869581401348114,
0.8677136301994324,
0.8658610582351685,
0.8640094995498657,
0.8620889782905579,
0.8602281212806702,
0.8583909273147583,
0.8564640283584595,
0.8545592427253723,
0.852526068687439,
0.8504475355148315,
0.8481012582778931,
0.846053957939148,
0.8447338342666626,
0.8428475856781006,
0.8408001661300659,
0.8389720320701599,
0.8368502259254456,
0.83501136302948,
0.8324170112609863,
0.8310554623603821,
0.8288326263427734,
0.8269938230514526,
0.8269938230514526,
0.0,
0.0,
0.0,
0.0,
0.0,
0.0,
0.0,
0.0,
0.0,
0.0,
0.0,
0.0,
0.0,
0.0,
0.0,
0.0,
0.0,
0.0,
0.0,
0.0,
0.0,
0.0,
0.0,
0.0,
0.0,
0.0,
0.0,
0.0,
0.0,
0.0,
0.0,
0.0,
0.0,
0.0,
0.0,
0.0,
0.0,
0.0,
0.0,
0.0,
0.0,
0.0,
0.0,
0.0,
0.0,
0.0,
0.0,
0.0,
0.0,
0.0,
0.0,
0.0,
0.0,
0.0,
0.0,
0.0,
0.0,
0.0,
0.0,
0.0,
0.0,
0.0,
0.0,
0.0,
0.0,
0.0,
0.0,
0.0,
0.0,
0.0,
0.0,
0.0,
0.0,
0.0,
0.0,
0.0,
0.0,
0.0,
0.0,
0.0,
0.0,
0.0,
0.0,
0.0,
0.0,
0.0,
0.0,
0.0,
0.0,
0.0,
0.0,
0.0,
0.0,
0.0,
0.0,
0.0,
0.0,
0.0,
0.0,
0.0,
0.0,
0.0,
0.0,
0.0,
0.0,
0.0,
0.0,
0.0,
0.0,
0.0,
0.0,
0.0,
0.0,
0.0,
0.0,
0.0,
0.0,
0.0,
0.0,
0.0,
0.0,
0.0,
0.0,
0.0,
0.0,
0.0,
0.0,
0.0,
0.0,
0.0,
0.0,
0.0,
0.0,
0.0,
0.0,
0.0,
0.0,
0.0,
0.0,
0.0,
0.0,
0.0,
0.0,
0.0,
0.0,
0.0,
0.0,
0.0,
0.0,
0.0,
0.0,
0.0,
0.0,
0.0,
0.0,
0.0,
0.0,
0.0,
0.0,
0.0,
0.0,
0.0,
0.0,
0.0,
0.0,
0.0,
0.0,
0.0,
0.0,
0.0,
0.0,
0.0,
0.0,
0.0,
0.0,
0.0,
0.0,
0.0,
0.0,
0.0,
0.0,
0.0,
0.0,
0.0,
0.0,
0.0,
0.0,
0.0,
0.0,
0.0,
0.0,
0.0,
0.0,
0.0,
0.0,
0.0,
0.0,
0.0,
0.0,
0.0,
0.0,
0.0,
0.0,
0.0,
0.0,
0.0,
0.0,
0.0,
0.0,
0.0,
0.0,
0.0,
0.0,
0.0,
0.0,
0.0,
0.0,
0.0,
0.0,
0.0,
0.0,
0.0,
0.0,
0.0,
0.0,
0.0,
0.0,
0.0,
0.0,
0.0,
0.0,
0.0,
0.0,
0.0,
0.0,
0.0,
0.0,
0.0,
0.0,
0.0,
0.0,
0.0,
0.0,
0.0,
0.0,
0.0,
0.0,
0.0,
0.0,
0.0,
0.0,
0.0,
0.0,
0.0,
0.0,
0.0,
0.0,
0.0,
0.0,
0.0,
0.0,
0.0,
0.0,
0.0,
0.0,
0.0,
0.0,
0.0,
0.0,
0.0,
0.0,
0.0,
0.0,
0.0,
0.0,
0.0,
0.0,
0.0,
0.0,
0.0,
0.0,
0.0,
0.0,
0.0,
0.0,
0.0,
0.0,
0.0,
0.0,
0.0,
0.0,
0.0,
0.0,
0.0,
0.0,
0.0,
0.0,
0.0,
0.0,
0.0,
0.0,
0.0,
0.0,
0.0,
0.0,
0.0,
0.0,
0.0,
0.0,
0.0,
0.0,
0.0,
0.0,
0.0,
0.0,
0.0,
0.0,
0.0,
0.0,
0.0,
0.0,
0.0,
0.0,
0.0,
0.0,
0.0,
0.0,
0.0,
0.0,
0.0,
0.0,
0.0,
0.0,
0.0,
0.0,
0.0,
0.0,
0.0,
0.0,
0.0,
0.0,
0.0,
0.0,
0.0,
0.0,
0.0,
0.0,
0.0,
0.0,
0.0,
0.0,
0.0,
0.0,
0.0,
0.0,
0.0,
0.0,
0.0,
0.0,
0.0,
0.0,
0.0,
0.0,
0.0,
0.0,
0.0,
0.0,
0.0,
0.0,
0.0,
0.0,
0.0,
0.0,
0.0,
0.0,
0.0,
0.0,
0.0,
0.0,
0.0,
0.0,
0.0,
0.0,
0.0,
0.0,
0.0,
0.0,
0.0,
0.0,
0.0,
0.0,
0.0,
0.0,
0.0,
0.0,
0.0,
0.0,
0.0,
0.0,
0.0,
0.0,
0.0,
0.0,
0.0,
0.0,
0.0,
0.0,
0.0,
0.0,
0.0,
0.0,
0.0,
0.0,
0.0,
0.0,
0.0,
0.0,
0.0,
0.0,
0.0,
0.0,
0.0,
0.0,
0.0,
0.0,
0.0,
0.0,
0.0,
0.0,
0.0,
0.0,
0.0,
0.0,
0.0,
0.0,
0.0,
0.0,
0.0,
0.0,
0.0,
0.0,
0.0,
0.0,
0.0,
0.0,
0.0,
0.0,
0.0,
0.0,
0.0,
0.0,
0.0,
0.0,
0.0,
0.0,
0.0,
0.0,
0.0,
0.0,
0.0,
0.0,
0.0,
0.0,
0.0,
0.0,
0.0,
0.0,
0.0,
0.0,
0.0,
0.0,
0.0,
0.0,
0.0,
0.0,
0.0,
0.0,
0.0,
0.0,
0.0,
0.0,
0.0,
0.0,
0.0,
0.0,
0.0,
0.0,
0.0,
0.0,
0.0,
0.0,
0.0,
0.0,
0.0,
0.0,
0.0,
0.0,
0.0,
0.0,
0.0,
0.0,
0.0,
0.0,
0.0,
0.0,
0.0,
0.0,
0.0,
0.0,
0.0,
0.0,
0.0,
0.0,
0.0,
0.0,
0.0,
0.0,
0.0,
0.0,
0.0,
0.0,
0.0,
0.0,
0.0,
0.0,
0.0,
0.0,
0.0,
0.0,
0.0,
0.0,
0.0,
0.0,
0.0,
0.0,
0.0,
0.0,
0.0,
0.0,
0.0,
0.0,
0.0,
0.0,
0.0,
0.0,
0.0,
0.0,
0.0,
0.0,
0.0,
0.0,
0.0,
0.0,
0.0,
0.0,
0.0,
0.0,
0.0,
0.0,
0.0,
0.0,
0.0,
0.0,
0.0,
0.0,
0.0,
0.0,
0.0,
0.0,
0.0,
0.0,
0.0,
0.0,
0.0,
0.0,
0.0,
0.0,
0.0,
0.0,
0.0,
0.0,
0.0,
0.0,
0.0,
0.0,
0.0,
0.0,
0.0,
0.0,
0.0,
0.0,
0.0,
0.0,
0.0,
0.0,
0.0,
0.0,
0.0,
0.0,
0.0,
0.0,
0.0,
0.0,
0.0,
0.0,
0.0,
0.0,
0.0,
0.0,
0.0,
0.0,
0.0,
0.0,
0.0,
0.0,
0.0,
0.0,
0.0,
0.0,
0.0,
0.0,
0.0,
0.0,
0.0,
0.0,
0.0,
0.0,
0.0,
0.0,
0.0,
0.0,
0.0,
0.0,
0.0,
0.0,
0.0,
0.0,
0.0,
0.0,
0.0,
0.0,
0.0,
0.0,
0.0,
0.0,
0.0,
0.0,
0.0,
0.0,
0.0,
0.0,
0.0,
0.0,
0.0,
0.0,
0.0,
0.0,
0.0,
0.0,
0.0,
0.0,
0.0,
0.0,
0.0,
0.0,
0.0,
0.0,
0.0,
0.0,
0.0,
0.0,
0.0,
0.0,
0.0,
0.0,
0.0,
0.0,
0.0,
0.0,
0.0,
0.0,
0.0,
0.0,
0.0,
0.0,
0.0,
0.0,
0.0,
0.0,
0.0,
0.0,
0.0,
0.0,
0.0,
0.0,
0.0,
0.0,
0.0,
0.0,
0.0,
0.0,
0.0,
0.0,
0.0,
0.0,
0.0,
0.0,
0.0,
0.0,
0.0,
0.0,
0.0,
0.0,
0.0,
0.0,
0.0,
0.0,
0.0,
0.0,
0.0,
0.0,
0.0,
0.0,
0.0,
0.0,
0.0,
0.0,
0.0,
0.0,
0.0,
0.0,
0.0,
0.0,
0.0,
0.0,
0.0,
0.0,
0.0,
0.0,
0.0,
0.0,
0.0,
0.0,
0.0,
0.0,
0.0,
0.0,
0.0,
0.0,
0.0,
0.0,
0.0,
0.0,
0.0,
0.0,
0.0,
0.0,
0.0,
0.0,
0.0,
0.0,
0.0,
0.0,
0.0,
0.0,
0.0,
0.0,
0.0,
0.0,
0.0,
0.0,
0.0,
0.0,
0.0,
0.0,
0.0,
0.0,
0.0,
0.0,
0.0,
0.0,
0.0,
0.0,
0.0,
0.0,
0.0,
0.0,
0.0,
0.0,
0.0,
0.0,
0.0,
0.0,
0.0,
0.0,
0.0,
0.0,
0.0,
0.0,
0.0,
0.0,
0.0,
0.0,
0.0,
0.0,
0.0,
0.0,
0.0,
0.0,
0.0,
0.0,
0.0,
0.0,
0.0,
0.0,
0.0,
0.0,
0.0,
0.0,
0.0,
0.0,
0.0,
0.0,
0.0,
0.0,
0.0,
0.0,
0.0,
0.0,
0.0,
0.0,
0.0,
0.0,
0.0,
0.0,
0.0,
0.0,
0.0,
0.0,
0.0,
0.0,
0.0,
0.0,
0.0,
0.0,
0.0,
0.0,
0.0,
0.0,
0.0,
0.0,
0.0,
0.0,
0.0,
0.0,
0.0,
0.0,
0.0,
0.0,
0.0,
0.0,
0.0,
0.0,
0.0,
0.0,
0.0,
0.0,
0.0,
0.0,
0.0,
0.0,
0.0,
0.0,
0.0,
0.0,
0.0,
0.0,
0.0,
0.0,
0.0,
0.0,
0.0,
0.0,
0.0,
0.0,
0.0,
0.0,
0.0,
0.0,
0.0,
0.0,
0.0,
0.0,
0.0,
0.0,
0.0,
0.0,
0.0,
0.0,
0.0,
0.0,
0.0,
0.0,
0.0,
0.0,
0.0,
0.0,
0.0,
0.0,
0.0,
0.0,
0.0,
0.0,
0.0,
0.0,
0.0,
0.0,
0.0,
0.0,
0.0,
0.0,
0.0,
0.0,
0.0,
0.0,
0.0,
0.0,
0.0,
0.0,
0.0,
0.0,
0.0,
0.0,
0.0,
0.0,
0.0,
0.0,
0.0,
0.0,
0.0,
0.0,
0.0,
0.0,
0.0,
0.0,
0.0,
0.0,
0.0,
0.0,
0.0,
0.0,
0.0,
0.0,
0.0,
0.0,
0.0,
0.0,
0.0,
0.0,
0.0,
0.0,
0.0,
0.0,
0.0,
0.0,
0.0,
0.0,
0.0,
0.0,
0.0,
0.0,
0.0,
0.0,
0.0,
0.0,
0.0,
0.0,
0.0,
0.0,
0.0,
0.0,
0.0,
0.0,
0.0,
0.0,
0.0,
0.0,
0.0,
0.0,
0.0,
0.0,
0.0,
0.0,
0.0,
0.0,
0.0,
0.0,
0.0,
0.0,
0.0,
0.0,
0.0,
0.0,
0.0,
0.0,
0.0,
0.0,
0.0,
0.0,
0.0,
0.0,
0.0,
0.0,
0.0,
0.0,
0.0,
0.0,
0.0,
0.0,
0.0,
0.0,
0.0,
0.0,
0.0,
0.0,
0.0,
0.0,
0.0,
0.0,
0.0,
0.0,
0.0,
0.0,
0.0,
0.0,
0.0,
0.0,
0.0,
0.0,
0.0,
0.0,
0.0,
0.0,
0.0,
0.0,
0.0,
0.0,
0.0,
0.0,
0.0,
0.0,
0.0,
0.0,
0.0,
0.0,
0.0,
0.0,
0.0,
0.0,
0.0,
0.0,
0.0,
0.0,
0.0,
0.0,
0.0,
0.0,
0.0,
0.0,
0.0,
0.0,
0.0,
0.0,
0.0,
0.0,
0.0,
0.0,
0.0,
0.0,
0.0,
0.0,
0.0,
0.0,
0.0,
0.0,
0.0,
0.0,
0.0,
0.0,
0.0,
0.0,
0.0,
0.0,
0.0,
0.0,
0.0,
0.0,
0.0,
0.0,
0.0,
0.0,
0.0,
0.0,
0.0,
0.0,
0.0,
0.0,
0.0,
0.0,
0.0,
0.0,
0.0,
0.0,
0.0,
0.0,
0.0,
0.0,
0.0,
0.0,
0.0,
0.0,
0.0,
0.0,
0.0,
0.0,
0.0,
0.0,
0.0,
0.0,
0.0,
0.0,
0.0,
0.0,
0.0,
0.0,
0.0,
0.0,
0.0,
0.0,
0.0,
0.0,
0.0,
0.0,
0.0,
0.0,
0.0,
0.0,
0.0,
0.0,
0.0,
0.0,
0.0,
0.0,
0.0,
0.0,
0.0,
0.0,
0.0,
0.0,
0.0,
0.0,
0.0,
0.0,
0.0,
0.0,
0.0,
0.0,
0.0,
0.0,
0.0,
0.0,
0.0,
0.0,
0.0,
0.0,
0.0,
0.0,
0.0,
0.0,
0.0,
0.0,
0.0,
0.0,
0.0,
0.0,
0.0,
0.0,
0.0,
0.0,
0.0,
0.0,
0.0,
0.0,
0.0,
0.0,
0.0,
0.0,
0.0,
0.0,
0.0,
0.0,
0.0,
0.0,
0.0,
0.0,
0.0,
0.0,
0.0,
0.0,
0.0,
0.0,
0.0,
0.0,
0.0,
0.0,
0.0,
0.0,
0.0,
0.0,
0.0,
0.0,
0.0,
0.0,
0.0,
0.0,
0.0,
0.0,
0.0,
0.0,
0.0,
0.0,
0.0,
0.0,
0.0,
0.0,
0.0,
0.0,
0.0,
0.0,
0.0,
0.0,
0.0,
0.0,
0.0,
0.0,
0.0,
0.0,
0.0,
0.0,
0.0,
0.0,
0.0,
0.0,
0.0,
0.0,
0.0,
0.0,
0.0,
0.0,
0.0,
0.0,
0.0,
0.0,
0.0,
0.0,
0.0,
0.0,
0.0,
0.0,
0.0,
0.0,
0.0,
0.0,
0.0,
0.0,
0.0,
0.0,
0.0,
0.0,
0.0,
0.0,
0.0,
0.0,
0.0,
0.0,
0.0,
0.0,
0.0,
0.0,
0.0,
0.0,
0.0,
0.0,
0.0,
0.0,
0.0,
0.0,
0.0,
0.0,
0.0,
0.0,
0.0,
0.0,
0.0,
0.0,
0.0,
0.0,
0.0,
0.0,
0.0,
0.0,
0.0,
0.0,
0.0,
0.0,
0.0,
0.0,
0.0,
0.0,
0.0,
0.0,
0.0,
0.0,
0.0,
0.0,
0.0,
0.0,
0.0,
0.0,
0.0,
0.0,
0.0,
0.0,
0.0,
0.0,
0.0,
0.0,
0.0,
0.0,
0.0,
0.0,
0.0,
0.0,
0.0,
0.0,
0.0,
0.0,
0.0,
0.0,
0.0,
0.0,
0.0,
0.0,
0.0,
0.0,
0.0,
0.0,
0.0,
0.0,
0.0,
0.0,
0.0,
0.0,
0.0,
0.0,
0.0,
0.0,
0.0,
0.0,
0.0,
0.0,
0.0,
0.0,
0.0,
0.0,
0.0,
0.0,
0.0,
0.0,
0.0,
0.0,
0.0,
0.0,
0.0,
0.0,
0.0,
0.0,
0.0,
0.0,
0.0,
0.0,
0.0,
0.0,
0.0,
0.0,
0.0,
0.0,
0.0,
0.0,
0.0,
0.0,
0.0,
0.0,
0.0,
0.0,
0.0,
0.0,
0.0,
0.0,
0.0,
0.0,
0.0,
0.0,
0.0,
0.0,
0.0,
0.0,
0.0,
0.0,
0.0,
0.0,
0.0,
0.0,
0.0,
0.0,
0.0,
0.0,
0.0,
0.0,
0.0,
0.0,
0.0,
0.0,
0.0,
0.0,
0.0,
0.0,
0.0,
0.0,
0.0,
0.0,
0.0,
0.0,
0.0,
0.0,
0.0,
0.0,
0.0,
0.0,
0.0,
0.0,
0.0,
0.0,
0.0,
0.0,
0.0,
0.0,
0.0,
0.0,
0.0,
0.0,
0.0,
0.0,
0.0,
0.0,
0.0,
0.0,
0.0,
0.0,
0.0,
0.0,
0.0,
0.0,
0.0,
0.0,
0.0,
0.0,
0.0,
0.0,
0.0,
0.0,
0.0,
0.0,
0.0,
0.0,
0.0,
0.0,
0.0,
0.0,
0.0,
0.0,
0.0,
0.0,
0.0,
0.0,
0.0,
0.0,
0.0,
0.0,
0.0,
0.0,
0.0,
0.0,
0.0,
0.0,
0.0,
0.0,
0.0,
0.0,
0.0,
0.0,
0.0,
0.0,
0.0,
0.0,
0.0,
0.0,
0.0,
0.0,
0.0,
0.0,
0.0,
0.0,
0.0,
0.0,
0.0,
0.0,
0.0,
0.0,
0.0,
0.0,
0.0,
0.0,
0.0,
0.0,
0.0,
0.0,
0.0,
0.0,
0.0,
0.0,
0.0,
0.0,
0.0,
0.0,
0.0,
0.0,
0.0,
0.0,
0.0,
0.0,
0.0,
0.0,
0.0,
0.0,
0.0,
0.0,
0.0,
0.0,
0.0,
0.0,
0.0,
0.0,
0.0,
0.0,
0.0,
0.0,
0.0,
0.0,
0.0,
0.0,
0.0,
0.0,
0.0,
0.0,
0.0,
0.0,
0.0,
0.0,
0.0,
0.0,
0.0,
0.0,
0.0,
0.0,
0.0,
0.0,
0.0,
0.0,
0.0,
0.0,
0.0,
0.0,
0.0,
0.0,
0.0,
0.0,
0.0,
0.0,
0.0,
0.0,
0.0,
0.0,
0.0,
0.0,
0.0,
0.0,
0.0,
0.0,
0.0,
0.0,
0.0,
0.0,
0.0,
0.0,
0.0,
0.0,
0.0,
0.0,
0.0,
0.0,
0.0,
0.0,
0.0,
0.0,
0.0,
0.0,
0.0,
0.0,
0.0,
0.0,
0.0,
0.0,
0.0,
0.0,
0.0,
0.0,
0.0,
0.0,
0.0,
0.0,
0.0,
0.0,
0.0,
0.0,
0.0,
0.0,
0.0,
0.0,
0.0,
0.0,
0.0,
0.0,
0.0,
0.0,
0.0,
0.0,
0.0,
0.0,
0.0,
0.0,
0.0,
0.0,
0.0,
0.0,
0.0,
0.0,
0.0,
0.0,
0.0,
0.0,
0.0,
0.0,
0.0,
0.0,
0.0,
0.0,
0.0,
0.0,
0.0,
0.0,
0.0,
0.0,
0.0,
0.0,
0.0,
0.0,
0.0,
0.0,
0.0,
0.0,
0.0,
0.0,
0.0,
0.0,
0.0,
0.0,
0.0,
0.0,
0.0,
0.0,
0.0,
0.0,
0.0,
0.0,
0.0,
0.0,
0.0,
0.0,
0.0,
0.0,
0.0,
0.0,
0.0,
0.0,
0.0,
0.0,
0.0,
0.0,
0.0,
0.0,
0.0,
0.0,
0.0,
0.0,
0.0,
0.0,
0.0,
0.0,
0.0,
0.0,
0.0,
0.0,
0.0,
0.0,
0.0,
0.0,
0.0,
0.0,
0.0,
0.0,
0.0,
0.0,
0.0,
0.0,
0.0,
0.0,
0.0,
0.0,
0.0,
0.0,
0.0,
0.0,
0.0,
0.0,
0.0,
0.0,
0.0,
0.0,
0.0,
0.0,
0.0,
0.0,
