1.0682162046432495,
1.0715500116348267,
1.0732845067977905,
1.0743130445480347,
1.0742729902267456,
1.075073003768921,
1.0754612684249878,
1.0748107433319092,
1.0756902694702148,
1.0760785341262817,
1.0755715370178223,
1.0762420892715454,
1.0766805410385132,
1.0761784315109253,
1.0767637491226196,
1.0766698122024536,
1.0764527320861816,
1.0771121978759766,
1.0769495964050293,
1.0773394107818604,
1.077226996421814,
1.076938509941101,
1.0769410133361816,
1.0771540403366089,
1.0766785144805908,
1.0772359371185303,
1.077518343925476,
1.0769470930099487,
1.077392339706421,
1.0774736404418945,
1.0767145156860352,
1.0773290395736694,
1.0773037672042847,
1.0769851207733154,
1.0770090818405151,
1.0771831274032593,
1.0770424604415894,
1.0775281190872192,
1.0776773691177368,
1.0774964094161987,
1.0778632164001465,
1.0772860050201416,
1.0775468349456787,
1.0777463912963867,
1.0770925283432007,
1.0775506496429443,
1.0778621435165405,
1.076977252960205,
1.0774866342544556,
1.077776312828064,
1.077022910118103,
1.0775970220565796,
1.0777454376220703,
1.0769312381744385,
1.077502965927124,
1.0777100324630737,
1.0757449865341187,
1.0775692462921143,
1.077364206314087,
1.07712984085083,
1.0776488780975342,
1.077647089958191,
1.0773406028747559,
1.0776704549789429,
1.0769234895706177,
1.0772954225540161,
1.077621579170227,
1.0770509243011475,
1.0773745775222778,
1.0776023864746094,
1.0769060850143433,
1.0772886276245117,
1.077598214149475,
1.0767232179641724,
1.0775032043457031,
1.0762423276901245,
1.070648193359375,
1.0773251056671143,
1.0749077796936035,
1.0743682384490967,
1.0760815143585205,
1.0775210857391357,
1.0745267868041992,
1.0762386322021484,
1.076122522354126,
1.0771453380584717,
1.0772440433502197,
1.0771846771240234,
1.0769667625427246,
1.0771410465240479,
1.0766977071762085,
1.0769234895706177,
1.0767275094985962,
1.0761886835098267,
1.0766792297363281,
1.0769073963165283,
1.0759836435317993,
1.0765103101730347,
1.0767563581466675,
1.075907588005066,
1.076430082321167,
1.075148344039917,
1.0758709907531738,
1.0751944780349731,
1.0740644931793213,
1.074476718902588,
1.0761470794677734,
1.076361060142517,
1.0758520364761353,
1.0748202800750732,
1.0761431455612183,
1.0760095119476318,
1.076472520828247,
1.0758856534957886,
1.075789451599121,
1.0760107040405273,
1.0753097534179688,
1.0756418704986572,
1.0757322311401367,
1.0749788284301758,
1.0754891633987427,
1.075588583946228,
1.0736801624298096,
1.0717312097549438,
1.0707581043243408,
1.06503164768219,
1.0726721286773682,
1.073722004890442,
1.074520230293274,
1.0713424682617188,
1.0727683305740356,
1.0710185766220093,
1.064920425415039,
1.0721924304962158,
1.0722564458847046,
1.0697704553604126,
1.071938157081604,
1.0743240118026733,
1.074621319770813,
1.0740103721618652,
1.0743547677993774,
1.074450135231018,
1.073657512664795,
1.0703574419021606,
1.0728964805603027,
1.0694621801376343,
1.0737613439559937,
1.0726990699768066,
1.0718177556991577,
1.0736535787582397,
1.072832703590393,
1.0727483034133911,
1.0733822584152222,
1.073233723640442,
1.0728812217712402,
1.0731464624404907,
1.0728651285171509,
1.0727899074554443,
1.0730284452438354,
1.0727941989898682,
1.0726803541183472,
1.0716674327850342,
1.0687657594680786,
1.072434663772583,
1.0725570917129517,
1.071846842765808,
1.0723096132278442,
1.0722345113754272,
1.0709718465805054,
1.071982741355896,
1.071921944618225,
1.0712929964065552,
1.0717929601669312,
1.071851134300232,
1.0699357986450195,
1.0716150999069214,
1.071211576461792,
1.0710002183914185,
1.0689268112182617,
1.070199728012085,
1.0678764581680298,
1.0708431005477905,
1.070682168006897,
1.069493293762207,
1.0695706605911255,
1.0705821514129639,
1.070458173751831,
1.0704988241195679,
1.0699118375778198,
1.0692535638809204,
1.0693289041519165,
1.0684694051742554,
1.0702978372573853,
1.0701957941055298,
1.069135308265686,
1.0697497129440308,
1.0698494911193848,
1.0690041780471802,
1.0696613788604736,
1.0694537162780762,
1.0686091184616089,
1.0691105127334595,
1.0690898895263672,
1.0685346126556396,
1.0685629844665527,
1.0684974193572998,
1.0683642625808716,
1.0686092376708984,
1.0683009624481201,
1.0681008100509644,
1.0682615041732788,
1.0678391456604004,
1.0679703950881958,
1.0678550004959106,
1.067391037940979,
1.066502571105957,
1.0665466785430908,
1.0668786764144897,
1.066001296043396,
1.065950632095337,
1.0603731870651245,
1.0669666528701782,
1.0665029287338257,
1.0663055181503296,
1.0652703046798706,
1.0640510320663452,
1.063493013381958,
1.0662223100662231,
1.066141128540039,
1.0632829666137695,
1.065846562385559,
1.0655847787857056,
1.0655244588851929,
1.0656601190567017,
1.0638335943222046,
1.0651545524597168,
1.0651625394821167,
1.062079668045044,
1.064863920211792,
1.0648670196533203,
1.0640777349472046,
1.0642991065979004,
1.0642176866531372,
1.0637307167053223,
1.0639959573745728,
1.0628578662872314,
1.0620859861373901,
1.0637286901474,
1.0634931325912476,
1.0634931325912476,
1.058118462562561,
1.0613088607788086,
1.061213731765747,
1.061723232269287,
1.061816692352295,
1.0611971616744995,
1.061601161956787,
1.0614553689956665,
1.0607492923736572,
1.0613826513290405,
1.0598763227462769,
1.0610612630844116,
1.0609270334243774,
1.0607233047485352,
1.0606461763381958,
1.0607023239135742,
1.0601831674575806,
1.05791437625885,
1.0603092908859253,
1.0596449375152588,
1.0587600469589233,
1.0550785064697266,
1.0591425895690918,
1.0597203969955444,
1.057143211364746,
1.0552747249603271,
1.057962417602539,
1.0592091083526611,
1.0585442781448364,
1.0585613250732422,
1.0583703517913818,
1.058172345161438,
1.057381510734558,
1.0579063892364502,
1.0577462911605835,
1.0576997995376587,
1.0572116374969482,
1.0561598539352417,
1.0572301149368286,
1.056449294090271,
1.056643009185791,
1.0565439462661743,
1.0558665990829468,
1.0565229654312134,
1.0562664270401,
1.0553629398345947,
1.055801510810852,
1.0557475090026855,
1.0550203323364258,
1.0551786422729492,
1.0547822713851929,
1.0545672178268433,
1.0543229579925537,
1.0536342859268188,
1.0538835525512695,
1.0539737939834595,
1.0520851612091064,
1.0519520044326782,
1.0530171394348145,
1.0525866746902466,
1.046543002128601,
1.0525896549224854,
1.0519732236862183,
1.052133321762085,
1.051684856414795,
1.0511707067489624,
1.0476036071777344,
1.0472586154937744,
1.0505765676498413,
1.0506587028503418,
1.0503615140914917,
1.0500082969665527,
1.0497645139694214,
1.0493723154067993,
1.049288034439087,
1.049045443534851,
1.0460941791534424,
1.0486043691635132,
1.047196388244629,
1.047682523727417,
1.0477910041809082,
1.0474241971969604,
1.0467299222946167,
1.0467147827148438,
1.046724796295166,
1.043813943862915,
1.0459649562835693,
1.0453517436981201,
1.0453892946243286,
1.0439516305923462,
1.0444531440734863,
1.0440337657928467,
1.043899416923523,
1.043386459350586,
1.0437366962432861,
1.0432971715927124,
1.0423316955566406,
1.042447805404663,
1.0420454740524292,
1.0415695905685425,
1.041353702545166,
1.04123055934906,
1.0406233072280884,
1.0403902530670166,
1.0400757789611816,
1.038997769355774,
1.0355606079101562,
1.0347270965576172,
1.036041498184204,
1.0382755994796753,
1.0373976230621338,
1.037496566772461,
1.0371801853179932,
1.0362201929092407,
1.036267876625061,
1.035494327545166,
1.0344823598861694,
1.0336641073226929,
1.034665822982788,
1.0341397523880005,
1.0328534841537476,
1.0323599576950073,
1.0322996377944946,
1.0327354669570923,
1.0314522981643677,
1.0315488576889038,
1.0309096574783325,
1.0298057794570923,
1.0296696424484253,
1.0299437046051025,
1.028879165649414,
1.0285396575927734,
1.0282641649246216,
1.027197003364563,
1.0272233486175537,
1.0271222591400146,
1.025862455368042,
1.0258500576019287,
1.0250881910324097,
1.023801326751709,
1.0234845876693726,
1.0180637836456299,
1.021096110343933,
1.022314429283142,
1.0213993787765503,
1.0186107158660889,
1.0204412937164307,
1.0191833972930908,
1.0190536975860596,
1.0123356580734253,
1.0173999071121216,
1.016754150390625,
1.0168899297714233,
1.0156196355819702,
1.0136582851409912,
1.0142742395401,
1.0134042501449585,
1.0130319595336914,
1.0128093957901,
1.0112555027008057,
1.0050660371780396,
1.010331630706787,
1.0082848072052002,
1.0082393884658813,
1.0082918405532837,
1.0066776275634766,
1.005726933479309,
1.0053999423980713,
1.0045119524002075,
1.0040422677993774,
1.0030083656311035,
1.000774621963501,
1.0015974044799805,
1.0006762742996216,
0.9992808699607849,
0.9990028142929077,
0.9977194666862488,
0.9973119497299194,
0.996662437915802,
0.9953524470329285,
0.9947495460510254,
0.993752658367157,
0.9929763674736023,
0.9920217394828796,
0.991420567035675,
0.9899060130119324,
0.9893845915794373,
0.9883937835693359,
0.9840007424354553,
0.9861934185028076,
0.9855937957763672,
0.9841663241386414,
0.9831613302230835,
0.9821375608444214,
0.9805216789245605,
0.9799050688743591,
0.9788675904273987,
0.9777206778526306,
0.9763576984405518,
0.9757723212242126,
0.9723508954048157,
0.9733575582504272,
0.9717435836791992,
0.9701762199401855,
0.9693508744239807,
0.9678148031234741,
0.9666652083396912,
0.9652905464172363,
0.9642565846443176,
0.9624063372612,
0.9612551927566528,
0.9599725604057312,
0.9581923484802246,
0.956917941570282,
0.9552562236785889,
0.9534471035003662,
0.952197790145874,
0.9494863152503967,
0.9488961100578308,
0.9472925662994385,
0.9458978176116943,
0.9439411759376526,
0.9426306486129761,
0.9411418437957764,
0.938875138759613,
0.9376238584518433,
0.9356386065483093,
0.9337663054466248,
0.9322863221168518,
0.930594265460968,
0.9284950494766235,
0.9273622632026672,
0.9241906404495239,
0.923873782157898,
0.9219923615455627,
0.9208018183708191,
0.918062686920166,
0.9169881939888,
0.9152082800865173,
0.9133435487747192,
0.9122133851051331,
0.9106515645980835,
0.9083998799324036,
0.9068709015846252,
0.9058721661567688,
0.9037718176841736,
0.9021977782249451,
0.9005906581878662,
0.8986645340919495,
0.8971348404884338,
0.8957085609436035,
0.8939577341079712,
0.8920312523841858,
0.8906136751174927,
0.8890140056610107,
0.8869086503982544,
0.8856980204582214,
0.8822081089019775,
0.8795149922370911,
0.8805813193321228,
0.879636824131012,
0.8784341216087341,
0.8771119713783264,
0.8751440048217773,
0.8721540570259094,
0.8717004656791687,
0.8699285984039307,
0.8676937818527222,
0.866220235824585,
0.8645416498184204,
0.8623858094215393,
0.8611946702003479,
0.8596639633178711,
0.8571044206619263,
0.85491943359375,
0.8540941476821899,
0.8522374033927917,
0.8506289720535278,
0.8488994836807251,
0.8465628623962402,
0.8449692130088806,
0.8431727886199951,
0.8414501547813416,
0.8395649790763855,
0.8374887108802795,
0.8358491063117981,
0.8342328667640686,
0.8321075439453125,
0.8303019404411316,
0.8285211324691772,
0.8267929553985596,
0.8267929553985596,
0.0,
0.0,
0.0,
0.0,
0.0,
0.0,
0.0,
0.0,
0.0,
0.0,
0.0,
0.0,
0.0,
0.0,
0.0,
0.0,
0.0,
0.0,
0.0,
0.0,
0.0,
0.0,
0.0,
0.0,
0.0,
0.0,
0.0,
0.0,
0.0,
0.0,
0.0,
0.0,
0.0,
0.0,
0.0,
0.0,
0.0,
0.0,
0.0,
0.0,
0.0,
0.0,
0.0,
0.0,
0.0,
0.0,
0.0,
0.0,
0.0,
0.0,
0.0,
0.0,
0.0,
0.0,
0.0,
0.0,
0.0,
0.0,
0.0,
0.0,
0.0,
0.0,
0.0,
0.0,
0.0,
0.0,
0.0,
0.0,
0.0,
0.0,
0.0,
0.0,
0.0,
0.0,
0.0,
0.0,
0.0,
0.0,
0.0,
0.0,
0.0,
0.0,
0.0,
0.0,
0.0,
0.0,
0.0,
0.0,
0.0,
0.0,
0.0,
0.0,
0.0,
0.0,
0.0,
0.0,
0.0,
0.0,
0.0,
0.0,
0.0,
0.0,
0.0,
0.0,
0.0,
0.0,
0.0,
0.0,
0.0,
0.0,
0.0,
0.0,
0.0,
0.0,
0.0,
0.0,
0.0,
0.0,
0.0,
0.0,
0.0,
0.0,
0.0,
0.0,
0.0,
0.0,
0.0,
0.0,
0.0,
0.0,
0.0,
0.0,
0.0,
0.0,
0.0,
0.0,
0.0,
0.0,
0.0,
0.0,
0.0,
0.0,
0.0,
0.0,
0.0,
0.0,
0.0,
0.0,
0.0,
0.0,
0.0,
0.0,
0.0,
0.0,
0.0,
0.0,
0.0,
0.0,
0.0,
0.0,
0.0,
0.0,
0.0,
0.0,
0.0,
0.0,
0.0,
0.0,
0.0,
0.0,
0.0,
0.0,
0.0,
0.0,
0.0,
0.0,
0.0,
0.0,
0.0,
0.0,
0.0,
0.0,
0.0,
0.0,
0.0,
0.0,
0.0,
0.0,
0.0,
0.0,
0.0,
0.0,
0.0,
0.0,
0.0,
0.0,
0.0,
0.0,
0.0,
0.0,
0.0,
0.0,
0.0,
0.0,
0.0,
0.0,
0.0,
0.0,
0.0,
0.0,
0.0,
0.0,
0.0,
0.0,
0.0,
0.0,
0.0,
0.0,
0.0,
0.0,
0.0,
0.0,
0.0,
0.0,
0.0,
0.0,
0.0,
0.0,
0.0,
0.0,
0.0,
0.0,
0.0,
0.0,
0.0,
0.0,
0.0,
0.0,
0.0,
0.0,
0.0,
0.0,
0.0,
0.0,
0.0,
0.0,
0.0,
0.0,
0.0,
0.0,
0.0,
0.0,
0.0,
0.0,
0.0,
0.0,
0.0,
0.0,
0.0,
0.0,
0.0,
0.0,
0.0,
0.0,
0.0,
0.0,
0.0,
0.0,
0.0,
0.0,
0.0,
0.0,
0.0,
0.0,
0.0,
0.0,
0.0,
0.0,
0.0,
0.0,
0.0,
0.0,
0.0,
0.0,
0.0,
0.0,
0.0,
0.0,
0.0,
0.0,
0.0,
0.0,
0.0,
0.0,
0.0,
0.0,
0.0,
0.0,
0.0,
0.0,
0.0,
0.0,
0.0,
0.0,
0.0,
0.0,
0.0,
0.0,
0.0,
0.0,
0.0,
0.0,
0.0,
0.0,
0.0,
0.0,
0.0,
0.0,
0.0,
0.0,
0.0,
0.0,
0.0,
0.0,
0.0,
0.0,
0.0,
0.0,
0.0,
0.0,
0.0,
0.0,
0.0,
0.0,
0.0,
0.0,
0.0,
0.0,
0.0,
0.0,
0.0,
0.0,
0.0,
0.0,
0.0,
0.0,
0.0,
0.0,
0.0,
0.0,
0.0,
0.0,
0.0,
0.0,
0.0,
0.0,
0.0,
0.0,
0.0,
0.0,
0.0,
0.0,
0.0,
0.0,
0.0,
0.0,
0.0,
0.0,
0.0,
0.0,
0.0,
0.0,
0.0,
0.0,
0.0,
0.0,
0.0,
0.0,
0.0,
0.0,
0.0,
0.0,
0.0,
0.0,
0.0,
0.0,
0.0,
0.0,
0.0,
0.0,
0.0,
0.0,
0.0,
0.0,
0.0,
0.0,
0.0,
0.0,
0.0,
0.0,
0.0,
0.0,
0.0,
0.0,
0.0,
0.0,
0.0,
0.0,
0.0,
0.0,
0.0,
0.0,
0.0,
0.0,
0.0,
0.0,
0.0,
0.0,
0.0,
0.0,
0.0,
0.0,
0.0,
0.0,
0.0,
0.0,
0.0,
0.0,
0.0,
0.0,
0.0,
0.0,
0.0,
0.0,
0.0,
0.0,
0.0,
0.0,
0.0,
0.0,
0.0,
0.0,
0.0,
0.0,
0.0,
0.0,
0.0,
0.0,
0.0,
0.0,
0.0,
0.0,
0.0,
0.0,
0.0,
0.0,
0.0,
0.0,
0.0,
0.0,
0.0,
0.0,
0.0,
0.0,
0.0,
0.0,
0.0,
0.0,
0.0,
0.0,
0.0,
0.0,
0.0,
0.0,
0.0,
0.0,
0.0,
0.0,
0.0,
0.0,
0.0,
0.0,
0.0,
0.0,
0.0,
0.0,
0.0,
0.0,
0.0,
0.0,
0.0,
0.0,
0.0,
0.0,
0.0,
0.0,
0.0,
0.0,
0.0,
0.0,
0.0,
0.0,
0.0,
0.0,
0.0,
0.0,
0.0,
0.0,
0.0,
0.0,
0.0,
0.0,
0.0,
0.0,
0.0,
0.0,
0.0,
0.0,
0.0,
0.0,
0.0,
0.0,
0.0,
0.0,
0.0,
0.0,
0.0,
0.0,
0.0,
0.0,
0.0,
0.0,
0.0,
0.0,
0.0,
0.0,
0.0,
0.0,
0.0,
0.0,
0.0,
0.0,
0.0,
0.0,
0.0,
0.0,
0.0,
0.0,
0.0,
0.0,
0.0,
0.0,
0.0,
0.0,
0.0,
0.0,
0.0,
0.0,
0.0,
0.0,
0.0,
0.0,
0.0,
0.0,
0.0,
0.0,
0.0,
0.0,
0.0,
0.0,
0.0,
0.0,
0.0,
0.0,
0.0,
0.0,
0.0,
0.0,
0.0,
0.0,
0.0,
0.0,
0.0,
0.0,
0.0,
0.0,
0.0,
0.0,
0.0,
0.0,
0.0,
0.0,
0.0,
0.0,
0.0,
0.0,
0.0,
0.0,
0.0,
0.0,
0.0,
0.0,
0.0,
0.0,
0.0,
0.0,
0.0,
0.0,
0.0,
0.0,
0.0,
0.0,
0.0,
0.0,
0.0,
0.0,
0.0,
0.0,
0.0,
0.0,
0.0,
0.0,
0.0,
0.0,
0.0,
0.0,
0.0,
0.0,
0.0,
0.0,
0.0,
0.0,
0.0,
0.0,
0.0,
0.0,
0.0,
0.0,
0.0,
0.0,
0.0,
0.0,
0.0,
0.0,
0.0,
0.0,
0.0,
0.0,
0.0,
0.0,
0.0,
0.0,
0.0,
0.0,
0.0,
0.0,
0.0,
0.0,
0.0,
0.0,
0.0,
0.0,
0.0,
0.0,
0.0,
0.0,
0.0,
0.0,
0.0,
0.0,
0.0,
0.0,
0.0,
0.0,
0.0,
0.0,
0.0,
0.0,
0.0,
0.0,
0.0,
0.0,
0.0,
0.0,
0.0,
0.0,
0.0,
0.0,
0.0,
0.0,
0.0,
0.0,
0.0,
0.0,
0.0,
0.0,
0.0,
0.0,
0.0,
0.0,
0.0,
0.0,
0.0,
0.0,
0.0,
0.0,
0.0,
0.0,
0.0,
0.0,
0.0,
0.0,
0.0,
0.0,
0.0,
0.0,
0.0,
0.0,
0.0,
0.0,
0.0,
0.0,
0.0,
0.0,
0.0,
0.0,
0.0,
0.0,
0.0,
0.0,
0.0,
0.0,
0.0,
0.0,
0.0,
0.0,
0.0,
0.0,
0.0,
0.0,
0.0,
0.0,
0.0,
0.0,
0.0,
0.0,
0.0,
0.0,
0.0,
0.0,
0.0,
0.0,
0.0,
0.0,
0.0,
0.0,
0.0,
0.0,
0.0,
0.0,
0.0,
0.0,
0.0,
0.0,
0.0,
0.0,
0.0,
0.0,
0.0,
0.0,
0.0,
0.0,
0.0,
0.0,
0.0,
0.0,
0.0,
0.0,
0.0,
0.0,
0.0,
0.0,
0.0,
0.0,
0.0,
0.0,
0.0,
0.0,
0.0,
0.0,
0.0,
0.0,
0.0,
0.0,
0.0,
0.0,
0.0,
0.0,
0.0,
0.0,
0.0,
0.0,
0.0,
0.0,
0.0,
0.0,
0.0,
0.0,
0.0,
0.0,
0.0,
0.0,
0.0,
0.0,
0.0,
0.0,
0.0,
0.0,
0.0,
0.0,
0.0,
0.0,
0.0,
0.0,
0.0,
0.0,
0.0,
0.0,
0.0,
0.0,
0.0,
0.0,
0.0,
0.0,
0.0,
0.0,
0.0,
0.0,
0.0,
0.0,
0.0,
0.0,
0.0,
0.0,
0.0,
0.0,
0.0,
0.0,
0.0,
0.0,
0.0,
0.0,
0.0,
0.0,
0.0,
0.0,
0.0,
0.0,
0.0,
0.0,
0.0,
0.0,
0.0,
0.0,
0.0,
0.0,
0.0,
0.0,
0.0,
0.0,
0.0,
0.0,
0.0,
0.0,
0.0,
0.0,
0.0,
0.0,
0.0,
0.0,
0.0,
0.0,
0.0,
0.0,
0.0,
0.0,
0.0,
0.0,
0.0,
0.0,
0.0,
0.0,
0.0,
0.0,
0.0,
0.0,
0.0,
0.0,
0.0,
0.0,
0.0,
0.0,
0.0,
0.0,
0.0,
0.0,
0.0,
0.0,
0.0,
0.0,
0.0,
0.0,
0.0,
0.0,
0.0,
0.0,
0.0,
0.0,
0.0,
0.0,
0.0,
0.0,
0.0,
0.0,
0.0,
0.0,
0.0,
0.0,
0.0,
0.0,
0.0,
0.0,
0.0,
0.0,
0.0,
0.0,
0.0,
0.0,
0.0,
0.0,
0.0,
0.0,
0.0,
0.0,
0.0,
0.0,
0.0,
0.0,
0.0,
0.0,
0.0,
0.0,
0.0,
0.0,
0.0,
0.0,
0.0,
0.0,
0.0,
0.0,
0.0,
0.0,
0.0,
0.0,
0.0,
0.0,
0.0,
0.0,
0.0,
0.0,
0.0,
0.0,
0.0,
0.0,
0.0,
0.0,
0.0,
0.0,
0.0,
0.0,
0.0,
0.0,
0.0,
0.0,
0.0,
0.0,
0.0,
0.0,
0.0,
0.0,
0.0,
0.0,
0.0,
0.0,
0.0,
0.0,
0.0,
0.0,
0.0,
0.0,
0.0,
0.0,
0.0,
0.0,
0.0,
0.0,
0.0,
0.0,
0.0,
0.0,
0.0,
0.0,
0.0,
0.0,
0.0,
0.0,
0.0,
0.0,
0.0,
0.0,
0.0,
0.0,
0.0,
0.0,
0.0,
0.0,
0.0,
0.0,
0.0,
0.0,
0.0,
0.0,
0.0,
0.0,
0.0,
0.0,
0.0,
0.0,
0.0,
0.0,
0.0,
0.0,
0.0,
0.0,
0.0,
0.0,
0.0,
0.0,
0.0,
0.0,
0.0,
0.0,
0.0,
0.0,
0.0,
0.0,
0.0,
0.0,
0.0,
0.0,
0.0,
0.0,
0.0,
0.0,
0.0,
0.0,
0.0,
0.0,
0.0,
0.0,
0.0,
0.0,
0.0,
0.0,
0.0,
0.0,
0.0,
0.0,
0.0,
0.0,
0.0,
0.0,
0.0,
0.0,
0.0,
0.0,
0.0,
0.0,
0.0,
0.0,
0.0,
0.0,
0.0,
0.0,
0.0,
0.0,
0.0,
0.0,
0.0,
0.0,
0.0,
0.0,
0.0,
0.0,
0.0,
0.0,
0.0,
0.0,
0.0,
0.0,
0.0,
0.0,
0.0,
0.0,
0.0,
0.0,
0.0,
0.0,
0.0,
0.0,
0.0,
0.0,
0.0,
0.0,
0.0,
0.0,
0.0,
0.0,
0.0,
0.0,
0.0,
0.0,
0.0,
0.0,
0.0,
0.0,
0.0,
0.0,
0.0,
0.0,
0.0,
0.0,
0.0,
0.0,
0.0,
0.0,
0.0,
0.0,
0.0,
0.0,
0.0,
0.0,
0.0,
0.0,
0.0,
0.0,
0.0,
0.0,
0.0,
0.0,
0.0,
0.0,
0.0,
0.0,
0.0,
0.0,
0.0,
0.0,
0.0,
0.0,
0.0,
0.0,
0.0,
0.0,
0.0,
0.0,
0.0,
0.0,
0.0,
0.0,
0.0,
0.0,
0.0,
0.0,
0.0,
0.0,
0.0,
0.0,
0.0,
0.0,
0.0,
0.0,
0.0,
0.0,
0.0,
0.0,
0.0,
0.0,
0.0,
0.0,
0.0,
0.0,
0.0,
0.0,
0.0,
0.0,
0.0,
0.0,
0.0,
0.0,
0.0,
0.0,
0.0,
0.0,
0.0,
0.0,
0.0,
0.0,
0.0,
0.0,
0.0,
0.0,
0.0,
0.0,
0.0,
0.0,
0.0,
0.0,
0.0,
0.0,
0.0,
0.0,
0.0,
0.0,
0.0,
0.0,
0.0,
0.0,
0.0,
0.0,
0.0,
0.0,
0.0,
0.0,
0.0,
0.0,
0.0,
0.0,
0.0,
0.0,
0.0,
0.0,
0.0,
0.0,
0.0,
0.0,
0.0,
0.0,
0.0,
0.0,
0.0,
0.0,
0.0,
0.0,
0.0,
0.0,
0.0,
0.0,
0.0,
0.0,
0.0,
0.0,
0.0,
0.0,
0.0,
0.0,
0.0,
0.0,
0.0,
0.0,
0.0,
0.0,
0.0,
0.0,
0.0,
0.0,
0.0,
0.0,
0.0,
0.0,
0.0,
0.0,
0.0,
0.0,
0.0,
0.0,
0.0,
0.0,
0.0,
0.0,
0.0,
0.0,
0.0,
0.0,
0.0,
0.0,
0.0,
0.0,
0.0,
0.0,
0.0,
0.0,
0.0,
0.0,
0.0,
0.0,
0.0,
0.0,
0.0,
0.0,
0.0,
0.0,
0.0,
0.0,
0.0,
0.0,
0.0,
0.0,
0.0,
0.0,
0.0,
0.0,
0.0,
0.0,
0.0,
0.0,
0.0,
0.0,
0.0,
0.0,
0.0,
0.0,
0.0,
0.0,
0.0,
0.0,
0.0,
0.0,
0.0,
0.0,
0.0,
0.0,
0.0,
0.0,
0.0,
0.0,
0.0,
0.0,
0.0,
0.0,
0.0,
0.0,
0.0,
0.0,
0.0,
0.0,
0.0,
0.0,
0.0,
0.0,
0.0,
0.0,
0.0,
0.0,
0.0,
0.0,
0.0,
0.0,
0.0,
0.0,
0.0,
0.0,
0.0,
0.0,
0.0,
0.0,
0.0,
0.0,
0.0,
0.0,
0.0,
0.0,
0.0,
0.0,
0.0,
0.0,
0.0,
0.0,
0.0,
0.0,
0.0,
0.0,
0.0,
0.0,
0.0,
0.0,
0.0,
0.0,
0.0,
0.0,
0.0,
0.0,
0.0,
0.0,
0.0,
0.0,
0.0,
0.0,
0.0,
0.0,
0.0,
0.0,
0.0,
0.0,
0.0,
0.0,
0.0,
0.0,
0.0,
0.0,
0.0,
0.0,
0.0,
0.0,
0.0,
0.0,
0.0,
0.0,
0.0,
0.0,
0.0,
0.0,
0.0,
0.0,
0.0,
0.0,
0.0,
0.0,
0.0,
0.0,
0.0,
0.0,
0.0,
0.0,
0.0,
0.0,
0.0,
0.0,
0.0,
0.0,
0.0,
0.0,
0.0,
0.0,
0.0,
0.0,
0.0,
0.0,
0.0,
0.0,
0.0,
0.0,
0.0,
0.0,
0.0,
0.0,
0.0,
0.0,
0.0,
0.0,
0.0,
0.0,
0.0,
0.0,
0.0,
0.0,
0.0,
0.0,
0.0,
0.0,
0.0,
0.0,
0.0,
0.0,
0.0,
0.0,
0.0,
0.0,
0.0,
0.0,
0.0,
0.0,
0.0,
0.0,
0.0,
0.0,
0.0,
0.0,
0.0,
0.0,
0.0,
0.0,
0.0,
0.0,
0.0,
0.0,
0.0,
0.0,
0.0,
0.0,
0.0,
0.0,
0.0,
0.0,
0.0,
0.0,
0.0,
0.0,
0.0,
0.0,
0.0,
0.0,
0.0,
0.0,
0.0,
0.0,
0.0,
0.0,
0.0,
0.0,
0.0,
0.0,
0.0,
0.0,
0.0,
0.0,
0.0,
0.0,
0.0,
0.0,
0.0,
0.0,
0.0,
0.0,
0.0,
0.0,
0.0,
0.0,
0.0,
0.0,
0.0,
0.0,
0.0,
0.0,
0.0,
0.0,
0.0,
0.0,
0.0,
0.0,
0.0,
0.0,
0.0,
0.0,
0.0,
0.0,
0.0,
0.0,
0.0,
0.0,
0.0,
0.0,
0.0,
0.0,
0.0,
0.0,
0.0,
0.0,
0.0,
0.0,
0.0,
0.0,
0.0,
0.0,
0.0,
0.0,
0.0,
0.0,
0.0,
0.0,
0.0,
0.0,
0.0,
0.0,
0.0,
0.0,
0.0,
0.0,
0.0,
0.0,
0.0,
0.0,
0.0,
0.0,
0.0,
0.0,
0.0,
0.0,
0.0,
0.0,
0.0,
0.0,
0.0,
0.0,
0.0,
0.0,
0.0,
0.0,
0.0,
0.0,
0.0,
0.0,
0.0,
0.0,
0.0,
0.0,
0.0,
0.0,
0.0,
0.0,
0.0,
0.0,
0.0,
0.0,
0.0,
0.0,
0.0,
0.0,
0.0,
0.0,
0.0,
0.0,
0.0,
0.0,
0.0,
0.0,
0.0,
0.0,
0.0,
0.0,
0.0,
0.0,
0.0,
0.0,
0.0,
0.0,
0.0,
0.0,
0.0,
0.0,
0.0,
0.0,
0.0,
0.0,
0.0,
0.0,
0.0,
0.0,
0.0,
0.0,
0.0,
0.0,
0.0,
0.0,
0.0,
0.0,
0.0,
0.0,
0.0,
0.0,
0.0,
0.0,
0.0,
0.0,
0.0,
0.0,
0.0,
0.0,
0.0,
0.0,
0.0,
0.0,
0.0,
0.0,
0.0,
0.0,
0.0,
0.0,
0.0,
0.0,
0.0,
0.0,
0.0,
0.0,
0.0,
0.0,
0.0,
0.0,
0.0,
0.0,
0.0,
0.0,
0.0,
0.0,
0.0,
0.0,
0.0,
0.0,
0.0,
0.0,
0.0,
0.0,
0.0,
0.0,
0.0,
0.0,
0.0,
0.0,
0.0,
0.0,
0.0,
0.0,
0.0,
0.0,
0.0,
0.0,
0.0,
0.0,
0.0,
0.0,
0.0,
0.0,
0.0,
0.0,
0.0,
0.0,
0.0,
0.0,
0.0,
0.0,
0.0,
0.0,
