1.0634684562683105,
1.0672801733016968,
1.0685999393463135,
1.068926453590393,
1.0696966648101807,
1.0701823234558105,
1.070548415184021,
1.0706454515457153,
1.0708650350570679,
1.0711463689804077,
1.0710867643356323,
1.0713636875152588,
1.0715253353118896,
1.0715548992156982,
1.07171630859375,
1.0718146562576294,
1.0719099044799805,
1.0720951557159424,
1.0722335577011108,
1.0722712278366089,
1.0723843574523926,
1.0723731517791748,
1.0724074840545654,
1.072554349899292,
1.0723645687103271,
1.0726110935211182,
1.0727009773254395,
1.072587013244629,
1.0727643966674805,
1.0727832317352295,
1.0725797414779663,
1.0727509260177612,
1.0727622509002686,
1.0727537870407104,
1.0728225708007812,
1.0729103088378906,
1.0728998184204102,
1.072960376739502,
1.0731223821640015,
1.0730119943618774,
1.073157787322998,
1.0729291439056396,
1.0730772018432617,
1.073087453842163,
1.0728633403778076,
1.073054313659668,
1.0731046199798584,
1.0728782415390015,
1.073000431060791,
1.073050618171692,
1.072909951210022,
1.0730174779891968,
1.0729330778121948,
1.072851300239563,
1.0729658603668213,
1.0729001760482788,
1.0716699361801147,
1.0728346109390259,
1.0729742050170898,
1.0729107856750488,
1.0728787183761597,
1.0727143287658691,
1.072770357131958,
1.0727649927139282,
1.0726065635681152,
1.0727672576904297,
1.072759985923767,
1.0725051164627075,
1.0725765228271484,
1.072576642036438,
1.0724115371704102,
1.072554111480713,
1.0725059509277344,
1.0724135637283325,
1.0724847316741943,
1.0723978281021118,
1.0723614692687988,
1.0723551511764526,
1.0722858905792236,
1.0722403526306152,
1.0722259283065796,
1.0720561742782593,
1.0708999633789062,
1.0721192359924316,
1.0719553232192993,
1.072115182876587,
1.0720757246017456,
1.071815013885498,
1.0718967914581299,
1.0718903541564941,
1.0717169046401978,
1.0717933177947998,
1.0718108415603638,
1.0715644359588623,
1.0715808868408203,
1.0714833736419678,
1.0713969469070435,
1.0713841915130615,
1.0712727308273315,
1.071249008178711,
1.0712136030197144,
1.070988655090332,
1.0710376501083374,
1.0710036754608154,
1.0707732439041138,
1.0708190202713013,
1.0708361864089966,
1.0705801248550415,
1.0706628561019897,
1.0705963373184204,
1.0704877376556396,
1.070591926574707,
1.0705639123916626,
1.0703518390655518,
1.0702497959136963,
1.0702706575393677,
1.070058822631836,
1.070044755935669,
1.0697604417800903,
1.0697941780090332,
1.0696860551834106,
1.0694876909255981,
1.0695924758911133,
1.0694622993469238,
1.0691814422607422,
1.0692006349563599,
1.069203495979309,
1.0689914226531982,
1.0690242052078247,
1.0689138174057007,
1.0688180923461914,
1.0687018632888794,
1.0686496496200562,
1.0686227083206177,
1.0685232877731323,
1.068460464477539,
1.0682812929153442,
1.0682696104049683,
1.0680646896362305,
1.0681313276290894,
1.068037986755371,
1.0676826238632202,
1.0677480697631836,
1.0677118301391602,
1.0673778057098389,
1.0674688816070557,
1.067305564880371,
1.0671921968460083,
1.0671231746673584,
1.067014217376709,
1.0669069290161133,
1.0668327808380127,
1.066622257232666,
1.0666123628616333,
1.0664793252944946,
1.0662134885787964,
1.0663180351257324,
1.0661730766296387,
1.0659815073013306,
1.0659198760986328,
1.0658817291259766,
1.0655924081802368,
1.0655972957611084,
1.0654200315475464,
1.0652077198028564,
1.0652048587799072,
1.065064549446106,
1.064832329750061,
1.0647305250167847,
1.0645461082458496,
1.0644826889038086,
1.0643590688705444,
1.0640904903411865,
1.06407630443573,
1.0639541149139404,
1.063707709312439,
1.063747763633728,
1.0636711120605469,
1.0633270740509033,
1.0633580684661865,
1.063206434249878,
1.063009262084961,
1.0629445314407349,
1.062883734703064,
1.0626167058944702,
1.062501311302185,
1.0623934268951416,
1.0622775554656982,
1.0622007846832275,
1.0618876218795776,
1.0618776082992554,
1.0616713762283325,
1.0614808797836304,
1.0614887475967407,
1.061384677886963,
1.0610214471817017,
1.061043381690979,
1.0608785152435303,
1.0606155395507812,
1.0605789422988892,
1.0604116916656494,
1.0602165460586548,
1.0600926876068115,
1.0599945783615112,
1.0598324537277222,
1.0597586631774902,
1.0594135522842407,
1.0594037771224976,
1.0592650175094604,
1.0590089559555054,
1.058964729309082,
1.0588972568511963,
1.0584977865219116,
1.057258129119873,
1.0582716464996338,
1.0579880475997925,
1.0578993558883667,
1.0577813386917114,
1.0574983358383179,
1.0574302673339844,
1.0572904348373413,
1.057091474533081,
1.0568954944610596,
1.0566157102584839,
1.056535005569458,
1.0563806295394897,
1.0561507940292358,
1.0561044216156006,
1.0560046434402466,
1.055651307106018,
1.0556459426879883,
1.0554380416870117,
1.0551636219024658,
1.0550873279571533,
1.0548264980316162,
1.0545680522918701,
1.0544215440750122,
1.0543619394302368,
1.0540261268615723,
1.0538532733917236,
1.053558588027954,
1.0535306930541992,
1.0533435344696045,
1.0530086755752563,
1.0529664754867554,
1.0527794361114502,
1.0523704290390015,
1.0484192371368408,
1.0512455701828003,
1.0518944263458252,
1.0522209405899048,
1.0522451400756836,
1.052061915397644,
1.0521084070205688,
1.051966667175293,
1.0517736673355103,
1.051714301109314,
1.0515036582946777,
1.0513594150543213,
1.0513315200805664,
1.0510156154632568,
1.050850749015808,
1.050683856010437,
1.0504298210144043,
1.050272822380066,
1.0500391721725464,
1.0497851371765137,
1.0497336387634277,
1.04950749874115,
1.0491937398910522,
1.04915189743042,
1.0488916635513306,
1.0485817193984985,
1.0484901666641235,
1.0482821464538574,
1.0479809045791626,
1.0478473901748657,
1.0475505590438843,
1.0473461151123047,
1.047160029411316,
1.046779990196228,
1.046714425086975,
1.0464842319488525,
1.0461068153381348,
1.0460273027420044,
1.0457838773727417,
1.0454740524291992,
1.0453754663467407,
1.0451444387435913,
1.044833779335022,
1.0446383953094482,
1.0437946319580078,
1.0439170598983765,
1.0439302921295166,
1.0435991287231445,
1.0433919429779053,
1.04315984249115,
1.0426291227340698,
1.0422275066375732,
1.0423780679702759,
1.0420055389404297,
1.0418686866760254,
1.0416254997253418,
1.04129958152771,
1.0410563945770264,
1.040802001953125,
1.0404976606369019,
1.0401103496551514,
1.0400071144104004,
1.039662480354309,
1.0390269756317139,
1.0390187501907349,
1.0388593673706055,
1.0385929346084595,
1.0382357835769653,
1.0377224683761597,
1.0376603603363037,
1.0372703075408936,
1.0365444421768188,
1.0363504886627197,
1.0358412265777588,
1.0359376668930054,
1.035557508468628,
1.035366415977478,
1.0351780652999878,
1.0345395803451538,
1.0341787338256836,
1.033954381942749,
1.0337669849395752,
1.033493161201477,
1.0332162380218506,
1.032374382019043,
1.032405138015747,
1.031941294670105,
1.0316746234893799,
1.0311543941497803,
1.030642032623291,
1.0303668975830078,
1.030259370803833,
1.030046820640564,
1.029666781425476,
1.028412938117981,
1.0286613702774048,
1.027966022491455,
1.0275137424468994,
1.0267630815505981,
1.027093768119812,
1.0265240669250488,
1.0257782936096191,
1.0260729789733887,
1.0258424282073975,
1.0245811939239502,
1.0246959924697876,
1.0241750478744507,
1.023659110069275,
1.023171067237854,
1.0229642391204834,
1.0220515727996826,
1.022047758102417,
1.0214811563491821,
1.0209722518920898,
1.0206352472305298,
1.020088791847229,
1.019757866859436,
1.0193148851394653,
1.0185970067977905,
1.0183968544006348,
1.0177812576293945,
1.0168256759643555,
1.0165141820907593,
1.0159317255020142,
1.0154768228530884,
1.0149928331375122,
1.0147947072982788,
1.013391375541687,
1.0131901502609253,
1.012681245803833,
1.0122894048690796,
1.0117566585540771,
1.0110353231430054,
1.0100699663162231,
1.0099846124649048,
1.0094887018203735,
1.0085645914077759,
1.0078235864639282,
1.0071080923080444,
1.0059072971343994,
1.005835771560669,
1.0056501626968384,
1.0033801794052124,
1.0036439895629883,
1.0032742023468018,
1.002522349357605,
1.002166748046875,
1.001024842262268,
1.000669002532959,
0.9993948340415955,
0.9990658164024353,
0.998271644115448,
0.9976996183395386,
0.9968840479850769,
0.9959295392036438,
0.9950388669967651,
0.9944291710853577,
0.9935516715049744,
0.9929770231246948,
0.9919163584709167,
0.991173267364502,
0.9897366166114807,
0.9890133142471313,
0.9880010485649109,
0.9867227077484131,
0.9860619902610779,
0.9854266047477722,
0.984079122543335,
0.9830808043479919,
0.9809250235557556,
0.9814670085906982,
0.980430006980896,
0.9793619513511658,
0.9782376289367676,
0.9772151112556458,
0.9757311344146729,
0.9748197793960571,
0.973314642906189,
0.9721745252609253,
0.9709773063659668,
0.9695674180984497,
0.9687457084655762,
0.9670163989067078,
0.9662345051765442,
0.9646366834640503,
0.9632642865180969,
0.9622536897659302,
0.961050271987915,
0.9590732455253601,
0.957434356212616,
0.9563328623771667,
0.9547597765922546,
0.9529488682746887,
0.9516245126724243,
0.9501328468322754,
0.9480581283569336,
0.9465349912643433,
0.9450328350067139,
0.9436621069908142,
0.9417486786842346,
0.9399793148040771,
0.9384534955024719,
0.9365765452384949,
0.9347490072250366,
0.9329644441604614,
0.9313244223594666,
0.9293186068534851,
0.92778080701828,
0.9259009957313538,
0.9241169095039368,
0.9222524166107178,
0.9206311106681824,
0.9184362888336182,
0.9166170954704285,
0.9147241711616516,
0.9130401015281677,
0.9111539125442505,
0.909106433391571,
0.9073996543884277,
0.9054989814758301,
0.9034857749938965,
0.9014664888381958,
0.8998115658760071,
0.8979598879814148,
0.8960183262825012,
0.8941147923469543,
0.8920302987098694,
0.8905428647994995,
0.88863205909729,
0.8871297240257263,
0.8852443099021912,
0.8832618594169617,
0.8813460469245911,
0.8796550631523132,
0.8776654601097107,
0.8756870627403259,
0.8733404278755188,
0.8713968396186829,
0.8693211674690247,
0.8672381639480591,
0.8654869794845581,
0.8635790944099426,
0.8613487482070923,
0.8595994710922241,
0.8572884798049927,
0.8554946184158325,
0.8534339666366577,
0.8509647250175476,
0.8494510650634766,
0.8471365571022034,
0.8452883958816528,
0.8430413603782654,
0.8411540389060974,
0.8390375971794128,
0.8358033299446106,
0.8334094882011414,
0.8326523303985596,
0.8306918740272522,
0.8285283446311951,
0.8260800242424011,
0.8260800242424011,
0.8260800242424011,
0.0,
0.0,
0.0,
0.0,
0.0,
0.0,
0.0,
0.0,
0.0,
0.0,
0.0,
0.0,
0.0,
0.0,
0.0,
0.0,
0.0,
0.0,
0.0,
0.0,
0.0,
0.0,
0.0,
0.0,
0.0,
0.0,
0.0,
0.0,
0.0,
0.0,
0.0,
0.0,
0.0,
0.0,
0.0,
0.0,
0.0,
0.0,
0.0,
0.0,
0.0,
0.0,
0.0,
0.0,
0.0,
0.0,
0.0,
0.0,
0.0,
0.0,
0.0,
0.0,
0.0,
0.0,
0.0,
0.0,
0.0,
0.0,
0.0,
0.0,
0.0,
0.0,
0.0,
0.0,
0.0,
0.0,
0.0,
0.0,
0.0,
0.0,
0.0,
0.0,
0.0,
0.0,
0.0,
0.0,
0.0,
0.0,
0.0,
0.0,
0.0,
0.0,
0.0,
0.0,
0.0,
0.0,
0.0,
0.0,
0.0,
0.0,
0.0,
0.0,
0.0,
0.0,
0.0,
0.0,
0.0,
0.0,
0.0,
0.0,
0.0,
0.0,
0.0,
0.0,
0.0,
0.0,
0.0,
0.0,
0.0,
0.0,
0.0,
0.0,
0.0,
0.0,
0.0,
0.0,
0.0,
0.0,
0.0,
0.0,
0.0,
0.0,
0.0,
0.0,
0.0,
0.0,
0.0,
0.0,
0.0,
0.0,
0.0,
0.0,
0.0,
0.0,
0.0,
0.0,
0.0,
0.0,
0.0,
0.0,
0.0,
0.0,
0.0,
0.0,
0.0,
0.0,
0.0,
0.0,
0.0,
0.0,
0.0,
0.0,
0.0,
0.0,
0.0,
0.0,
0.0,
0.0,
0.0,
0.0,
0.0,
0.0,
0.0,
0.0,
0.0,
0.0,
0.0,
0.0,
0.0,
0.0,
0.0,
0.0,
0.0,
0.0,
0.0,
0.0,
0.0,
0.0,
0.0,
0.0,
0.0,
0.0,
0.0,
0.0,
0.0,
0.0,
0.0,
0.0,
0.0,
0.0,
0.0,
0.0,
0.0,
0.0,
0.0,
0.0,
0.0,
0.0,
0.0,
0.0,
0.0,
0.0,
0.0,
0.0,
0.0,
0.0,
0.0,
0.0,
0.0,
0.0,
0.0,
0.0,
0.0,
0.0,
0.0,
0.0,
0.0,
0.0,
0.0,
0.0,
0.0,
0.0,
0.0,
0.0,
0.0,
0.0,
0.0,
0.0,
0.0,
0.0,
0.0,
0.0,
0.0,
0.0,
0.0,
0.0,
0.0,
0.0,
0.0,
0.0,
0.0,
0.0,
0.0,
0.0,
0.0,
0.0,
0.0,
0.0,
0.0,
0.0,
0.0,
0.0,
0.0,
0.0,
0.0,
0.0,
0.0,
0.0,
0.0,
0.0,
0.0,
0.0,
0.0,
0.0,
0.0,
0.0,
0.0,
0.0,
0.0,
0.0,
0.0,
0.0,
0.0,
0.0,
0.0,
0.0,
0.0,
0.0,
0.0,
0.0,
0.0,
0.0,
0.0,
0.0,
0.0,
0.0,
0.0,
0.0,
0.0,
0.0,
0.0,
0.0,
0.0,
0.0,
0.0,
0.0,
0.0,
0.0,
0.0,
0.0,
0.0,
0.0,
0.0,
0.0,
0.0,
0.0,
0.0,
0.0,
0.0,
0.0,
0.0,
0.0,
0.0,
0.0,
0.0,
0.0,
0.0,
0.0,
0.0,
0.0,
0.0,
0.0,
0.0,
0.0,
0.0,
0.0,
0.0,
0.0,
0.0,
0.0,
0.0,
0.0,
0.0,
0.0,
0.0,
0.0,
0.0,
0.0,
0.0,
0.0,
0.0,
0.0,
0.0,
0.0,
0.0,
0.0,
0.0,
0.0,
0.0,
0.0,
0.0,
0.0,
0.0,
0.0,
0.0,
0.0,
0.0,
0.0,
0.0,
0.0,
0.0,
0.0,
0.0,
0.0,
0.0,
0.0,
0.0,
0.0,
0.0,
0.0,
0.0,
0.0,
0.0,
0.0,
0.0,
0.0,
0.0,
0.0,
0.0,
0.0,
0.0,
0.0,
0.0,
0.0,
0.0,
0.0,
0.0,
0.0,
0.0,
0.0,
0.0,
0.0,
0.0,
0.0,
0.0,
0.0,
0.0,
0.0,
0.0,
0.0,
0.0,
0.0,
0.0,
0.0,
0.0,
0.0,
0.0,
0.0,
0.0,
0.0,
0.0,
0.0,
0.0,
0.0,
0.0,
0.0,
0.0,
0.0,
0.0,
0.0,
0.0,
0.0,
0.0,
0.0,
0.0,
0.0,
0.0,
0.0,
0.0,
0.0,
0.0,
0.0,
0.0,
0.0,
0.0,
0.0,
0.0,
0.0,
0.0,
0.0,
0.0,
0.0,
0.0,
0.0,
0.0,
0.0,
0.0,
0.0,
0.0,
0.0,
0.0,
0.0,
0.0,
0.0,
0.0,
0.0,
0.0,
0.0,
0.0,
0.0,
0.0,
0.0,
0.0,
0.0,
0.0,
0.0,
0.0,
0.0,
0.0,
0.0,
0.0,
0.0,
0.0,
0.0,
0.0,
0.0,
0.0,
0.0,
0.0,
0.0,
0.0,
0.0,
0.0,
0.0,
0.0,
0.0,
0.0,
0.0,
0.0,
0.0,
0.0,
0.0,
0.0,
0.0,
0.0,
0.0,
0.0,
0.0,
0.0,
0.0,
0.0,
0.0,
0.0,
0.0,
0.0,
0.0,
0.0,
0.0,
0.0,
0.0,
0.0,
0.0,
0.0,
0.0,
0.0,
0.0,
0.0,
0.0,
0.0,
0.0,
0.0,
0.0,
0.0,
0.0,
0.0,
0.0,
0.0,
0.0,
0.0,
0.0,
0.0,
0.0,
0.0,
0.0,
0.0,
0.0,
0.0,
0.0,
0.0,
0.0,
0.0,
0.0,
0.0,
0.0,
0.0,
0.0,
0.0,
0.0,
0.0,
0.0,
0.0,
0.0,
0.0,
0.0,
0.0,
0.0,
0.0,
0.0,
0.0,
0.0,
0.0,
0.0,
0.0,
0.0,
0.0,
0.0,
0.0,
0.0,
0.0,
0.0,
0.0,
0.0,
0.0,
0.0,
0.0,
0.0,
0.0,
0.0,
0.0,
0.0,
0.0,
0.0,
0.0,
0.0,
0.0,
0.0,
0.0,
0.0,
0.0,
0.0,
0.0,
0.0,
0.0,
0.0,
0.0,
0.0,
0.0,
0.0,
0.0,
0.0,
0.0,
0.0,
0.0,
0.0,
0.0,
0.0,
0.0,
0.0,
0.0,
0.0,
0.0,
0.0,
0.0,
0.0,
0.0,
0.0,
0.0,
0.0,
0.0,
0.0,
0.0,
0.0,
0.0,
0.0,
0.0,
0.0,
0.0,
0.0,
0.0,
0.0,
0.0,
0.0,
0.0,
0.0,
0.0,
0.0,
0.0,
0.0,
0.0,
0.0,
0.0,
0.0,
0.0,
0.0,
0.0,
0.0,
0.0,
0.0,
0.0,
0.0,
0.0,
0.0,
0.0,
0.0,
0.0,
0.0,
0.0,
0.0,
0.0,
0.0,
0.0,
0.0,
0.0,
0.0,
0.0,
0.0,
0.0,
0.0,
0.0,
0.0,
0.0,
0.0,
0.0,
0.0,
0.0,
0.0,
0.0,
0.0,
0.0,
0.0,
0.0,
0.0,
0.0,
0.0,
0.0,
0.0,
0.0,
0.0,
0.0,
0.0,
0.0,
0.0,
0.0,
0.0,
0.0,
0.0,
0.0,
0.0,
0.0,
0.0,
0.0,
0.0,
0.0,
0.0,
0.0,
0.0,
0.0,
0.0,
0.0,
0.0,
0.0,
0.0,
0.0,
0.0,
0.0,
0.0,
0.0,
0.0,
0.0,
0.0,
0.0,
0.0,
0.0,
0.0,
0.0,
0.0,
0.0,
0.0,
0.0,
0.0,
0.0,
0.0,
0.0,
0.0,
0.0,
0.0,
0.0,
0.0,
0.0,
0.0,
0.0,
0.0,
0.0,
0.0,
0.0,
0.0,
0.0,
0.0,
0.0,
0.0,
0.0,
0.0,
0.0,
0.0,
0.0,
0.0,
0.0,
0.0,
0.0,
0.0,
0.0,
0.0,
0.0,
0.0,
0.0,
0.0,
0.0,
0.0,
0.0,
0.0,
0.0,
0.0,
0.0,
0.0,
0.0,
0.0,
0.0,
0.0,
0.0,
0.0,
0.0,
0.0,
0.0,
0.0,
0.0,
0.0,
0.0,
0.0,
0.0,
0.0,
0.0,
0.0,
0.0,
0.0,
0.0,
0.0,
0.0,
0.0,
0.0,
0.0,
0.0,
0.0,
0.0,
0.0,
0.0,
0.0,
0.0,
0.0,
0.0,
0.0,
0.0,
0.0,
0.0,
0.0,
0.0,
0.0,
0.0,
0.0,
0.0,
0.0,
0.0,
0.0,
0.0,
0.0,
0.0,
0.0,
0.0,
0.0,
0.0,
0.0,
0.0,
0.0,
0.0,
0.0,
0.0,
0.0,
0.0,
0.0,
0.0,
0.0,
0.0,
0.0,
0.0,
0.0,
0.0,
0.0,
0.0,
0.0,
0.0,
0.0,
0.0,
0.0,
0.0,
0.0,
0.0,
0.0,
0.0,
0.0,
0.0,
0.0,
0.0,
0.0,
0.0,
0.0,
0.0,
0.0,
0.0,
0.0,
0.0,
0.0,
0.0,
0.0,
0.0,
0.0,
0.0,
0.0,
0.0,
0.0,
0.0,
0.0,
0.0,
0.0,
0.0,
0.0,
0.0,
0.0,
0.0,
0.0,
0.0,
0.0,
0.0,
0.0,
0.0,
0.0,
0.0,
0.0,
0.0,
0.0,
0.0,
0.0,
0.0,
0.0,
0.0,
0.0,
0.0,
0.0,
0.0,
0.0,
0.0,
0.0,
0.0,
0.0,
0.0,
0.0,
0.0,
0.0,
0.0,
0.0,
0.0,
0.0,
0.0,
0.0,
0.0,
0.0,
0.0,
0.0,
0.0,
0.0,
0.0,
0.0,
0.0,
0.0,
0.0,
0.0,
0.0,
0.0,
0.0,
0.0,
0.0,
0.0,
0.0,
0.0,
0.0,
0.0,
0.0,
0.0,
0.0,
0.0,
0.0,
0.0,
0.0,
0.0,
0.0,
0.0,
0.0,
0.0,
0.0,
0.0,
0.0,
0.0,
0.0,
0.0,
0.0,
0.0,
0.0,
0.0,
0.0,
0.0,
0.0,
0.0,
0.0,
0.0,
0.0,
0.0,
0.0,
0.0,
0.0,
0.0,
0.0,
0.0,
0.0,
0.0,
0.0,
0.0,
0.0,
0.0,
0.0,
0.0,
0.0,
0.0,
0.0,
0.0,
0.0,
0.0,
0.0,
0.0,
0.0,
0.0,
0.0,
0.0,
0.0,
0.0,
0.0,
0.0,
0.0,
0.0,
0.0,
0.0,
0.0,
0.0,
0.0,
0.0,
0.0,
0.0,
0.0,
0.0,
0.0,
0.0,
0.0,
0.0,
0.0,
0.0,
0.0,
0.0,
0.0,
0.0,
0.0,
0.0,
0.0,
0.0,
0.0,
0.0,
0.0,
0.0,
0.0,
0.0,
0.0,
0.0,
0.0,
0.0,
0.0,
0.0,
0.0,
0.0,
0.0,
0.0,
0.0,
0.0,
0.0,
0.0,
0.0,
0.0,
0.0,
0.0,
0.0,
0.0,
0.0,
0.0,
0.0,
0.0,
0.0,
0.0,
0.0,
0.0,
0.0,
0.0,
0.0,
0.0,
0.0,
0.0,
0.0,
0.0,
0.0,
0.0,
0.0,
0.0,
0.0,
0.0,
0.0,
0.0,
0.0,
0.0,
0.0,
0.0,
0.0,
0.0,
0.0,
0.0,
0.0,
0.0,
0.0,
0.0,
0.0,
0.0,
0.0,
0.0,
0.0,
0.0,
0.0,
0.0,
0.0,
0.0,
0.0,
0.0,
0.0,
0.0,
0.0,
0.0,
0.0,
0.0,
0.0,
0.0,
0.0,
0.0,
0.0,
0.0,
0.0,
0.0,
0.0,
0.0,
0.0,
0.0,
0.0,
0.0,
0.0,
0.0,
0.0,
0.0,
0.0,
0.0,
0.0,
0.0,
0.0,
0.0,
0.0,
0.0,
0.0,
0.0,
0.0,
0.0,
0.0,
0.0,
0.0,
0.0,
0.0,
0.0,
0.0,
0.0,
0.0,
0.0,
0.0,
0.0,
0.0,
0.0,
0.0,
0.0,
0.0,
0.0,
0.0,
0.0,
0.0,
0.0,
0.0,
0.0,
0.0,
0.0,
0.0,
0.0,
0.0,
0.0,
0.0,
0.0,
0.0,
0.0,
0.0,
0.0,
0.0,
0.0,
0.0,
0.0,
0.0,
0.0,
0.0,
0.0,
0.0,
0.0,
0.0,
0.0,
0.0,
0.0,
0.0,
0.0,
0.0,
0.0,
0.0,
0.0,
0.0,
0.0,
0.0,
0.0,
0.0,
0.0,
0.0,
0.0,
0.0,
0.0,
0.0,
0.0,
0.0,
0.0,
0.0,
0.0,
0.0,
0.0,
0.0,
0.0,
0.0,
0.0,
0.0,
0.0,
0.0,
0.0,
0.0,
0.0,
0.0,
0.0,
0.0,
0.0,
0.0,
0.0,
0.0,
0.0,
0.0,
0.0,
0.0,
0.0,
0.0,
0.0,
0.0,
0.0,
0.0,
0.0,
0.0,
0.0,
0.0,
0.0,
0.0,
0.0,
0.0,
0.0,
0.0,
0.0,
0.0,
0.0,
0.0,
0.0,
0.0,
0.0,
0.0,
0.0,
0.0,
0.0,
0.0,
0.0,
0.0,
0.0,
0.0,
0.0,
0.0,
0.0,
0.0,
0.0,
0.0,
0.0,
0.0,
0.0,
0.0,
0.0,
0.0,
0.0,
0.0,
0.0,
0.0,
0.0,
0.0,
0.0,
0.0,
0.0,
0.0,
0.0,
0.0,
0.0,
0.0,
0.0,
0.0,
0.0,
0.0,
0.0,
0.0,
0.0,
0.0,
0.0,
0.0,
0.0,
0.0,
0.0,
0.0,
0.0,
0.0,
0.0,
0.0,
0.0,
0.0,
0.0,
0.0,
0.0,
0.0,
0.0,
0.0,
0.0,
0.0,
0.0,
0.0,
0.0,
0.0,
0.0,
0.0,
0.0,
0.0,
0.0,
0.0,
0.0,
0.0,
0.0,
0.0,
0.0,
0.0,
0.0,
0.0,
0.0,
0.0,
0.0,
0.0,
0.0,
0.0,
0.0,
0.0,
0.0,
0.0,
0.0,
0.0,
0.0,
0.0,
0.0,
0.0,
0.0,
0.0,
0.0,
0.0,
0.0,
0.0,
0.0,
0.0,
0.0,
0.0,
0.0,
0.0,
0.0,
0.0,
0.0,
0.0,
0.0,
0.0,
0.0,
0.0,
0.0,
0.0,
0.0,
0.0,
0.0,
0.0,
0.0,
0.0,
0.0,
0.0,
0.0,
0.0,
0.0,
0.0,
0.0,
0.0,
0.0,
0.0,
0.0,
0.0,
0.0,
0.0,
0.0,
0.0,
0.0,
0.0,
0.0,
0.0,
0.0,
0.0,
0.0,
0.0,
0.0,
0.0,
0.0,
0.0,
0.0,
0.0,
0.0,
0.0,
0.0,
0.0,
0.0,
0.0,
0.0,
0.0,
0.0,
0.0,
0.0,
0.0,
0.0,
0.0,
0.0,
0.0,
0.0,
0.0,
0.0,
0.0,
0.0,
0.0,
0.0,
0.0,
0.0,
0.0,
0.0,
0.0,
0.0,
0.0,
0.0,
0.0,
0.0,
0.0,
0.0,
0.0,
0.0,
0.0,
0.0,
0.0,
0.0,
0.0,
0.0,
0.0,
0.0,
0.0,
0.0,
0.0,
0.0,
0.0,
0.0,
0.0,
0.0,
0.0,
0.0,
0.0,
0.0,
0.0,
0.0,
0.0,
0.0,
0.0,
0.0,
0.0,
0.0,
0.0,
0.0,
0.0,
0.0,
0.0,
0.0,
0.0,
0.0,
0.0,
0.0,
0.0,
0.0,
0.0,
0.0,
0.0,
0.0,
0.0,
0.0,
0.0,
0.0,
0.0,
0.0,
0.0,
0.0,
0.0,
0.0,
0.0,
0.0,
0.0,
0.0,
0.0,
0.0,
0.0,
0.0,
0.0,
0.0,
0.0,
0.0,
0.0,
0.0,
0.0,
0.0,
0.0,
0.0,
0.0,
0.0,
0.0,
0.0,
0.0,
0.0,
0.0,
0.0,
0.0,
0.0,
0.0,
0.0,
0.0,
0.0,
0.0,
0.0,
0.0,
0.0,
0.0,
0.0,
0.0,
0.0,
0.0,
0.0,
0.0,
0.0,
0.0,
0.0,
0.0,
0.0,
0.0,
0.0,
0.0,
0.0,
0.0,
0.0,
0.0,
0.0,
0.0,
0.0,
0.0,
0.0,
0.0,
0.0,
0.0,
0.0,
0.0,
0.0,
0.0,
0.0,
0.0,
0.0,
0.0,
0.0,
0.0,
0.0,
0.0,
0.0,
0.0,
0.0,
0.0,
0.0,
0.0,
0.0,
0.0,
0.0,
0.0,
0.0,
0.0,
0.0,
0.0,
0.0,
0.0,
0.0,
0.0,
0.0,
0.0,
0.0,
0.0,
0.0,
0.0,
0.0,
0.0,
0.0,
0.0,
0.0,
0.0,
0.0,
0.0,
0.0,
0.0,
0.0,
0.0,
0.0,
0.0,
0.0,
0.0,
0.0,
0.0,
0.0,
0.0,
0.0,
0.0,
0.0,
0.0,
0.0,
0.0,
0.0,
0.0,
0.0,
0.0,
0.0,
0.0,
0.0,
0.0,
0.0,
0.0,
0.0,
0.0,
0.0,
0.0,
0.0,
0.0,
0.0,
0.0,
0.0,
0.0,
0.0,
0.0,
0.0,
0.0,
0.0,
0.0,
0.0,
0.0,
0.0,
0.0,
0.0,
0.0,
0.0,
0.0,
0.0,
0.0,
0.0,
0.0,
0.0,
0.0,
0.0,
0.0,
0.0,
0.0,
0.0,
0.0,
0.0,
0.0,
0.0,
0.0,
0.0,
0.0,
0.0,
0.0,
0.0,
0.0,
0.0,
0.0,
0.0,
0.0,
0.0,
0.0,
0.0,
0.0,
0.0,
0.0,
0.0,
0.0,
0.0,
0.0,
0.0,
0.0,
0.0,
0.0,
0.0,
0.0,
0.0,
0.0,
0.0,
0.0,
0.0,
0.0,
0.0,
0.0,
0.0,
0.0,
0.0,
0.0,
0.0,
0.0,
0.0,
0.0,
0.0,
0.0,
0.0,
0.0,
0.0,
0.0,
0.0,
0.0,
0.0,
0.0,
0.0,
0.0,
0.0,
0.0,
0.0,
0.0,
0.0,
0.0,
0.0,
0.0,
0.0,
0.0,
0.0,
0.0,
0.0,
0.0,
0.0,
0.0,
0.0,
0.0,
0.0,
0.0,
0.0,
0.0,
0.0,
0.0,
0.0,
0.0,
0.0,
0.0,
0.0,
0.0,
0.0,
0.0,
0.0,
0.0,
0.0,
0.0,
0.0,
0.0,
0.0,
0.0,
0.0,
0.0,
0.0,
0.0,
0.0,
0.0,
0.0,
0.0,
0.0,
0.0,
0.0,
0.0,
0.0,
0.0,
0.0,
0.0,
0.0,
0.0,
0.0,
0.0,
0.0,
0.0,
