1.0661005973815918,
1.069949746131897,
1.0704079866409302,
1.0724483728408813,
1.0726807117462158,
1.0730658769607544,
1.0734461545944214,
1.0722150802612305,
1.0737581253051758,
1.073897361755371,
1.0738813877105713,
1.074110507965088,
1.074316143989563,
1.0743484497070312,
1.0744234323501587,
1.0746177434921265,
1.0745803117752075,
1.0747584104537964,
1.0745813846588135,
1.0747933387756348,
1.0749608278274536,
1.074817419052124,
1.074891209602356,
1.0749186277389526,
1.0747660398483276,
1.075071096420288,
1.075152039527893,
1.075107216835022,
1.0752414464950562,
1.0752326250076294,
1.0751930475234985,
1.0753047466278076,
1.0754257440567017,
1.0753087997436523,
1.0754693746566772,
1.0753875970840454,
1.0754495859146118,
1.075577735900879,
1.0754327774047852,
1.0754977464675903,
1.075469732284546,
1.075398325920105,
1.075524926185608,
1.0756372213363647,
1.0754224061965942,
1.0755438804626465,
1.0755175352096558,
1.0753746032714844,
1.0754992961883545,
1.0756546258926392,
1.0755442380905151,
1.075585126876831,
1.075748324394226,
1.0755858421325684,
1.0755594968795776,
1.0754420757293701,
1.0755300521850586,
1.075656771659851,
1.075415849685669,
1.0755231380462646,
1.07557213306427,
1.0754742622375488,
1.075604796409607,
1.0756772756576538,
1.0754103660583496,
1.0755397081375122,
1.0755343437194824,
1.0754246711730957,
1.0755246877670288,
1.0755027532577515,
1.0753813982009888,
1.0753952264785767,
1.0754022598266602,
1.075398325920105,
1.0754374265670776,
1.0754183530807495,
1.075364351272583,
1.0754677057266235,
1.0752325057983398,
1.0753265619277954,
1.0751962661743164,
1.0750600099563599,
1.0751298666000366,
1.0751254558563232,
1.0750114917755127,
1.0751746892929077,
1.075292706489563,
1.0750818252563477,
1.0751420259475708,
1.0749315023422241,
1.0749515295028687,
1.074912667274475,
1.0750819444656372,
1.0748826265335083,
1.0748317241668701,
1.0747395753860474,
1.0747507810592651,
1.0747689008712769,
1.0746076107025146,
1.0746220350265503,
1.0745874643325806,
1.0744363069534302,
1.0745285749435425,
1.0744473934173584,
1.0742629766464233,
1.0743203163146973,
1.0743440389633179,
1.074218511581421,
1.0742733478546143,
1.0742875337600708,
1.0741970539093018,
1.0742899179458618,
1.0742638111114502,
1.0740808248519897,
1.0740000009536743,
1.0741225481033325,
1.0739442110061646,
1.0739576816558838,
1.073667287826538,
1.073667049407959,
1.073582649230957,
1.0734859704971313,
1.0736223459243774,
1.0735200643539429,
1.0733234882354736,
1.0733613967895508,
1.0733598470687866,
1.0731620788574219,
1.073141098022461,
1.0730589628219604,
1.0729604959487915,
1.0730454921722412,
1.073081612586975,
1.0728297233581543,
1.07290518283844,
1.0728602409362793,
1.0726991891860962,
1.0727163553237915,
1.072489857673645,
1.0724600553512573,
1.072431206703186,
1.0721994638442993,
1.0722826719284058,
1.0721858739852905,
1.0719355344772339,
1.0720481872558594,
1.0720466375350952,
1.0718034505844116,
1.0718998908996582,
1.071698784828186,
1.0715394020080566,
1.0716241598129272,
1.0715551376342773,
1.0713804960250854,
1.0713675022125244,
1.0712162256240845,
1.0712096691131592,
1.0711979866027832,
1.0710417032241821,
1.0710080862045288,
1.0708973407745361,
1.0706923007965088,
1.0708096027374268,
1.0706065893173218,
1.0703812837600708,
1.0704437494277954,
1.0703359842300415,
1.0701926946640015,
1.0701590776443481,
1.0700757503509521,
1.0698976516723633,
1.0699630975723267,
1.0700404644012451,
1.0696699619293213,
1.0696585178375244,
1.0696358680725098,
1.0694506168365479,
1.0693856477737427,
1.0691537857055664,
1.0690937042236328,
1.0691627264022827,
1.0689094066619873,
1.0690100193023682,
1.0689319372177124,
1.0686323642730713,
1.06864595413208,
1.068621277809143,
1.068365216255188,
1.068363070487976,
1.068206787109375,
1.0680241584777832,
1.0679887533187866,
1.067866325378418,
1.0677249431610107,
1.0676300525665283,
1.0676333904266357,
1.06747567653656,
1.0674196481704712,
1.0671330690383911,
1.0670469999313354,
1.0669264793395996,
1.0667471885681152,
1.0667266845703125,
1.0665626525878906,
1.0664005279541016,
1.066441297531128,
1.0663609504699707,
1.0661511421203613,
1.066059947013855,
1.065976619720459,
1.065793752670288,
1.065744161605835,
1.0655791759490967,
1.0653724670410156,
1.065231204032898,
1.0652557611465454,
1.0650094747543335,
1.0649737119674683,
1.0647733211517334,
1.0646071434020996,
1.0646308660507202,
1.0642893314361572,
1.0642307996749878,
1.0641050338745117,
1.0639218091964722,
1.0638396739959717,
1.063714623451233,
1.0634403228759766,
1.0634000301361084,
1.0633466243743896,
1.0631307363510132,
1.063089370727539,
1.06291663646698,
1.0627024173736572,
1.0626283884048462,
1.0626012086868286,
1.062337040901184,
1.0621531009674072,
1.0619179010391235,
1.0617361068725586,
1.0616588592529297,
1.0614086389541626,
1.061380386352539,
1.0613003969192505,
1.0609601736068726,
1.060912013053894,
1.0607479810714722,
1.0563559532165527,
1.0545785427093506,
1.058804988861084,
1.059402585029602,
1.0597821474075317,
1.0598070621490479,
1.0584485530853271,
1.059748649597168,
1.0595730543136597,
1.059401512145996,
1.0593600273132324,
1.0580142736434937,
1.0590734481811523,
1.0590429306030273,
1.0587282180786133,
1.0586329698562622,
1.0572974681854248,
1.058261513710022,
1.0581468343734741,
1.0579324960708618,
1.0576143264770508,
1.0576326847076416,
1.0574887990951538,
1.057214617729187,
1.0571558475494385,
1.0569345951080322,
1.0566484928131104,
1.0565708875656128,
1.056401014328003,
1.056148648262024,
1.055937647819519,
1.0555815696716309,
1.0554453134536743,
1.055223822593689,
1.0549278259277344,
1.0548913478851318,
1.0546844005584717,
1.054334282875061,
1.054256558418274,
1.0539193153381348,
1.0536307096481323,
1.0535134077072144,
1.0532763004302979,
1.053017258644104,
1.052819848060608,
1.0525646209716797,
1.0523722171783447,
1.0521858930587769,
1.0518351793289185,
1.0516483783721924,
1.051411509513855,
1.0511163473129272,
1.0509506464004517,
1.0506290197372437,
1.0502516031265259,
1.0500729084014893,
1.0497572422027588,
1.049498438835144,
1.0493143796920776,
1.0490028858184814,
1.048751711845398,
1.0485470294952393,
1.0481901168823242,
1.0478512048721313,
1.0476950407028198,
1.0471283197402954,
1.046966552734375,
1.0466351509094238,
1.0462266206741333,
1.0460724830627441,
1.0457355976104736,
1.0453078746795654,
1.0451027154922485,
1.0447497367858887,
1.0443570613861084,
1.0441932678222656,
1.0437082052230835,
1.0433820486068726,
1.043079137802124,
1.0426781177520752,
1.042366623878479,
1.0420469045639038,
1.041455864906311,
1.0412336587905884,
1.0408731698989868,
1.040340781211853,
1.040162205696106,
1.0397602319717407,
1.0389388799667358,
1.0387800931930542,
1.0384358167648315,
1.037947177886963,
1.0375648736953735,
1.0371103286743164,
1.0367597341537476,
1.03643798828125,
1.0359553098678589,
1.0354551076889038,
1.035089373588562,
1.034437894821167,
1.0341066122055054,
1.0337353944778442,
1.033068299293518,
1.0326685905456543,
1.031936526298523,
1.0314321517944336,
1.0311487913131714,
1.030720829963684,
1.0301252603530884,
1.0296521186828613,
1.0287611484527588,
1.0284571647644043,
1.0279371738433838,
1.0273891687393188,
1.0268038511276245,
1.025200605392456,
1.0256036520004272,
1.0252110958099365,
1.0246988534927368,
1.02385413646698,
1.022098183631897,
1.022836446762085,
1.022055983543396,
1.021485447883606,
1.0208313465118408,
1.0189433097839355,
1.0194779634475708,
1.0187129974365234,
1.0180062055587769,
1.0172932147979736,
1.0151997804641724,
1.0159497261047363,
1.0150489807128906,
1.0142464637756348,
1.0137566328048706,
1.0130157470703125,
1.0118998289108276,
1.0113918781280518,
1.0105047225952148,
1.009667158126831,
1.0088424682617188,
1.0080209970474243,
1.0064867734909058,
1.0062910318374634,
1.005052924156189,
1.0045197010040283,
1.0036290884017944,
1.0025906562805176,
1.0016425848007202,
1.000692367553711,
0.9995740652084351,
0.9986322522163391,
0.997474730014801,
0.9964842200279236,
0.9955853819847107,
0.994544506072998,
0.9931703805923462,
0.9923232793807983,
0.9909977316856384,
0.9898940324783325,
0.9886521100997925,
0.9874047636985779,
0.9860175848007202,
0.9844536781311035,
0.9835779070854187,
0.9820947051048279,
0.9808924794197083,
0.9796959757804871,
0.9780264496803284,
0.9764955639839172,
0.9749266505241394,
0.973363995552063,
0.9723929166793823,
0.9706422090530396,
0.968379020690918,
0.9673932194709778,
0.9655593037605286,
0.9640962481498718,
0.9623283743858337,
0.9606754779815674,
0.9587675333023071,
0.9572504162788391,
0.9555987119674683,
0.9535154700279236,
0.9515255689620972,
0.9493463635444641,
0.947307288646698,
0.9452504515647888,
0.9431959390640259,
0.9407746195793152,
0.9389311671257019,
0.936851441860199,
0.9346664547920227,
0.9326189160346985,
0.9302180409431458,
0.9272275567054749,
0.9261466860771179,
0.9237084984779358,
0.9208071231842041,
0.9186847805976868,
0.9167424440383911,
0.9145174622535706,
0.9120162129402161,
0.9097511768341064,
0.9076889753341675,
0.904632031917572,
0.9027877449989319,
0.9004970192909241,
0.8980914950370789,
0.8961559534072876,
0.8939178586006165,
0.8899686336517334,
0.8891645073890686,
0.8868110179901123,
0.8843207359313965,
0.8823078274726868,
0.8800556659698486,
0.8779494762420654,
0.8756794929504395,
0.8732921481132507,
0.8708236813545227,
0.868534505367279,
0.8662052154541016,
0.8636300563812256,
0.8613572716712952,
0.8590500354766846,
0.8565863370895386,
0.8530107140541077,
0.8518031239509583,
0.8491823673248291,
0.8469639420509338,
0.8445378541946411,
0.842117428779602,
0.8395424485206604,
0.8373686671257019,
0.834467351436615,
0.8325437903404236,
0.8302426338195801,
0.8277783393859863,
0.8253142237663269,
0.8253142237663269,
0.8253142237663269,
0.0,
0.0,
0.0,
0.0,
0.0,
0.0,
0.0,
0.0,
0.0,
0.0,
0.0,
0.0,
0.0,
0.0,
0.0,
0.0,
0.0,
0.0,
0.0,
0.0,
0.0,
0.0,
0.0,
0.0,
0.0,
0.0,
0.0,
0.0,
0.0,
0.0,
0.0,
0.0,
0.0,
0.0,
0.0,
0.0,
0.0,
0.0,
0.0,
0.0,
0.0,
0.0,
0.0,
0.0,
0.0,
0.0,
0.0,
0.0,
0.0,
0.0,
0.0,
0.0,
0.0,
0.0,
0.0,
0.0,
0.0,
0.0,
0.0,
0.0,
0.0,
0.0,
0.0,
0.0,
0.0,
0.0,
0.0,
0.0,
0.0,
0.0,
0.0,
0.0,
0.0,
0.0,
0.0,
0.0,
0.0,
0.0,
0.0,
0.0,
0.0,
0.0,
0.0,
0.0,
0.0,
0.0,
0.0,
0.0,
0.0,
0.0,
0.0,
0.0,
0.0,
0.0,
0.0,
0.0,
0.0,
0.0,
0.0,
0.0,
0.0,
0.0,
0.0,
0.0,
0.0,
0.0,
0.0,
0.0,
0.0,
0.0,
0.0,
0.0,
0.0,
0.0,
0.0,
0.0,
0.0,
0.0,
0.0,
0.0,
0.0,
0.0,
0.0,
0.0,
0.0,
0.0,
0.0,
0.0,
0.0,
0.0,
0.0,
0.0,
0.0,
0.0,
0.0,
0.0,
0.0,
0.0,
0.0,
0.0,
0.0,
0.0,
0.0,
0.0,
0.0,
0.0,
0.0,
0.0,
0.0,
0.0,
0.0,
0.0,
0.0,
0.0,
0.0,
0.0,
0.0,
0.0,
0.0,
0.0,
0.0,
0.0,
0.0,
0.0,
0.0,
0.0,
0.0,
0.0,
0.0,
0.0,
0.0,
0.0,
0.0,
0.0,
0.0,
0.0,
0.0,
0.0,
0.0,
0.0,
0.0,
0.0,
0.0,
0.0,
0.0,
0.0,
0.0,
0.0,
0.0,
0.0,
0.0,
0.0,
0.0,
0.0,
0.0,
0.0,
0.0,
0.0,
0.0,
0.0,
0.0,
0.0,
0.0,
0.0,
0.0,
0.0,
0.0,
0.0,
0.0,
0.0,
0.0,
0.0,
0.0,
0.0,
0.0,
0.0,
0.0,
0.0,
0.0,
0.0,
0.0,
0.0,
0.0,
0.0,
0.0,
0.0,
0.0,
0.0,
0.0,
0.0,
0.0,
0.0,
0.0,
0.0,
0.0,
0.0,
0.0,
0.0,
0.0,
0.0,
0.0,
0.0,
0.0,
0.0,
0.0,
0.0,
0.0,
0.0,
0.0,
0.0,
0.0,
0.0,
0.0,
0.0,
0.0,
0.0,
0.0,
0.0,
0.0,
0.0,
0.0,
0.0,
0.0,
0.0,
0.0,
0.0,
0.0,
0.0,
0.0,
0.0,
0.0,
0.0,
0.0,
0.0,
0.0,
0.0,
0.0,
0.0,
0.0,
0.0,
0.0,
0.0,
0.0,
0.0,
0.0,
0.0,
0.0,
0.0,
0.0,
0.0,
0.0,
0.0,
0.0,
0.0,
0.0,
0.0,
0.0,
0.0,
0.0,
0.0,
0.0,
0.0,
0.0,
0.0,
0.0,
0.0,
0.0,
0.0,
0.0,
0.0,
0.0,
0.0,
0.0,
0.0,
0.0,
0.0,
0.0,
0.0,
0.0,
0.0,
0.0,
0.0,
0.0,
0.0,
0.0,
0.0,
0.0,
0.0,
0.0,
0.0,
0.0,
0.0,
0.0,
0.0,
0.0,
0.0,
0.0,
0.0,
0.0,
0.0,
0.0,
0.0,
0.0,
0.0,
0.0,
0.0,
0.0,
0.0,
0.0,
0.0,
0.0,
0.0,
0.0,
0.0,
0.0,
0.0,
0.0,
0.0,
0.0,
0.0,
0.0,
0.0,
0.0,
0.0,
0.0,
0.0,
0.0,
0.0,
0.0,
0.0,
0.0,
0.0,
0.0,
0.0,
0.0,
0.0,
0.0,
0.0,
0.0,
0.0,
0.0,
0.0,
0.0,
0.0,
0.0,
0.0,
0.0,
0.0,
0.0,
0.0,
0.0,
0.0,
0.0,
0.0,
0.0,
0.0,
0.0,
0.0,
0.0,
0.0,
0.0,
0.0,
0.0,
0.0,
0.0,
0.0,
0.0,
0.0,
0.0,
0.0,
0.0,
0.0,
0.0,
0.0,
0.0,
0.0,
0.0,
0.0,
0.0,
0.0,
0.0,
0.0,
0.0,
0.0,
0.0,
0.0,
0.0,
0.0,
0.0,
0.0,
0.0,
0.0,
0.0,
0.0,
0.0,
0.0,
0.0,
0.0,
0.0,
0.0,
0.0,
0.0,
0.0,
0.0,
0.0,
0.0,
0.0,
0.0,
0.0,
0.0,
0.0,
0.0,
0.0,
0.0,
0.0,
0.0,
0.0,
0.0,
0.0,
0.0,
0.0,
0.0,
0.0,
0.0,
0.0,
0.0,
0.0,
0.0,
0.0,
0.0,
0.0,
0.0,
0.0,
0.0,
0.0,
0.0,
0.0,
0.0,
0.0,
0.0,
0.0,
0.0,
0.0,
0.0,
0.0,
0.0,
0.0,
0.0,
0.0,
0.0,
0.0,
0.0,
0.0,
0.0,
0.0,
0.0,
0.0,
0.0,
0.0,
0.0,
0.0,
0.0,
0.0,
0.0,
0.0,
0.0,
0.0,
0.0,
0.0,
0.0,
0.0,
0.0,
0.0,
0.0,
0.0,
0.0,
0.0,
0.0,
0.0,
0.0,
0.0,
0.0,
0.0,
0.0,
0.0,
0.0,
0.0,
0.0,
0.0,
0.0,
0.0,
0.0,
0.0,
0.0,
0.0,
0.0,
0.0,
0.0,
0.0,
0.0,
0.0,
0.0,
0.0,
0.0,
0.0,
0.0,
0.0,
0.0,
0.0,
0.0,
0.0,
0.0,
0.0,
0.0,
0.0,
0.0,
0.0,
0.0,
0.0,
0.0,
0.0,
0.0,
0.0,
0.0,
0.0,
0.0,
0.0,
0.0,
0.0,
0.0,
0.0,
0.0,
0.0,
0.0,
0.0,
0.0,
0.0,
0.0,
0.0,
0.0,
0.0,
0.0,
0.0,
0.0,
0.0,
0.0,
0.0,
0.0,
0.0,
0.0,
0.0,
0.0,
0.0,
0.0,
0.0,
0.0,
0.0,
0.0,
0.0,
0.0,
0.0,
0.0,
0.0,
0.0,
0.0,
0.0,
0.0,
0.0,
0.0,
0.0,
0.0,
0.0,
0.0,
0.0,
0.0,
0.0,
0.0,
0.0,
0.0,
0.0,
0.0,
0.0,
0.0,
0.0,
0.0,
0.0,
0.0,
0.0,
0.0,
0.0,
0.0,
0.0,
0.0,
0.0,
0.0,
0.0,
0.0,
0.0,
0.0,
0.0,
0.0,
0.0,
0.0,
0.0,
0.0,
0.0,
0.0,
0.0,
0.0,
0.0,
0.0,
0.0,
0.0,
0.0,
0.0,
0.0,
0.0,
0.0,
0.0,
0.0,
0.0,
0.0,
0.0,
0.0,
0.0,
0.0,
0.0,
0.0,
0.0,
0.0,
0.0,
0.0,
0.0,
0.0,
0.0,
0.0,
0.0,
0.0,
0.0,
0.0,
0.0,
0.0,
0.0,
0.0,
0.0,
0.0,
0.0,
0.0,
0.0,
0.0,
0.0,
0.0,
0.0,
0.0,
0.0,
0.0,
0.0,
0.0,
0.0,
0.0,
0.0,
0.0,
0.0,
0.0,
0.0,
0.0,
0.0,
0.0,
0.0,
0.0,
0.0,
0.0,
0.0,
0.0,
0.0,
0.0,
0.0,
0.0,
0.0,
0.0,
0.0,
0.0,
0.0,
0.0,
0.0,
0.0,
0.0,
0.0,
0.0,
0.0,
0.0,
0.0,
0.0,
0.0,
0.0,
0.0,
0.0,
0.0,
0.0,
0.0,
0.0,
0.0,
0.0,
0.0,
0.0,
0.0,
0.0,
0.0,
0.0,
0.0,
0.0,
0.0,
0.0,
0.0,
0.0,
0.0,
0.0,
0.0,
0.0,
0.0,
0.0,
0.0,
0.0,
0.0,
0.0,
0.0,
0.0,
0.0,
0.0,
0.0,
0.0,
0.0,
0.0,
0.0,
0.0,
0.0,
0.0,
0.0,
0.0,
0.0,
0.0,
0.0,
0.0,
0.0,
0.0,
0.0,
0.0,
0.0,
0.0,
0.0,
0.0,
0.0,
0.0,
0.0,
0.0,
0.0,
0.0,
0.0,
0.0,
0.0,
0.0,
0.0,
0.0,
0.0,
0.0,
0.0,
0.0,
0.0,
0.0,
0.0,
0.0,
0.0,
0.0,
0.0,
0.0,
0.0,
0.0,
0.0,
0.0,
0.0,
0.0,
0.0,
0.0,
0.0,
0.0,
0.0,
0.0,
0.0,
0.0,
0.0,
0.0,
0.0,
0.0,
0.0,
0.0,
0.0,
0.0,
0.0,
0.0,
0.0,
0.0,
0.0,
0.0,
0.0,
0.0,
0.0,
0.0,
0.0,
0.0,
0.0,
0.0,
0.0,
0.0,
0.0,
0.0,
0.0,
0.0,
0.0,
0.0,
0.0,
0.0,
0.0,
0.0,
0.0,
0.0,
0.0,
0.0,
0.0,
0.0,
0.0,
0.0,
0.0,
0.0,
0.0,
0.0,
0.0,
0.0,
0.0,
0.0,
0.0,
0.0,
0.0,
0.0,
0.0,
0.0,
0.0,
0.0,
0.0,
0.0,
0.0,
0.0,
0.0,
0.0,
0.0,
0.0,
0.0,
0.0,
0.0,
0.0,
0.0,
0.0,
0.0,
0.0,
0.0,
0.0,
0.0,
0.0,
0.0,
0.0,
0.0,
0.0,
0.0,
0.0,
0.0,
0.0,
0.0,
0.0,
0.0,
0.0,
0.0,
0.0,
0.0,
0.0,
0.0,
0.0,
0.0,
0.0,
0.0,
0.0,
0.0,
0.0,
0.0,
0.0,
0.0,
0.0,
0.0,
0.0,
0.0,
0.0,
0.0,
0.0,
0.0,
0.0,
0.0,
0.0,
0.0,
0.0,
0.0,
0.0,
0.0,
0.0,
0.0,
0.0,
0.0,
0.0,
0.0,
0.0,
0.0,
0.0,
0.0,
0.0,
0.0,
0.0,
0.0,
0.0,
0.0,
0.0,
0.0,
0.0,
0.0,
0.0,
0.0,
0.0,
0.0,
0.0,
0.0,
0.0,
0.0,
0.0,
0.0,
0.0,
0.0,
0.0,
0.0,
0.0,
0.0,
0.0,
0.0,
0.0,
0.0,
0.0,
0.0,
0.0,
0.0,
0.0,
0.0,
0.0,
0.0,
0.0,
0.0,
0.0,
0.0,
0.0,
0.0,
0.0,
0.0,
0.0,
0.0,
0.0,
0.0,
0.0,
0.0,
0.0,
0.0,
0.0,
0.0,
0.0,
0.0,
0.0,
0.0,
0.0,
0.0,
0.0,
0.0,
0.0,
0.0,
0.0,
0.0,
0.0,
0.0,
0.0,
0.0,
0.0,
0.0,
0.0,
0.0,
0.0,
0.0,
0.0,
0.0,
0.0,
0.0,
0.0,
0.0,
0.0,
0.0,
0.0,
0.0,
0.0,
0.0,
0.0,
0.0,
0.0,
0.0,
0.0,
0.0,
0.0,
0.0,
0.0,
0.0,
0.0,
0.0,
0.0,
0.0,
0.0,
0.0,
0.0,
0.0,
0.0,
0.0,
0.0,
0.0,
0.0,
0.0,
0.0,
0.0,
0.0,
0.0,
0.0,
0.0,
0.0,
0.0,
0.0,
0.0,
0.0,
0.0,
0.0,
0.0,
0.0,
0.0,
0.0,
0.0,
0.0,
0.0,
0.0,
0.0,
0.0,
0.0,
0.0,
0.0,
0.0,
0.0,
0.0,
0.0,
0.0,
0.0,
0.0,
0.0,
0.0,
0.0,
0.0,
0.0,
0.0,
0.0,
0.0,
0.0,
0.0,
0.0,
0.0,
0.0,
0.0,
0.0,
0.0,
0.0,
0.0,
0.0,
0.0,
0.0,
0.0,
0.0,
0.0,
0.0,
0.0,
0.0,
0.0,
0.0,
0.0,
0.0,
0.0,
0.0,
0.0,
0.0,
0.0,
0.0,
0.0,
0.0,
0.0,
0.0,
0.0,
0.0,
0.0,
0.0,
0.0,
0.0,
0.0,
0.0,
0.0,
0.0,
0.0,
0.0,
0.0,
0.0,
0.0,
0.0,
0.0,
0.0,
0.0,
0.0,
0.0,
0.0,
0.0,
0.0,
0.0,
0.0,
0.0,
0.0,
0.0,
0.0,
0.0,
0.0,
0.0,
0.0,
0.0,
0.0,
0.0,
0.0,
0.0,
0.0,
0.0,
0.0,
0.0,
0.0,
0.0,
0.0,
0.0,
0.0,
0.0,
0.0,
0.0,
0.0,
0.0,
0.0,
0.0,
0.0,
0.0,
0.0,
0.0,
0.0,
0.0,
0.0,
0.0,
0.0,
0.0,
0.0,
0.0,
0.0,
0.0,
0.0,
0.0,
0.0,
0.0,
0.0,
0.0,
0.0,
0.0,
0.0,
0.0,
0.0,
0.0,
0.0,
0.0,
0.0,
0.0,
0.0,
0.0,
0.0,
0.0,
0.0,
0.0,
0.0,
0.0,
0.0,
0.0,
0.0,
0.0,
0.0,
0.0,
0.0,
0.0,
0.0,
0.0,
0.0,
0.0,
0.0,
0.0,
0.0,
0.0,
0.0,
0.0,
0.0,
0.0,
0.0,
0.0,
0.0,
0.0,
0.0,
0.0,
0.0,
0.0,
0.0,
0.0,
0.0,
0.0,
0.0,
0.0,
0.0,
0.0,
0.0,
0.0,
0.0,
0.0,
0.0,
0.0,
0.0,
0.0,
0.0,
0.0,
0.0,
0.0,
0.0,
0.0,
0.0,
0.0,
0.0,
0.0,
0.0,
0.0,
0.0,
0.0,
0.0,
0.0,
0.0,
0.0,
0.0,
0.0,
0.0,
0.0,
0.0,
0.0,
0.0,
0.0,
0.0,
0.0,
0.0,
0.0,
0.0,
0.0,
0.0,
0.0,
0.0,
0.0,
0.0,
0.0,
0.0,
0.0,
0.0,
0.0,
0.0,
0.0,
0.0,
0.0,
0.0,
0.0,
0.0,
0.0,
0.0,
0.0,
0.0,
0.0,
0.0,
0.0,
0.0,
0.0,
0.0,
0.0,
0.0,
0.0,
0.0,
0.0,
0.0,
0.0,
0.0,
0.0,
0.0,
0.0,
0.0,
0.0,
0.0,
0.0,
0.0,
0.0,
0.0,
0.0,
0.0,
0.0,
0.0,
0.0,
0.0,
0.0,
0.0,
0.0,
0.0,
0.0,
0.0,
0.0,
0.0,
0.0,
0.0,
0.0,
0.0,
0.0,
0.0,
0.0,
0.0,
0.0,
0.0,
0.0,
0.0,
0.0,
0.0,
0.0,
0.0,
0.0,
0.0,
0.0,
0.0,
0.0,
0.0,
0.0,
0.0,
0.0,
0.0,
0.0,
0.0,
0.0,
0.0,
0.0,
0.0,
0.0,
0.0,
0.0,
0.0,
0.0,
0.0,
0.0,
0.0,
0.0,
0.0,
0.0,
0.0,
0.0,
0.0,
0.0,
0.0,
0.0,
0.0,
0.0,
0.0,
0.0,
0.0,
0.0,
0.0,
0.0,
0.0,
0.0,
0.0,
0.0,
0.0,
0.0,
0.0,
0.0,
0.0,
0.0,
0.0,
0.0,
0.0,
0.0,
0.0,
0.0,
0.0,
0.0,
0.0,
0.0,
0.0,
0.0,
0.0,
0.0,
0.0,
0.0,
0.0,
0.0,
0.0,
0.0,
0.0,
0.0,
0.0,
0.0,
0.0,
0.0,
0.0,
0.0,
0.0,
0.0,
0.0,
0.0,
0.0,
0.0,
0.0,
0.0,
0.0,
0.0,
0.0,
0.0,
0.0,
0.0,
0.0,
0.0,
0.0,
0.0,
0.0,
0.0,
0.0,
0.0,
0.0,
0.0,
0.0,
0.0,
0.0,
0.0,
0.0,
0.0,
0.0,
0.0,
0.0,
0.0,
0.0,
0.0,
0.0,
0.0,
0.0,
0.0,
0.0,
0.0,
0.0,
0.0,
0.0,
0.0,
0.0,
0.0,
0.0,
0.0,
0.0,
0.0,
0.0,
0.0,
0.0,
0.0,
0.0,
0.0,
0.0,
0.0,
0.0,
0.0,
0.0,
0.0,
0.0,
0.0,
0.0,
0.0,
0.0,
0.0,
0.0,
0.0,
0.0,
0.0,
0.0,
0.0,
0.0,
0.0,
0.0,
0.0,
0.0,
0.0,
0.0,
0.0,
0.0,
0.0,
0.0,
0.0,
0.0,
0.0,
0.0,
0.0,
0.0,
0.0,
0.0,
0.0,
0.0,
0.0,
0.0,
0.0,
0.0,
0.0,
0.0,
0.0,
0.0,
0.0,
0.0,
0.0,
0.0,
0.0,
0.0,
0.0,
0.0,
0.0,
0.0,
0.0,
0.0,
0.0,
0.0,
0.0,
0.0,
0.0,
0.0,
0.0,
0.0,
0.0,
0.0,
0.0,
0.0,
0.0,
0.0,
0.0,
0.0,
0.0,
0.0,
0.0,
0.0,
0.0,
0.0,
0.0,
0.0,
0.0,
0.0,
0.0,
0.0,
0.0,
0.0,
0.0,
0.0,
0.0,
0.0,
0.0,
0.0,
0.0,
0.0,
0.0,
0.0,
0.0,
0.0,
0.0,
0.0,
0.0,
0.0,
0.0,
0.0,
0.0,
0.0,
0.0,
0.0,
0.0,
0.0,
0.0,
0.0,
0.0,
0.0,
0.0,
0.0,
0.0,
0.0,
0.0,
0.0,
0.0,
0.0,
0.0,
0.0,
0.0,
0.0,
0.0,
0.0,
0.0,
0.0,
0.0,
0.0,
0.0,
0.0,
0.0,
0.0,
0.0,
0.0,
0.0,
0.0,
0.0,
0.0,
0.0,
0.0,
0.0,
0.0,
0.0,
0.0,
0.0,
0.0,
0.0,
0.0,
0.0,
0.0,
0.0,
0.0,
0.0,
0.0,
0.0,
0.0,
0.0,
0.0,
0.0,
0.0,
0.0,
0.0,
0.0,
0.0,
0.0,
0.0,
0.0,
0.0,
0.0,
0.0,
0.0,
0.0,
0.0,
0.0,
0.0,
0.0,
0.0,
0.0,
0.0,
0.0,
0.0,
0.0,
0.0,
0.0,
0.0,
0.0,
0.0,
0.0,
0.0,
0.0,
0.0,
0.0,
0.0,
0.0,
0.0,
0.0,
0.0,
0.0,
0.0,
0.0,
0.0,
0.0,
0.0,
0.0,
0.0,
0.0,
0.0,
0.0,
0.0,
0.0,
0.0,
0.0,
0.0,
0.0,
0.0,
0.0,
0.0,
0.0,
0.0,
0.0,
0.0,
0.0,
0.0,
0.0,
0.0,
0.0,
0.0,
0.0,
0.0,
0.0,
0.0,
0.0,
0.0,
0.0,
0.0,
0.0,
0.0,
0.0,
0.0,
0.0,
0.0,
0.0,
0.0,
0.0,
0.0,
0.0,
0.0,
0.0,
0.0,
0.0,
0.0,
0.0,
0.0,
0.0,
0.0,
0.0,
0.0,
0.0,
0.0,
0.0,
0.0,
0.0,
0.0,
0.0,
0.0,
0.0,
0.0,
0.0,
0.0,
0.0,
0.0,
0.0,
0.0,
0.0,
0.0,
0.0,
0.0,
0.0,
0.0,
