1.0753651857376099,
1.0797309875488281,
1.0792044401168823,
1.081130862236023,
1.0818432569503784,
1.0821493864059448,
1.0826574563980103,
1.0817033052444458,
1.0830785036087036,
1.0833873748779297,
1.083709955215454,
1.0839264392852783,
1.0842479467391968,
1.084414005279541,
1.0845621824264526,
1.0848724842071533,
1.0848174095153809,
1.0849303007125854,
1.0851449966430664,
1.085119605064392,
1.0852044820785522,
1.0854063034057617,
1.0852457284927368,
1.0851300954818726,
1.0853172540664673,
1.0853625535964966,
1.0853826999664307,
1.0855456590652466,
1.0855169296264648,
1.0854761600494385,
1.0854651927947998,
1.0854383707046509,
1.0855722427368164,
1.0854921340942383,
1.0856046676635742,
1.085836410522461,
1.085760474205017,
1.08587646484375,
1.0860698223114014,
1.0859320163726807,
1.0858349800109863,
1.0860116481781006,
1.0858314037322998,
1.085900902748108,
1.085963249206543,
1.0858474969863892,
1.0858768224716187,
1.0858259201049805,
1.0857378244400024,
1.0858954191207886,
1.0859088897705078,
1.0858348608016968,
1.08603835105896,
1.0857667922973633,
1.0857044458389282,
1.0858629941940308,
1.0857162475585938,
1.0857458114624023,
1.0858254432678223,
1.0857065916061401,
1.0858299732208252,
1.0860178470611572,
1.085807204246521,
1.0858526229858398,
1.0858958959579468,
1.0858150720596313,
1.0858598947525024,
1.0859289169311523,
1.0858473777770996,
1.0859218835830688,
1.0858206748962402,
1.085693359375,
1.0858172178268433,
1.0857398509979248,
1.0857096910476685,
1.0858150720596313,
1.0856516361236572,
1.0856411457061768,
1.0856966972351074,
1.0855188369750977,
1.0855224132537842,
1.085550308227539,
1.085464596748352,
1.085385799407959,
1.0855640172958374,
1.085500717163086,
1.0854803323745728,
1.0855714082717896,
1.0854990482330322,
1.0855618715286255,
1.0855097770690918,
1.0854415893554688,
1.0854138135910034,
1.0853002071380615,
1.0852299928665161,
1.085270643234253,
1.0850454568862915,
1.085097312927246,
1.0853849649429321,
1.0852383375167847,
1.0852205753326416,
1.0851354598999023,
1.0849440097808838,
1.0849155187606812,
1.0848970413208008,
1.084854006767273,
1.0848321914672852,
1.0847947597503662,
1.0849034786224365,
1.0850328207015991,
1.0849132537841797,
1.0847004652023315,
1.0848543643951416,
1.0847015380859375,
1.0847092866897583,
1.0847699642181396,
1.0833512544631958,
1.0844849348068237,
1.0845191478729248,
1.084280014038086,
1.0842739343643188,
1.0830612182617188,
1.0842311382293701,
1.0842466354370117,
1.0842030048370361,
1.0840041637420654,
1.0827869176864624,
1.0839060544967651,
1.0838134288787842,
1.0838212966918945,
1.0837206840515137,
1.082543969154358,
1.0839359760284424,
1.083728313446045,
1.083835244178772,
1.0838701725006104,
1.08245050907135,
1.0835634469985962,
1.083606243133545,
1.0833876132965088,
1.0833444595336914,
1.0821396112442017,
1.083194375038147,
1.0831371545791626,
1.083122730255127,
1.083006501197815,
1.0818697214126587,
1.082945704460144,
1.0829222202301025,
1.0828956365585327,
1.0826020240783691,
1.081386923789978,
1.0826975107192993,
1.0824705362319946,
1.0824782848358154,
1.0825341939926147,
1.0812321901321411,
1.082471251487732,
1.0824412107467651,
1.0822499990463257,
1.082127571105957,
1.0821666717529297,
1.082046389579773,
1.081986904144287,
1.0818837881088257,
1.0818710327148438,
1.0818519592285156,
1.0816164016723633,
1.081574559211731,
1.0816457271575928,
1.081452488899231,
1.081398367881775,
1.081559419631958,
1.08123779296875,
1.0810420513153076,
1.081079363822937,
1.080912470817566,
1.0808452367782593,
1.080844521522522,
1.0807563066482544,
1.0807212591171265,
1.0807515382766724,
1.0805938243865967,
1.0805063247680664,
1.0804688930511475,
1.0802485942840576,
1.08024001121521,
1.0801652669906616,
1.0800796747207642,
1.0801399946212769,
1.0798286199569702,
1.0796854496002197,
1.0797765254974365,
1.0795873403549194,
1.079583764076233,
1.0796250104904175,
1.079433798789978,
1.0791970491409302,
1.0791904926300049,
1.079005479812622,
1.0789278745651245,
1.078882098197937,
1.078669548034668,
1.0787317752838135,
1.0786725282669067,
1.0785964727401733,
1.0786386728286743,
1.078437328338623,
1.0783103704452515,
1.0784491300582886,
1.0781503915786743,
1.078039288520813,
1.0780644416809082,
1.0778394937515259,
1.0777875185012817,
1.077657699584961,
1.0774776935577393,
1.0774635076522827,
1.077417254447937,
1.077284336090088,
1.0772231817245483,
1.0770349502563477,
1.076899766921997,
1.076918363571167,
1.0766962766647339,
1.0765866041183472,
1.0765200853347778,
1.0763887166976929,
1.0763263702392578,
1.0764477252960205,
1.0761353969573975,
1.0761226415634155,
1.0761387348175049,
1.0759028196334839,
1.0758936405181885,
1.075736165046692,
1.0755975246429443,
1.075300931930542,
1.0752854347229004,
1.0750995874404907,
1.0749837160110474,
1.0749140977859497,
1.0747909545898438,
1.0747771263122559,
1.074647068977356,
1.0745067596435547,
1.0744554996490479,
1.0712429285049438,
1.0717655420303345,
1.0722161531448364,
1.0725337266921997,
1.0725566148757935,
1.0728155374526978,
1.072632908821106,
1.0725250244140625,
1.0726038217544556,
1.0724014043807983,
1.0723870992660522,
1.0724422931671143,
1.0723744630813599,
1.0722565650939941,
1.0721971988677979,
1.0720487833023071,
1.0719045400619507,
1.0718389749526978,
1.071691870689392,
1.0716372728347778,
1.0714935064315796,
1.0714935064315796,
1.071539044380188,
1.071333408355713,
1.071189522743225,
1.0711997747421265,
1.0710529088974,
1.0709407329559326,
1.0709176063537598,
1.0706777572631836,
1.070000171661377,
1.0704033374786377,
1.0702229738235474,
1.0701217651367188,
1.0700197219848633,
1.068644642829895,
1.0697970390319824,
1.0696293115615845,
1.0693861246109009,
1.0693844556808472,
1.0679703950881958,
1.0690406560897827,
1.0690155029296875,
1.0687605142593384,
1.0686235427856445,
1.0674073696136475,
1.0684361457824707,
1.068251609802246,
1.0681530237197876,
1.0679476261138916,
1.0665576457977295,
1.067667841911316,
1.0674570798873901,
1.0673658847808838,
1.0671643018722534,
1.0657461881637573,
1.0669097900390625,
1.0665853023529053,
1.0664290189743042,
1.066408634185791,
1.0661795139312744,
1.066015601158142,
1.065834403038025,
1.0655838251113892,
1.065427303314209,
1.0652613639831543,
1.0650180578231812,
1.0648969411849976,
1.0647002458572388,
1.0645802021026611,
1.0645025968551636,
1.06424081325531,
1.0640361309051514,
1.0639532804489136,
1.0636662244796753,
1.0634446144104004,
1.0633063316345215,
1.0629868507385254,
1.0627378225326538,
1.0625871419906616,
1.0623112916946411,
1.0621134042739868,
1.0618947744369507,
1.0617138147354126,
1.061541199684143,
1.0611995458602905,
1.060977578163147,
1.060760498046875,
1.0604100227355957,
1.0601482391357422,
1.060075044631958,
1.0597048997879028,
1.0595022439956665,
1.0594240427017212,
1.0591009855270386,
1.0589247941970825,
1.0586167573928833,
1.05830717086792,
1.058173418045044,
1.0578405857086182,
1.0575017929077148,
1.0574709177017212,
1.057024359703064,
1.056691288948059,
1.0565869808197021,
1.0561776161193848,
1.055830717086792,
1.0557770729064941,
1.0553399324417114,
1.0549845695495605,
1.054684042930603,
1.0542373657226562,
1.0539462566375732,
1.0536457300186157,
1.0532664060592651,
1.0531595945358276,
1.0527839660644531,
1.0525532960891724,
1.0524555444717407,
1.0519987344741821,
1.0515050888061523,
1.0513793230056763,
1.0508852005004883,
1.0505326986312866,
1.0502963066101074,
1.0498652458190918,
1.0494681596755981,
1.0491098165512085,
1.0487462282180786,
1.0483107566833496,
1.0480549335479736,
1.0477107763290405,
1.047452449798584,
1.0469106435775757,
1.045220136642456,
1.0461329221725464,
1.045545220375061,
1.0451154708862305,
1.0447895526885986,
1.0431506633758545,
1.044012188911438,
1.0435819625854492,
1.043254017829895,
1.042893648147583,
1.04121732711792,
1.0419914722442627,
1.0415689945220947,
1.0410207509994507,
1.0404914617538452,
1.0390123128890991,
1.0396145582199097,
1.0390475988388062,
1.0385349988937378,
1.038046956062317,
1.037590503692627,
1.0371875762939453,
1.0364917516708374,
1.0361292362213135,
1.0355422496795654,
1.0349026918411255,
1.034483551979065,
1.0337961912155151,
1.0332111120224,
1.032860279083252,
1.0322643518447876,
1.0317695140838623,
1.0313655138015747,
1.0306931734085083,
1.0301132202148438,
1.0295789241790771,
1.0289074182510376,
1.0283257961273193,
1.027696132659912,
1.0270192623138428,
1.0261787176132202,
1.025726318359375,
1.0250824689865112,
1.02460515499115,
1.0238312482833862,
1.0231934785842896,
1.0226513147354126,
1.0217962265014648,
1.0210635662078857,
1.0202950239181519,
1.0195945501327515,
1.0188268423080444,
1.0179708003997803,
1.0173040628433228,
1.0165181159973145,
1.0159016847610474,
1.0151070356369019,
1.0144269466400146,
1.013290524482727,
1.0126532316207886,
1.0118452310562134,
1.0109045505523682,
1.0098849534988403,
1.0092006921768188,
1.008215308189392,
1.0074577331542969,
1.0063844919204712,
1.0055867433547974,
1.004273533821106,
1.0029760599136353,
1.0024232864379883,
1.0017151832580566,
1.0004183053970337,
0.999579906463623,
0.9971233010292053,
0.9975622296333313,
0.9964009523391724,
0.9953761696815491,
0.9939343929290771,
0.9918057918548584,
0.9919024705886841,
0.9906069040298462,
0.9901368618011475,
0.9886571764945984,
0.9864533543586731,
0.9865587949752808,
0.9852181077003479,
0.9837952852249146,
0.9824811816215515,
0.979873538017273,
0.9798922538757324,
0.9786086678504944,
0.977337658405304,
0.9758225679397583,
0.9735196232795715,
0.9731653928756714,
0.9717803001403809,
0.9703086614608765,
0.9689120054244995,
0.9673322439193726,
0.9662667512893677,
0.9646763205528259,
0.9632692933082581,
0.961753785610199,
0.9605487585067749,
0.9589440226554871,
0.957262396812439,
0.9557920694351196,
0.9542627334594727,
0.9527152180671692,
0.9513862133026123,
0.9498692154884338,
0.9480018615722656,
0.9466847777366638,
0.9451902508735657,
0.9432040452957153,
0.9417485594749451,
0.9403141736984253,
0.9385708570480347,
0.9370904564857483,
0.9354977011680603,
0.933563232421875,
0.9319859147071838,
0.9303097724914551,
0.9288308620452881,
0.9269139170646667,
0.9252557158470154,
0.9237580299377441,
0.9222507476806641,
0.9204738736152649,
0.9186841249465942,
0.9171306490898132,
0.915378212928772,
0.913463294506073,
0.9120776653289795,
0.9089056253433228,
0.9084180593490601,
0.906460165977478,
0.9049646258354187,
0.9031170010566711,
0.9013922214508057,
0.8995525240898132,
0.8977043628692627,
0.8961231112480164,
0.8942784667015076,
0.8924183249473572,
0.8904779553413391,
0.8889123797416687,
0.8869633674621582,
0.8852894306182861,
0.8837199807167053,
0.8814653754234314,
0.880232572555542,
0.8779874444007874,
0.8762657046318054,
0.8742022514343262,
0.8725155591964722,
0.8704071640968323,
0.8687761425971985,
0.8663650751113892,
0.8650848865509033,
0.8626140356063843,
0.8609616756439209,
0.8584458231925964,
0.8569347262382507,
0.8544132113456726,
0.8528482913970947,
0.8505839705467224,
0.848690927028656,
0.8463540077209473,
0.8444514274597168,
0.8408905863761902,
0.8395503163337708,
0.8382159471511841,
0.8356646299362183,
0.833699107170105,
0.8311456441879272,
0.8293425440788269,
0.8271571397781372,
0.8271571397781372,
0.8271571397781372,
0.0,
0.0,
0.0,
0.0,
0.0,
0.0,
0.0,
0.0,
0.0,
0.0,
0.0,
0.0,
0.0,
0.0,
0.0,
0.0,
0.0,
0.0,
0.0,
0.0,
0.0,
0.0,
0.0,
0.0,
0.0,
0.0,
0.0,
0.0,
0.0,
0.0,
0.0,
0.0,
0.0,
0.0,
0.0,
0.0,
0.0,
0.0,
0.0,
0.0,
0.0,
0.0,
0.0,
0.0,
0.0,
0.0,
0.0,
0.0,
0.0,
0.0,
0.0,
0.0,
0.0,
0.0,
0.0,
0.0,
0.0,
0.0,
0.0,
0.0,
0.0,
0.0,
0.0,
0.0,
0.0,
0.0,
0.0,
0.0,
0.0,
0.0,
0.0,
0.0,
0.0,
0.0,
0.0,
0.0,
0.0,
0.0,
0.0,
0.0,
0.0,
0.0,
0.0,
0.0,
0.0,
0.0,
0.0,
0.0,
0.0,
0.0,
0.0,
0.0,
0.0,
0.0,
0.0,
0.0,
0.0,
0.0,
0.0,
0.0,
0.0,
0.0,
0.0,
0.0,
0.0,
0.0,
0.0,
0.0,
0.0,
0.0,
0.0,
0.0,
0.0,
0.0,
0.0,
0.0,
0.0,
0.0,
0.0,
0.0,
0.0,
0.0,
0.0,
0.0,
0.0,
0.0,
0.0,
0.0,
0.0,
0.0,
0.0,
0.0,
0.0,
0.0,
0.0,
0.0,
0.0,
0.0,
0.0,
0.0,
0.0,
0.0,
0.0,
0.0,
0.0,
0.0,
0.0,
0.0,
0.0,
0.0,
0.0,
0.0,
0.0,
0.0,
0.0,
0.0,
0.0,
0.0,
0.0,
0.0,
0.0,
0.0,
0.0,
0.0,
0.0,
0.0,
0.0,
0.0,
0.0,
0.0,
0.0,
0.0,
0.0,
0.0,
0.0,
0.0,
0.0,
0.0,
0.0,
0.0,
0.0,
0.0,
0.0,
0.0,
0.0,
0.0,
0.0,
0.0,
0.0,
0.0,
0.0,
0.0,
0.0,
0.0,
0.0,
0.0,
0.0,
0.0,
0.0,
0.0,
0.0,
0.0,
0.0,
0.0,
0.0,
0.0,
0.0,
0.0,
0.0,
0.0,
0.0,
0.0,
0.0,
0.0,
0.0,
0.0,
0.0,
0.0,
0.0,
0.0,
0.0,
0.0,
0.0,
0.0,
0.0,
0.0,
0.0,
0.0,
0.0,
0.0,
0.0,
0.0,
0.0,
0.0,
0.0,
0.0,
0.0,
0.0,
0.0,
0.0,
0.0,
0.0,
0.0,
0.0,
0.0,
0.0,
0.0,
0.0,
0.0,
0.0,
0.0,
0.0,
0.0,
0.0,
0.0,
0.0,
0.0,
0.0,
0.0,
0.0,
0.0,
0.0,
0.0,
0.0,
0.0,
0.0,
0.0,
0.0,
0.0,
0.0,
0.0,
0.0,
0.0,
0.0,
0.0,
0.0,
0.0,
0.0,
0.0,
0.0,
0.0,
0.0,
0.0,
0.0,
0.0,
0.0,
0.0,
0.0,
0.0,
0.0,
0.0,
0.0,
0.0,
0.0,
0.0,
0.0,
0.0,
0.0,
0.0,
0.0,
0.0,
0.0,
0.0,
0.0,
0.0,
0.0,
0.0,
0.0,
0.0,
0.0,
0.0,
0.0,
0.0,
0.0,
0.0,
0.0,
0.0,
0.0,
0.0,
0.0,
0.0,
0.0,
0.0,
0.0,
0.0,
0.0,
0.0,
0.0,
0.0,
0.0,
0.0,
0.0,
0.0,
0.0,
0.0,
0.0,
0.0,
0.0,
0.0,
0.0,
0.0,
0.0,
0.0,
0.0,
0.0,
0.0,
0.0,
0.0,
0.0,
0.0,
0.0,
0.0,
0.0,
0.0,
0.0,
0.0,
0.0,
0.0,
0.0,
0.0,
0.0,
0.0,
0.0,
0.0,
0.0,
0.0,
0.0,
0.0,
0.0,
0.0,
0.0,
0.0,
0.0,
0.0,
0.0,
0.0,
0.0,
0.0,
0.0,
0.0,
0.0,
0.0,
0.0,
0.0,
0.0,
0.0,
0.0,
0.0,
0.0,
0.0,
0.0,
0.0,
0.0,
0.0,
0.0,
0.0,
0.0,
0.0,
0.0,
0.0,
0.0,
0.0,
0.0,
0.0,
0.0,
0.0,
0.0,
0.0,
0.0,
0.0,
0.0,
0.0,
0.0,
0.0,
0.0,
0.0,
0.0,
0.0,
0.0,
0.0,
0.0,
0.0,
0.0,
0.0,
0.0,
0.0,
0.0,
0.0,
0.0,
0.0,
0.0,
0.0,
0.0,
0.0,
0.0,
0.0,
0.0,
0.0,
0.0,
0.0,
0.0,
0.0,
0.0,
0.0,
0.0,
0.0,
0.0,
0.0,
0.0,
0.0,
0.0,
0.0,
0.0,
0.0,
0.0,
0.0,
0.0,
0.0,
0.0,
0.0,
0.0,
0.0,
0.0,
0.0,
0.0,
0.0,
0.0,
0.0,
0.0,
0.0,
0.0,
0.0,
0.0,
0.0,
0.0,
0.0,
0.0,
0.0,
0.0,
0.0,
0.0,
0.0,
0.0,
0.0,
0.0,
0.0,
0.0,
0.0,
0.0,
0.0,
0.0,
0.0,
0.0,
0.0,
0.0,
0.0,
0.0,
0.0,
0.0,
0.0,
0.0,
0.0,
0.0,
0.0,
0.0,
0.0,
0.0,
0.0,
0.0,
0.0,
0.0,
0.0,
0.0,
0.0,
0.0,
0.0,
0.0,
0.0,
0.0,
0.0,
0.0,
0.0,
0.0,
0.0,
0.0,
0.0,
0.0,
0.0,
0.0,
0.0,
0.0,
0.0,
0.0,
0.0,
0.0,
0.0,
0.0,
0.0,
0.0,
0.0,
0.0,
0.0,
0.0,
0.0,
0.0,
0.0,
0.0,
0.0,
0.0,
0.0,
0.0,
0.0,
0.0,
0.0,
0.0,
0.0,
0.0,
0.0,
0.0,
0.0,
0.0,
0.0,
0.0,
0.0,
0.0,
0.0,
0.0,
0.0,
0.0,
0.0,
0.0,
0.0,
0.0,
0.0,
0.0,
0.0,
0.0,
0.0,
0.0,
0.0,
0.0,
0.0,
0.0,
0.0,
0.0,
0.0,
0.0,
0.0,
0.0,
0.0,
0.0,
0.0,
0.0,
0.0,
0.0,
0.0,
0.0,
0.0,
0.0,
0.0,
0.0,
0.0,
0.0,
0.0,
0.0,
0.0,
0.0,
0.0,
0.0,
0.0,
0.0,
0.0,
0.0,
0.0,
0.0,
0.0,
0.0,
0.0,
0.0,
0.0,
0.0,
0.0,
0.0,
0.0,
0.0,
0.0,
0.0,
0.0,
0.0,
0.0,
0.0,
0.0,
0.0,
0.0,
0.0,
0.0,
0.0,
0.0,
0.0,
0.0,
0.0,
0.0,
0.0,
0.0,
0.0,
0.0,
0.0,
0.0,
0.0,
0.0,
0.0,
0.0,
0.0,
0.0,
0.0,
0.0,
0.0,
0.0,
0.0,
0.0,
0.0,
0.0,
0.0,
0.0,
0.0,
0.0,
0.0,
0.0,
0.0,
0.0,
0.0,
0.0,
0.0,
0.0,
0.0,
0.0,
0.0,
0.0,
0.0,
0.0,
0.0,
0.0,
0.0,
0.0,
0.0,
0.0,
0.0,
0.0,
0.0,
0.0,
0.0,
0.0,
0.0,
0.0,
0.0,
0.0,
0.0,
0.0,
0.0,
0.0,
0.0,
0.0,
0.0,
0.0,
0.0,
0.0,
0.0,
0.0,
0.0,
0.0,
0.0,
0.0,
0.0,
0.0,
0.0,
0.0,
0.0,
0.0,
0.0,
0.0,
0.0,
0.0,
0.0,
0.0,
0.0,
0.0,
0.0,
0.0,
0.0,
0.0,
0.0,
0.0,
0.0,
0.0,
0.0,
0.0,
0.0,
0.0,
0.0,
0.0,
0.0,
0.0,
0.0,
0.0,
0.0,
0.0,
0.0,
0.0,
0.0,
0.0,
0.0,
0.0,
0.0,
0.0,
0.0,
0.0,
0.0,
0.0,
0.0,
0.0,
0.0,
0.0,
0.0,
0.0,
0.0,
0.0,
0.0,
0.0,
0.0,
0.0,
0.0,
0.0,
0.0,
0.0,
0.0,
0.0,
0.0,
0.0,
0.0,
0.0,
0.0,
0.0,
0.0,
0.0,
0.0,
0.0,
0.0,
0.0,
0.0,
0.0,
0.0,
0.0,
0.0,
0.0,
0.0,
0.0,
0.0,
0.0,
0.0,
0.0,
0.0,
0.0,
0.0,
0.0,
0.0,
0.0,
0.0,
0.0,
0.0,
0.0,
0.0,
0.0,
0.0,
0.0,
0.0,
0.0,
0.0,
0.0,
0.0,
0.0,
0.0,
0.0,
0.0,
0.0,
0.0,
0.0,
0.0,
0.0,
0.0,
0.0,
0.0,
0.0,
0.0,
0.0,
0.0,
0.0,
0.0,
0.0,
0.0,
0.0,
0.0,
0.0,
0.0,
0.0,
0.0,
0.0,
0.0,
0.0,
0.0,
0.0,
0.0,
0.0,
0.0,
0.0,
0.0,
0.0,
0.0,
0.0,
0.0,
0.0,
0.0,
0.0,
0.0,
0.0,
0.0,
0.0,
0.0,
0.0,
0.0,
0.0,
0.0,
0.0,
0.0,
0.0,
0.0,
0.0,
0.0,
0.0,
0.0,
0.0,
0.0,
0.0,
0.0,
0.0,
0.0,
0.0,
0.0,
0.0,
0.0,
0.0,
0.0,
0.0,
0.0,
0.0,
0.0,
0.0,
0.0,
0.0,
0.0,
0.0,
0.0,
0.0,
0.0,
0.0,
0.0,
0.0,
0.0,
0.0,
0.0,
0.0,
0.0,
0.0,
0.0,
0.0,
0.0,
0.0,
0.0,
0.0,
0.0,
0.0,
0.0,
0.0,
0.0,
0.0,
0.0,
0.0,
0.0,
0.0,
0.0,
0.0,
0.0,
0.0,
0.0,
0.0,
0.0,
0.0,
0.0,
0.0,
0.0,
0.0,
0.0,
0.0,
0.0,
0.0,
0.0,
0.0,
0.0,
0.0,
0.0,
0.0,
0.0,
0.0,
0.0,
0.0,
0.0,
0.0,
0.0,
0.0,
0.0,
0.0,
0.0,
0.0,
0.0,
0.0,
0.0,
0.0,
0.0,
0.0,
0.0,
0.0,
0.0,
0.0,
0.0,
0.0,
0.0,
0.0,
0.0,
0.0,
0.0,
0.0,
0.0,
0.0,
0.0,
0.0,
0.0,
0.0,
0.0,
0.0,
0.0,
0.0,
0.0,
0.0,
0.0,
0.0,
0.0,
0.0,
0.0,
0.0,
0.0,
0.0,
0.0,
0.0,
0.0,
0.0,
0.0,
0.0,
0.0,
0.0,
0.0,
0.0,
0.0,
0.0,
0.0,
0.0,
0.0,
0.0,
0.0,
0.0,
0.0,
0.0,
0.0,
0.0,
0.0,
0.0,
0.0,
0.0,
0.0,
0.0,
0.0,
0.0,
0.0,
0.0,
0.0,
0.0,
0.0,
0.0,
0.0,
0.0,
0.0,
0.0,
0.0,
0.0,
0.0,
0.0,
0.0,
0.0,
0.0,
0.0,
0.0,
0.0,
0.0,
0.0,
0.0,
0.0,
0.0,
0.0,
0.0,
0.0,
0.0,
0.0,
0.0,
0.0,
0.0,
0.0,
0.0,
0.0,
0.0,
0.0,
0.0,
0.0,
0.0,
0.0,
0.0,
0.0,
0.0,
0.0,
0.0,
0.0,
0.0,
0.0,
0.0,
0.0,
0.0,
0.0,
0.0,
0.0,
0.0,
0.0,
0.0,
0.0,
0.0,
0.0,
0.0,
0.0,
0.0,
0.0,
0.0,
0.0,
0.0,
0.0,
0.0,
0.0,
0.0,
0.0,
0.0,
0.0,
0.0,
0.0,
0.0,
0.0,
0.0,
0.0,
0.0,
0.0,
0.0,
0.0,
0.0,
0.0,
0.0,
0.0,
0.0,
0.0,
0.0,
0.0,
0.0,
0.0,
0.0,
0.0,
0.0,
0.0,
0.0,
0.0,
0.0,
0.0,
0.0,
0.0,
0.0,
0.0,
0.0,
0.0,
0.0,
0.0,
0.0,
0.0,
0.0,
0.0,
0.0,
0.0,
0.0,
0.0,
0.0,
0.0,
0.0,
0.0,
0.0,
0.0,
0.0,
0.0,
0.0,
0.0,
0.0,
0.0,
0.0,
0.0,
0.0,
0.0,
0.0,
0.0,
0.0,
0.0,
0.0,
0.0,
0.0,
0.0,
0.0,
0.0,
0.0,
0.0,
0.0,
0.0,
0.0,
0.0,
0.0,
0.0,
0.0,
0.0,
0.0,
0.0,
0.0,
0.0,
0.0,
0.0,
0.0,
0.0,
0.0,
0.0,
0.0,
0.0,
0.0,
0.0,
0.0,
0.0,
0.0,
0.0,
0.0,
0.0,
0.0,
0.0,
0.0,
0.0,
0.0,
0.0,
0.0,
0.0,
0.0,
0.0,
0.0,
0.0,
0.0,
0.0,
0.0,
0.0,
0.0,
0.0,
0.0,
0.0,
0.0,
0.0,
0.0,
0.0,
0.0,
0.0,
0.0,
0.0,
0.0,
0.0,
0.0,
0.0,
0.0,
0.0,
0.0,
0.0,
0.0,
0.0,
0.0,
0.0,
0.0,
0.0,
0.0,
0.0,
0.0,
0.0,
0.0,
0.0,
0.0,
0.0,
0.0,
0.0,
0.0,
0.0,
0.0,
0.0,
0.0,
0.0,
0.0,
0.0,
0.0,
0.0,
0.0,
0.0,
0.0,
0.0,
0.0,
0.0,
0.0,
0.0,
0.0,
0.0,
0.0,
0.0,
0.0,
0.0,
0.0,
0.0,
0.0,
0.0,
0.0,
0.0,
0.0,
0.0,
0.0,
0.0,
0.0,
0.0,
0.0,
0.0,
0.0,
0.0,
0.0,
0.0,
0.0,
0.0,
0.0,
0.0,
0.0,
0.0,
0.0,
0.0,
0.0,
0.0,
0.0,
0.0,
0.0,
0.0,
0.0,
0.0,
0.0,
0.0,
0.0,
0.0,
0.0,
0.0,
0.0,
0.0,
0.0,
0.0,
0.0,
0.0,
0.0,
0.0,
0.0,
0.0,
0.0,
0.0,
0.0,
0.0,
0.0,
0.0,
0.0,
0.0,
0.0,
0.0,
0.0,
0.0,
0.0,
0.0,
0.0,
0.0,
0.0,
0.0,
0.0,
0.0,
0.0,
0.0,
0.0,
0.0,
0.0,
0.0,
0.0,
0.0,
0.0,
0.0,
0.0,
0.0,
0.0,
0.0,
0.0,
0.0,
0.0,
0.0,
0.0,
0.0,
0.0,
0.0,
0.0,
0.0,
0.0,
0.0,
0.0,
0.0,
0.0,
0.0,
0.0,
0.0,
0.0,
0.0,
0.0,
0.0,
0.0,
0.0,
0.0,
0.0,
0.0,
0.0,
0.0,
0.0,
0.0,
0.0,
0.0,
0.0,
0.0,
0.0,
0.0,
0.0,
0.0,
0.0,
0.0,
0.0,
0.0,
0.0,
0.0,
0.0,
0.0,
0.0,
0.0,
0.0,
0.0,
0.0,
0.0,
0.0,
0.0,
0.0,
0.0,
0.0,
0.0,
0.0,
0.0,
0.0,
0.0,
0.0,
0.0,
0.0,
0.0,
0.0,
0.0,
0.0,
0.0,
0.0,
0.0,
0.0,
0.0,
0.0,
0.0,
0.0,
0.0,
0.0,
0.0,
0.0,
0.0,
0.0,
0.0,
0.0,
0.0,
0.0,
0.0,
0.0,
0.0,
0.0,
0.0,
0.0,
0.0,
0.0,
0.0,
0.0,
0.0,
0.0,
0.0,
0.0,
0.0,
0.0,
0.0,
0.0,
0.0,
0.0,
0.0,
0.0,
0.0,
0.0,
0.0,
0.0,
0.0,
0.0,
0.0,
0.0,
0.0,
0.0,
0.0,
0.0,
0.0,
0.0,
0.0,
0.0,
0.0,
0.0,
0.0,
0.0,
0.0,
0.0,
0.0,
0.0,
0.0,
0.0,
0.0,
0.0,
0.0,
0.0,
0.0,
0.0,
0.0,
0.0,
0.0,
0.0,
0.0,
0.0,
0.0,
0.0,
0.0,
0.0,
0.0,
0.0,
0.0,
0.0,
0.0,
0.0,
0.0,
0.0,
0.0,
0.0,
0.0,
0.0,
0.0,
0.0,
0.0,
0.0,
0.0,
0.0,
0.0,
0.0,
0.0,
0.0,
0.0,
0.0,
0.0,
0.0,
0.0,
0.0,
0.0,
0.0,
0.0,
0.0,
0.0,
0.0,
0.0,
0.0,
0.0,
0.0,
0.0,
0.0,
0.0,
0.0,
0.0,
0.0,
0.0,
0.0,
0.0,
0.0,
0.0,
0.0,
0.0,
0.0,
0.0,
0.0,
0.0,
0.0,
0.0,
0.0,
0.0,
0.0,
0.0,
0.0,
0.0,
0.0,
0.0,
0.0,
0.0,
0.0,
0.0,
0.0,
0.0,
0.0,
0.0,
0.0,
0.0,
0.0,
0.0,
0.0,
0.0,
0.0,
0.0,
0.0,
0.0,
0.0,
0.0,
0.0,
0.0,
0.0,
0.0,
0.0,
0.0,
0.0,
0.0,
0.0,
0.0,
0.0,
0.0,
0.0,
0.0,
0.0,
0.0,
0.0,
0.0,
0.0,
0.0,
0.0,
0.0,
0.0,
0.0,
0.0,
0.0,
0.0,
0.0,
0.0,
0.0,
0.0,
0.0,
0.0,
0.0,
0.0,
0.0,
0.0,
0.0,
0.0,
0.0,
0.0,
0.0,
0.0,
0.0,
0.0,
0.0,
0.0,
0.0,
0.0,
0.0,
0.0,
0.0,
0.0,
0.0,
0.0,
0.0,
0.0,
0.0,
0.0,
0.0,
0.0,
0.0,
0.0,
0.0,
0.0,
0.0,
0.0,
0.0,
0.0,
0.0,
0.0,
0.0,
0.0,
0.0,
0.0,
0.0,
0.0,
0.0,
0.0,
0.0,
0.0,
0.0,
0.0,
0.0,
0.0,
0.0,
0.0,
0.0,
0.0,
0.0,
0.0,
0.0,
0.0,
0.0,
0.0,
0.0,
0.0,
0.0,
0.0,
0.0,
0.0,
0.0,
0.0,
0.0,
0.0,
0.0,
0.0,
0.0,
0.0,
0.0,
0.0,
0.0,
0.0,
0.0,
0.0,
0.0,
0.0,
0.0,
0.0,
0.0,
0.0,
0.0,
0.0,
0.0,
0.0,
0.0,
0.0,
0.0,
0.0,
0.0,
0.0,
0.0,
0.0,
0.0,
0.0,
0.0,
0.0,
0.0,
0.0,
