1.0651142597198486,
1.0687216520309448,
1.0690630674362183,
1.0710312128067017,
1.0717658996582031,
1.0719614028930664,
1.0722137689590454,
1.0712430477142334,
1.0725706815719604,
1.0727148056030273,
1.072961688041687,
1.0730947256088257,
1.0721113681793213,
1.0734919309616089,
1.0736140012741089,
1.0737520456314087,
1.0737526416778564,
1.0726341009140015,
1.073925495147705,
1.0739134550094604,
1.0738977193832397,
1.0741015672683716,
1.072658896446228,
1.0738027095794678,
1.0739850997924805,
1.0739891529083252,
1.0740582942962646,
1.0742311477661133,
1.074115514755249,
1.0740281343460083,
1.074066162109375,
1.0741389989852905,
1.074125051498413,
1.0741938352584839,
1.0741894245147705,
1.0742281675338745,
1.0742838382720947,
1.074354648590088,
1.0744881629943848,
1.0742895603179932,
1.074326515197754,
1.074431300163269,
1.0743261575698853,
1.074359655380249,
1.0744030475616455,
1.0742133855819702,
1.074171781539917,
1.074120283126831,
1.0740172863006592,
1.074094295501709,
1.0741467475891113,
1.0742058753967285,
1.0741957426071167,
1.0739740133285522,
1.0739758014678955,
1.0740578174591064,
1.073848009109497,
1.0737874507904053,
1.073847770690918,
1.0738240480422974,
1.0739502906799316,
1.074036717414856,
1.0739068984985352,
1.0738121271133423,
1.0738396644592285,
1.0738240480422974,
1.0737839937210083,
1.0738179683685303,
1.0737417936325073,
1.073671579360962,
1.0735684633255005,
1.073482632637024,
1.0734813213348389,
1.0733941793441772,
1.0734823942184448,
1.0735164880752563,
1.0733660459518433,
1.073293924331665,
1.073241114616394,
1.0730515718460083,
1.073030948638916,
1.0729870796203613,
1.0728254318237305,
1.0727144479751587,
1.0729196071624756,
1.072812795639038,
1.07298743724823,
1.0728662014007568,
1.072725534439087,
1.0724984407424927,
1.0725306272506714,
1.0723862648010254,
1.0724977254867554,
1.0723259449005127,
1.0722405910491943,
1.0721652507781982,
1.0719192028045654,
1.0720396041870117,
1.072072982788086,
1.0718494653701782,
1.0716617107391357,
1.071683406829834,
1.0715442895889282,
1.071502447128296,
1.0713192224502563,
1.0712652206420898,
1.071132779121399,
1.0711807012557983,
1.071168065071106,
1.0711106061935425,
1.0710229873657227,
1.0709614753723145,
1.0710231065750122,
1.0708163976669312,
1.0707263946533203,
1.070639729499817,
1.070382833480835,
1.0702171325683594,
1.0702897310256958,
1.0700052976608276,
1.06995689868927,
1.069981575012207,
1.069899559020996,
1.0698479413986206,
1.0697139501571655,
1.0694530010223389,
1.0690081119537354,
1.0692048072814941,
1.069144368171692,
1.0691144466400146,
1.06892991065979,
1.0677518844604492,
1.069032073020935,
1.0688257217407227,
1.068773627281189,
1.0687557458877563,
1.0673002004623413,
1.0682851076126099,
1.0683329105377197,
1.0681291818618774,
1.068054437637329,
1.0667109489440918,
1.067728042602539,
1.0676262378692627,
1.0674957036972046,
1.0673435926437378,
1.0660549402236938,
1.0670958757400513,
1.0669902563095093,
1.0668604373931885,
1.0665721893310547,
1.0653314590454102,
1.0664308071136475,
1.0662320852279663,
1.0662034749984741,
1.0661307573318481,
1.0648112297058105,
1.0659565925598145,
1.0658906698226929,
1.0656741857528687,
1.0655502080917358,
1.0653966665267944,
1.0652844905853271,
1.0651698112487793,
1.0649280548095703,
1.0648542642593384,
1.064721941947937,
1.0644879341125488,
1.0644208192825317,
1.0643771886825562,
1.0641635656356812,
1.0640883445739746,
1.0640268325805664,
1.0637210607528687,
1.0635478496551514,
1.0633867979049683,
1.063210129737854,
1.0630635023117065,
1.0628905296325684,
1.0627152919769287,
1.0626869201660156,
1.0625629425048828,
1.0624371767044067,
1.0622442960739136,
1.0620962381362915,
1.0618938207626343,
1.061765193939209,
1.0616148710250854,
1.0614606142044067,
1.0614092350006104,
1.0611299276351929,
1.0608136653900146,
1.06070876121521,
1.0605041980743408,
1.0604007244110107,
1.0602705478668213,
1.0601571798324585,
1.0597981214523315,
1.0595998764038086,
1.0594431161880493,
1.0592477321624756,
1.0590623617172241,
1.0587959289550781,
1.0586918592453003,
1.0585881471633911,
1.0584924221038818,
1.0585052967071533,
1.0581625699996948,
1.0580276250839233,
1.0579488277435303,
1.057668685913086,
1.0576057434082031,
1.05734121799469,
1.0571513175964355,
1.0567951202392578,
1.056657075881958,
1.0563687086105347,
1.0561962127685547,
1.0560745000839233,
1.0559672117233276,
1.0557867288589478,
1.0555305480957031,
1.0553479194641113,
1.0552475452423096,
1.0548832416534424,
1.054717779159546,
1.0547691583633423,
1.0544493198394775,
1.0544134378433228,
1.0542017221450806,
1.0539510250091553,
1.0538862943649292,
1.053605556488037,
1.0534123182296753,
1.0530569553375244,
1.052902340888977,
1.0527147054672241,
1.0525860786437988,
1.052248239517212,
1.0520151853561401,
1.051835060119629,
1.0516287088394165,
1.0514546632766724,
1.051421880722046,
1.0511374473571777,
1.0508569478988647,
1.0505801439285278,
1.0457524061203003,
1.049512267112732,
1.0503853559494019,
1.0503515005111694,
1.0503029823303223,
1.049105167388916,
1.0500242710113525,
1.0498367547988892,
1.049724817276001,
1.0494930744171143,
1.0481481552124023,
1.0492123365402222,
1.0490204095840454,
1.0488454103469849,
1.0485914945602417,
1.0470762252807617,
1.048203468322754,
1.0478664636611938,
1.047599196434021,
1.047576665878296,
1.0460553169250488,
1.0471000671386719,
1.0470445156097412,
1.046843409538269,
1.0465607643127441,
1.0452030897140503,
1.0461692810058594,
1.0459321737289429,
1.04569411277771,
1.0453983545303345,
1.0452343225479126,
1.0449252128601074,
1.0447261333465576,
1.0445830821990967,
1.0442346334457397,
1.0440192222595215,
1.044003963470459,
1.0435656309127808,
1.0432839393615723,
1.0431101322174072,
1.0427379608154297,
1.0424576997756958,
1.0422669649124146,
1.042007565498352,
1.0417741537094116,
1.041582703590393,
1.0413446426391602,
1.0411858558654785,
1.0408012866973877,
1.0404945611953735,
1.0404105186462402,
1.0398695468902588,
1.0394428968429565,
1.0395468473434448,
1.0392026901245117,
1.0389087200164795,
1.0385996103286743,
1.0382033586502075,
1.0378756523132324,
1.0377869606018066,
1.0375405550003052,
1.037221074104309,
1.0368432998657227,
1.0365487337112427,
1.0362781286239624,
1.0359125137329102,
1.035489797592163,
1.0353974103927612,
1.0350141525268555,
1.0341004133224487,
1.034562587738037,
1.0341002941131592,
1.033743977546692,
1.033501386642456,
1.033134937286377,
1.0326789617538452,
1.032442569732666,
1.0320602655410767,
1.031821608543396,
1.0313832759857178,
1.030545949935913,
1.0305814743041992,
1.0302486419677734,
1.0298852920532227,
1.0296636819839478,
1.0291963815689087,
1.0286730527877808,
1.0283432006835938,
1.0278468132019043,
1.0274478197097778,
1.027138590812683,
1.0266557931900024,
1.0262852907180786,
1.025975227355957,
1.0255728960037231,
1.025001049041748,
1.024526596069336,
1.0242750644683838,
1.0238604545593262,
1.0233943462371826,
1.022882103919983,
1.0225191116333008,
1.0219759941101074,
1.0214312076568604,
1.0207281112670898,
1.0204849243164062,
1.019852876663208,
1.0196858644485474,
1.0186772346496582,
1.0184662342071533,
1.0177342891693115,
1.0171362161636353,
1.0167949199676514,
1.0161489248275757,
1.0157057046890259,
1.015252947807312,
1.014695405960083,
1.013980507850647,
1.013641595840454,
1.0126923322677612,
1.0123571157455444,
1.011476755142212,
1.0109096765518188,
1.0101133584976196,
1.0098706483840942,
1.008786916732788,
1.0081919431686401,
1.0075798034667969,
1.0067192316055298,
1.0060269832611084,
1.0057204961776733,
1.0049262046813965,
1.0040897130966187,
1.0031992197036743,
1.0024383068084717,
1.002029299736023,
1.0005477666854858,
0.9997029900550842,
0.9990736246109009,
0.9983028173446655,
0.9974085688591003,
0.996755838394165,
0.9962258338928223,
0.9947598576545715,
0.9939769506454468,
0.9935115575790405,
0.9923160076141357,
0.9914363026618958,
0.9904182553291321,
0.9895252585411072,
0.9885200262069702,
0.9879321455955505,
0.986918032169342,
0.9856871366500854,
0.9844307899475098,
0.9838178753852844,
0.9823777079582214,
0.9813913702964783,
0.980345606803894,
0.9791838526725769,
0.9778233170509338,
0.9771550893783569,
0.9757068157196045,
0.9745818972587585,
0.9730604290962219,
0.9710032939910889,
0.9695497155189514,
0.9695114493370056,
0.968346893787384,
0.9669328331947327,
0.9658005833625793,
0.9643858671188354,
0.9628400802612305,
0.9613350033760071,
0.9596623778343201,
0.9584081172943115,
0.9570009112358093,
0.9550058245658875,
0.9534249901771545,
0.9518159627914429,
0.9502644538879395,
0.9484545588493347,
0.9465658664703369,
0.9447231888771057,
0.9425339698791504,
0.9410132765769958,
0.9390206933021545,
0.9369920492172241,
0.9349116683006287,
0.9330555200576782,
0.930976152420044,
0.9291555881500244,
0.9272099733352661,
0.9250094294548035,
0.9233165979385376,
0.920803964138031,
0.9188193678855896,
0.9170941710472107,
0.9145736694335938,
0.9128968119621277,
0.9105672836303711,
0.9084638953208923,
0.9053545594215393,
0.9044716358184814,
0.9021570086479187,
0.900014340877533,
0.8980161547660828,
0.895928144454956,
0.8938513994216919,
0.8919110894203186,
0.8897184133529663,
0.8874363303184509,
0.8856107592582703,
0.8822085857391357,
0.8811688423156738,
0.8794110417366028,
0.8775439858436584,
0.875213623046875,
0.8729134798049927,
0.8706640601158142,
0.8682640194892883,
0.8650109171867371,
0.8637335896492004,
0.8614258766174316,
0.8591246604919434,
0.8557863235473633,
0.8545894622802734,
0.8519328832626343,
0.8498784899711609,
0.8474663496017456,
0.8439110517501831,
0.8427433967590332,
0.8402566909790039,
0.8378859758377075,
0.8343872427940369,
0.8330826163291931,
0.8306201696395874,
0.8272345662117004,
0.8258957862854004,
0.8258957862854004,
0.8258957862854004,
0.0,
0.0,
0.0,
0.0,
0.0,
0.0,
0.0,
0.0,
0.0,
0.0,
0.0,
0.0,
0.0,
0.0,
0.0,
0.0,
0.0,
0.0,
0.0,
0.0,
0.0,
0.0,
0.0,
0.0,
0.0,
0.0,
0.0,
0.0,
0.0,
0.0,
0.0,
0.0,
0.0,
0.0,
0.0,
0.0,
0.0,
0.0,
0.0,
0.0,
0.0,
0.0,
0.0,
0.0,
0.0,
0.0,
0.0,
0.0,
0.0,
0.0,
0.0,
0.0,
0.0,
0.0,
0.0,
0.0,
0.0,
0.0,
0.0,
0.0,
0.0,
0.0,
0.0,
0.0,
0.0,
0.0,
0.0,
0.0,
0.0,
0.0,
0.0,
0.0,
0.0,
0.0,
0.0,
0.0,
0.0,
0.0,
0.0,
0.0,
0.0,
0.0,
0.0,
0.0,
0.0,
0.0,
0.0,
0.0,
0.0,
0.0,
0.0,
0.0,
0.0,
0.0,
0.0,
0.0,
0.0,
0.0,
0.0,
0.0,
0.0,
0.0,
0.0,
0.0,
0.0,
0.0,
0.0,
0.0,
0.0,
0.0,
0.0,
0.0,
0.0,
0.0,
0.0,
0.0,
0.0,
0.0,
0.0,
0.0,
0.0,
0.0,
0.0,
0.0,
0.0,
0.0,
0.0,
0.0,
0.0,
0.0,
0.0,
0.0,
0.0,
0.0,
0.0,
0.0,
0.0,
0.0,
0.0,
0.0,
0.0,
0.0,
0.0,
0.0,
0.0,
0.0,
0.0,
0.0,
0.0,
0.0,
0.0,
0.0,
0.0,
0.0,
0.0,
0.0,
0.0,
0.0,
0.0,
0.0,
0.0,
0.0,
0.0,
0.0,
0.0,
0.0,
0.0,
0.0,
0.0,
0.0,
0.0,
0.0,
0.0,
0.0,
0.0,
0.0,
0.0,
0.0,
0.0,
0.0,
0.0,
0.0,
0.0,
0.0,
0.0,
0.0,
0.0,
0.0,
0.0,
0.0,
0.0,
0.0,
0.0,
0.0,
0.0,
0.0,
0.0,
0.0,
0.0,
0.0,
0.0,
0.0,
0.0,
0.0,
0.0,
0.0,
0.0,
0.0,
0.0,
0.0,
0.0,
0.0,
0.0,
0.0,
0.0,
0.0,
0.0,
0.0,
0.0,
0.0,
0.0,
0.0,
0.0,
0.0,
0.0,
0.0,
0.0,
0.0,
0.0,
0.0,
0.0,
0.0,
0.0,
0.0,
0.0,
0.0,
0.0,
0.0,
0.0,
0.0,
0.0,
0.0,
0.0,
0.0,
0.0,
0.0,
0.0,
0.0,
0.0,
0.0,
0.0,
0.0,
0.0,
0.0,
0.0,
0.0,
0.0,
0.0,
0.0,
0.0,
0.0,
0.0,
0.0,
0.0,
0.0,
0.0,
0.0,
0.0,
0.0,
0.0,
0.0,
0.0,
0.0,
0.0,
0.0,
0.0,
0.0,
0.0,
0.0,
0.0,
0.0,
0.0,
0.0,
0.0,
0.0,
0.0,
0.0,
0.0,
0.0,
0.0,
0.0,
0.0,
0.0,
0.0,
0.0,
0.0,
0.0,
0.0,
0.0,
0.0,
0.0,
0.0,
0.0,
0.0,
0.0,
0.0,
0.0,
0.0,
0.0,
0.0,
0.0,
0.0,
0.0,
0.0,
0.0,
0.0,
0.0,
0.0,
0.0,
0.0,
0.0,
0.0,
0.0,
0.0,
0.0,
0.0,
0.0,
0.0,
0.0,
0.0,
0.0,
0.0,
0.0,
0.0,
0.0,
0.0,
0.0,
0.0,
0.0,
0.0,
0.0,
0.0,
0.0,
0.0,
0.0,
0.0,
0.0,
0.0,
0.0,
0.0,
0.0,
0.0,
0.0,
0.0,
0.0,
0.0,
0.0,
0.0,
0.0,
0.0,
0.0,
0.0,
0.0,
0.0,
0.0,
0.0,
0.0,
0.0,
0.0,
0.0,
0.0,
0.0,
0.0,
0.0,
0.0,
0.0,
0.0,
0.0,
0.0,
0.0,
0.0,
0.0,
0.0,
0.0,
0.0,
0.0,
0.0,
0.0,
0.0,
0.0,
0.0,
0.0,
0.0,
0.0,
0.0,
0.0,
0.0,
0.0,
0.0,
0.0,
0.0,
0.0,
0.0,
0.0,
0.0,
0.0,
0.0,
0.0,
0.0,
0.0,
0.0,
0.0,
0.0,
0.0,
0.0,
0.0,
0.0,
0.0,
0.0,
0.0,
0.0,
0.0,
0.0,
0.0,
0.0,
0.0,
0.0,
0.0,
0.0,
0.0,
0.0,
0.0,
0.0,
0.0,
0.0,
0.0,
0.0,
0.0,
0.0,
0.0,
0.0,
0.0,
0.0,
0.0,
0.0,
0.0,
0.0,
0.0,
0.0,
0.0,
0.0,
0.0,
0.0,
0.0,
0.0,
0.0,
0.0,
0.0,
0.0,
0.0,
0.0,
0.0,
0.0,
0.0,
0.0,
0.0,
0.0,
0.0,
0.0,
0.0,
0.0,
0.0,
0.0,
0.0,
0.0,
0.0,
0.0,
0.0,
0.0,
0.0,
0.0,
0.0,
0.0,
0.0,
0.0,
0.0,
0.0,
0.0,
0.0,
0.0,
0.0,
0.0,
0.0,
0.0,
0.0,
0.0,
0.0,
0.0,
0.0,
0.0,
0.0,
0.0,
0.0,
0.0,
0.0,
0.0,
0.0,
0.0,
0.0,
0.0,
0.0,
0.0,
0.0,
0.0,
0.0,
0.0,
0.0,
0.0,
0.0,
0.0,
0.0,
0.0,
0.0,
0.0,
0.0,
0.0,
0.0,
0.0,
0.0,
0.0,
0.0,
0.0,
0.0,
0.0,
0.0,
0.0,
0.0,
0.0,
0.0,
0.0,
0.0,
0.0,
0.0,
0.0,
0.0,
0.0,
0.0,
0.0,
0.0,
0.0,
0.0,
0.0,
0.0,
0.0,
0.0,
0.0,
0.0,
0.0,
0.0,
0.0,
0.0,
0.0,
0.0,
0.0,
0.0,
0.0,
0.0,
0.0,
0.0,
0.0,
0.0,
0.0,
0.0,
0.0,
0.0,
0.0,
0.0,
0.0,
0.0,
0.0,
0.0,
0.0,
0.0,
0.0,
0.0,
0.0,
0.0,
0.0,
0.0,
0.0,
0.0,
0.0,
0.0,
0.0,
0.0,
0.0,
0.0,
0.0,
0.0,
0.0,
0.0,
0.0,
0.0,
0.0,
0.0,
0.0,
0.0,
0.0,
0.0,
0.0,
0.0,
0.0,
0.0,
0.0,
0.0,
0.0,
0.0,
0.0,
0.0,
0.0,
0.0,
0.0,
0.0,
0.0,
0.0,
0.0,
0.0,
0.0,
0.0,
0.0,
0.0,
0.0,
0.0,
0.0,
0.0,
0.0,
0.0,
0.0,
0.0,
0.0,
0.0,
0.0,
0.0,
0.0,
0.0,
0.0,
0.0,
0.0,
0.0,
0.0,
0.0,
0.0,
0.0,
0.0,
0.0,
0.0,
0.0,
0.0,
0.0,
0.0,
0.0,
0.0,
0.0,
0.0,
0.0,
0.0,
0.0,
0.0,
0.0,
0.0,
0.0,
0.0,
0.0,
0.0,
0.0,
0.0,
0.0,
0.0,
0.0,
0.0,
0.0,
0.0,
0.0,
0.0,
0.0,
0.0,
0.0,
0.0,
0.0,
0.0,
0.0,
0.0,
0.0,
0.0,
0.0,
0.0,
0.0,
0.0,
0.0,
0.0,
0.0,
0.0,
0.0,
0.0,
0.0,
0.0,
0.0,
0.0,
0.0,
0.0,
0.0,
0.0,
0.0,
0.0,
0.0,
0.0,
0.0,
0.0,
0.0,
0.0,
0.0,
0.0,
0.0,
0.0,
0.0,
0.0,
0.0,
0.0,
0.0,
0.0,
0.0,
0.0,
0.0,
0.0,
0.0,
0.0,
0.0,
0.0,
0.0,
0.0,
0.0,
0.0,
0.0,
0.0,
0.0,
0.0,
0.0,
0.0,
0.0,
0.0,
0.0,
0.0,
0.0,
0.0,
0.0,
0.0,
0.0,
0.0,
0.0,
0.0,
0.0,
0.0,
0.0,
0.0,
0.0,
0.0,
0.0,
0.0,
0.0,
0.0,
0.0,
0.0,
0.0,
0.0,
0.0,
0.0,
0.0,
0.0,
0.0,
0.0,
0.0,
0.0,
0.0,
0.0,
0.0,
0.0,
0.0,
0.0,
0.0,
0.0,
0.0,
0.0,
0.0,
0.0,
0.0,
0.0,
0.0,
0.0,
0.0,
0.0,
0.0,
0.0,
0.0,
0.0,
0.0,
0.0,
0.0,
0.0,
0.0,
0.0,
0.0,
0.0,
0.0,
0.0,
0.0,
0.0,
0.0,
0.0,
0.0,
0.0,
0.0,
0.0,
0.0,
0.0,
0.0,
0.0,
0.0,
0.0,
0.0,
0.0,
0.0,
0.0,
0.0,
0.0,
0.0,
0.0,
0.0,
0.0,
0.0,
0.0,
0.0,
0.0,
0.0,
0.0,
0.0,
0.0,
0.0,
0.0,
0.0,
0.0,
0.0,
0.0,
0.0,
0.0,
0.0,
0.0,
0.0,
0.0,
0.0,
0.0,
0.0,
0.0,
0.0,
0.0,
0.0,
0.0,
0.0,
0.0,
0.0,
0.0,
0.0,
0.0,
0.0,
0.0,
0.0,
0.0,
0.0,
0.0,
0.0,
0.0,
0.0,
0.0,
0.0,
0.0,
0.0,
0.0,
0.0,
0.0,
0.0,
0.0,
0.0,
0.0,
0.0,
0.0,
0.0,
0.0,
0.0,
0.0,
0.0,
0.0,
0.0,
0.0,
0.0,
0.0,
0.0,
0.0,
0.0,
0.0,
0.0,
0.0,
0.0,
0.0,
0.0,
0.0,
0.0,
0.0,
0.0,
0.0,
0.0,
0.0,
0.0,
0.0,
0.0,
0.0,
0.0,
0.0,
0.0,
0.0,
0.0,
0.0,
0.0,
0.0,
0.0,
0.0,
0.0,
0.0,
0.0,
0.0,
0.0,
0.0,
0.0,
0.0,
0.0,
0.0,
0.0,
0.0,
0.0,
0.0,
0.0,
0.0,
0.0,
0.0,
0.0,
0.0,
0.0,
0.0,
0.0,
0.0,
0.0,
0.0,
0.0,
0.0,
0.0,
0.0,
0.0,
0.0,
0.0,
0.0,
0.0,
0.0,
0.0,
0.0,
0.0,
0.0,
0.0,
0.0,
0.0,
0.0,
0.0,
0.0,
0.0,
0.0,
0.0,
0.0,
0.0,
0.0,
0.0,
0.0,
0.0,
0.0,
0.0,
0.0,
0.0,
0.0,
0.0,
0.0,
0.0,
0.0,
0.0,
0.0,
0.0,
0.0,
0.0,
0.0,
0.0,
0.0,
0.0,
0.0,
0.0,
0.0,
0.0,
0.0,
0.0,
0.0,
0.0,
0.0,
0.0,
0.0,
0.0,
0.0,
0.0,
0.0,
0.0,
0.0,
0.0,
0.0,
0.0,
0.0,
0.0,
0.0,
0.0,
0.0,
0.0,
0.0,
0.0,
0.0,
0.0,
0.0,
0.0,
0.0,
0.0,
0.0,
0.0,
0.0,
0.0,
0.0,
0.0,
0.0,
0.0,
0.0,
0.0,
0.0,
0.0,
0.0,
0.0,
0.0,
0.0,
0.0,
0.0,
0.0,
0.0,
0.0,
0.0,
0.0,
0.0,
0.0,
0.0,
0.0,
0.0,
0.0,
0.0,
0.0,
0.0,
0.0,
0.0,
0.0,
0.0,
0.0,
0.0,
0.0,
0.0,
0.0,
0.0,
0.0,
0.0,
0.0,
0.0,
0.0,
0.0,
0.0,
0.0,
0.0,
0.0,
0.0,
0.0,
0.0,
0.0,
0.0,
0.0,
0.0,
0.0,
0.0,
0.0,
0.0,
0.0,
0.0,
0.0,
0.0,
0.0,
0.0,
0.0,
0.0,
0.0,
0.0,
0.0,
0.0,
0.0,
0.0,
0.0,
0.0,
0.0,
0.0,
0.0,
0.0,
0.0,
0.0,
0.0,
0.0,
0.0,
0.0,
0.0,
0.0,
0.0,
0.0,
0.0,
0.0,
0.0,
0.0,
0.0,
0.0,
0.0,
0.0,
0.0,
0.0,
0.0,
0.0,
0.0,
0.0,
0.0,
0.0,
0.0,
0.0,
0.0,
0.0,
0.0,
0.0,
0.0,
0.0,
0.0,
0.0,
0.0,
0.0,
0.0,
0.0,
0.0,
0.0,
0.0,
0.0,
0.0,
0.0,
0.0,
0.0,
0.0,
0.0,
0.0,
0.0,
0.0,
0.0,
0.0,
0.0,
0.0,
0.0,
0.0,
0.0,
0.0,
0.0,
0.0,
0.0,
0.0,
0.0,
0.0,
0.0,
0.0,
0.0,
0.0,
0.0,
0.0,
0.0,
0.0,
0.0,
0.0,
0.0,
0.0,
0.0,
0.0,
0.0,
0.0,
0.0,
0.0,
0.0,
0.0,
0.0,
0.0,
0.0,
0.0,
0.0,
0.0,
0.0,
0.0,
0.0,
0.0,
0.0,
0.0,
0.0,
0.0,
0.0,
0.0,
0.0,
0.0,
0.0,
0.0,
0.0,
0.0,
0.0,
0.0,
0.0,
0.0,
0.0,
0.0,
0.0,
0.0,
0.0,
0.0,
0.0,
0.0,
0.0,
0.0,
0.0,
0.0,
0.0,
0.0,
0.0,
0.0,
0.0,
0.0,
0.0,
0.0,
0.0,
0.0,
0.0,
0.0,
0.0,
0.0,
0.0,
0.0,
0.0,
0.0,
0.0,
0.0,
0.0,
0.0,
0.0,
0.0,
0.0,
0.0,
0.0,
0.0,
0.0,
0.0,
0.0,
0.0,
0.0,
0.0,
0.0,
0.0,
0.0,
0.0,
0.0,
0.0,
0.0,
0.0,
0.0,
0.0,
0.0,
0.0,
0.0,
0.0,
0.0,
0.0,
0.0,
0.0,
0.0,
0.0,
0.0,
0.0,
0.0,
0.0,
0.0,
0.0,
0.0,
0.0,
0.0,
0.0,
0.0,
0.0,
0.0,
0.0,
0.0,
0.0,
0.0,
0.0,
0.0,
0.0,
0.0,
0.0,
0.0,
0.0,
0.0,
0.0,
0.0,
0.0,
0.0,
0.0,
0.0,
0.0,
0.0,
0.0,
0.0,
0.0,
0.0,
0.0,
0.0,
0.0,
0.0,
0.0,
0.0,
0.0,
0.0,
0.0,
0.0,
0.0,
0.0,
0.0,
0.0,
0.0,
0.0,
0.0,
0.0,
0.0,
0.0,
0.0,
0.0,
0.0,
0.0,
0.0,
0.0,
0.0,
0.0,
0.0,
0.0,
0.0,
0.0,
0.0,
0.0,
0.0,
0.0,
0.0,
0.0,
0.0,
0.0,
0.0,
0.0,
0.0,
0.0,
0.0,
0.0,
0.0,
0.0,
0.0,
0.0,
0.0,
0.0,
0.0,
0.0,
0.0,
0.0,
0.0,
0.0,
0.0,
0.0,
0.0,
0.0,
0.0,
0.0,
0.0,
0.0,
0.0,
0.0,
0.0,
0.0,
0.0,
0.0,
0.0,
0.0,
0.0,
0.0,
0.0,
0.0,
0.0,
0.0,
0.0,
0.0,
0.0,
0.0,
0.0,
0.0,
0.0,
0.0,
0.0,
0.0,
0.0,
0.0,
0.0,
0.0,
0.0,
0.0,
0.0,
0.0,
0.0,
0.0,
0.0,
0.0,
0.0,
0.0,
0.0,
0.0,
0.0,
0.0,
0.0,
0.0,
0.0,
0.0,
0.0,
0.0,
0.0,
0.0,
0.0,
0.0,
0.0,
0.0,
0.0,
0.0,
0.0,
0.0,
0.0,
0.0,
0.0,
0.0,
0.0,
0.0,
0.0,
0.0,
0.0,
0.0,
0.0,
0.0,
0.0,
0.0,
0.0,
0.0,
0.0,
0.0,
0.0,
0.0,
0.0,
0.0,
0.0,
0.0,
0.0,
0.0,
0.0,
0.0,
0.0,
0.0,
0.0,
0.0,
0.0,
0.0,
0.0,
0.0,
0.0,
0.0,
0.0,
0.0,
0.0,
0.0,
0.0,
0.0,
0.0,
0.0,
0.0,
0.0,
0.0,
0.0,
0.0,
0.0,
0.0,
0.0,
0.0,
0.0,
0.0,
0.0,
0.0,
0.0,
0.0,
0.0,
0.0,
0.0,
0.0,
0.0,
0.0,
0.0,
0.0,
0.0,
0.0,
0.0,
0.0,
0.0,
0.0,
0.0,
0.0,
0.0,
0.0,
0.0,
0.0,
0.0,
0.0,
0.0,
0.0,
0.0,
0.0,
0.0,
0.0,
0.0,
0.0,
0.0,
0.0,
0.0,
0.0,
0.0,
0.0,
0.0,
0.0,
0.0,
0.0,
0.0,
0.0,
0.0,
0.0,
0.0,
0.0,
0.0,
0.0,
0.0,
0.0,
0.0,
0.0,
0.0,
0.0,
0.0,
0.0,
0.0,
0.0,
0.0,
0.0,
0.0,
0.0,
0.0,
0.0,
0.0,
0.0,
0.0,
0.0,
0.0,
0.0,
0.0,
0.0,
0.0,
0.0,
0.0,
0.0,
0.0,
0.0,
0.0,
0.0,
0.0,
0.0,
0.0,
0.0,
0.0,
0.0,
0.0,
0.0,
0.0,
0.0,
0.0,
0.0,
0.0,
0.0,
0.0,
0.0,
0.0,
0.0,
0.0,
0.0,
0.0,
0.0,
0.0,
0.0,
0.0,
0.0,
0.0,
0.0,
0.0,
0.0,
0.0,
0.0,
0.0,
0.0,
0.0,
0.0,
0.0,
0.0,
0.0,
0.0,
0.0,
0.0,
0.0,
0.0,
0.0,
0.0,
0.0,
0.0,
0.0,
0.0,
0.0,
0.0,
0.0,
0.0,
0.0,
0.0,
0.0,
0.0,
0.0,
0.0,
0.0,
0.0,
0.0,
0.0,
0.0,
0.0,
0.0,
0.0,
0.0,
0.0,
0.0,
0.0,
0.0,
0.0,
0.0,
0.0,
0.0,
0.0,
0.0,
0.0,
0.0,
0.0,
0.0,
0.0,
0.0,
0.0,
0.0,
0.0,
0.0,
0.0,
0.0,
0.0,
0.0,
0.0,
0.0,
0.0,
0.0,
0.0,
0.0,
0.0,
0.0,
0.0,
0.0,
0.0,
0.0,
0.0,
0.0,
0.0,
0.0,
0.0,
0.0,
0.0,
0.0,
0.0,
0.0,
0.0,
0.0,
0.0,
0.0,
0.0,
0.0,
0.0,
0.0,
0.0,
0.0,
0.0,
0.0,
0.0,
0.0,
0.0,
0.0,
0.0,
0.0,
0.0,
0.0,
0.0,
0.0,
0.0,
0.0,
0.0,
0.0,
0.0,
0.0,
0.0,
0.0,
0.0,
0.0,
0.0,
0.0,
0.0,
0.0,
0.0,
0.0,
0.0,
0.0,
0.0,
0.0,
0.0,
0.0,
0.0,
0.0,
0.0,
0.0,
0.0,
0.0,
0.0,
0.0,
0.0,
0.0,
0.0,
0.0,
0.0,
0.0,
0.0,
0.0,
0.0,
0.0,
0.0,
0.0,
0.0,
0.0,
0.0,
0.0,
0.0,
0.0,
0.0,
0.0,
0.0,
0.0,
0.0,
0.0,
0.0,
0.0,
0.0,
0.0,
0.0,
0.0,
0.0,
0.0,
0.0,
0.0,
0.0,
0.0,
0.0,
0.0,
0.0,
0.0,
0.0,
0.0,
0.0,
0.0,
