1.0743776559829712,
1.0784612894058228,
1.0793217420578003,
1.0818345546722412,
1.0821268558502197,
1.0828608274459839,
1.083376169204712,
1.0834470987319946,
1.0838688611984253,
1.084140419960022,
1.0841538906097412,
1.084475040435791,
1.0847526788711548,
1.084781527519226,
1.084917426109314,
1.0850763320922852,
1.085160255432129,
1.085352897644043,
1.0851762294769287,
1.0854665040969849,
1.085695505142212,
1.085497498512268,
1.0857003927230835,
1.0857875347137451,
1.0855891704559326,
1.0859217643737793,
1.0860034227371216,
1.085921049118042,
1.0861090421676636,
1.0861797332763672,
1.086093544960022,
1.0861682891845703,
1.0862879753112793,
1.0862332582473755,
1.086361289024353,
1.0862890481948853,
1.0864044427871704,
1.0865647792816162,
1.0863912105560303,
1.0865216255187988,
1.0865825414657593,
1.0862929821014404,
1.0865436792373657,
1.086629033088684,
1.086408019065857,
1.0866440534591675,
1.0867022275924683,
1.0864332914352417,
1.0865954160690308,
1.086713433265686,
1.0866104364395142,
1.0866421461105347,
1.0868514776229858,
1.0866527557373047,
1.0866897106170654,
1.0864793062210083,
1.086633563041687,
1.0868667364120483,
1.0865066051483154,
1.0867151021957397,
1.0867844820022583,
1.0865137577056885,
1.0866690874099731,
1.0868191719055176,
1.086580753326416,
1.086795449256897,
1.0867782831192017,
1.0866620540618896,
1.0867540836334229,
1.0868818759918213,
1.0866175889968872,
1.0866981744766235,
1.086690068244934,
1.0867027044296265,
1.0867273807525635,
1.0865596532821655,
1.0866104364395142,
1.0867409706115723,
1.0864919424057007,
1.086639404296875,
1.0866646766662598,
1.0863784551620483,
1.0866254568099976,
1.0866347551345825,
1.0864436626434326,
1.0865739583969116,
1.0866426229476929,
1.0865095853805542,
1.0865367650985718,
1.0866326093673706,
1.0864242315292358,
1.0865222215652466,
1.0863277912139893,
1.0863443613052368,
1.0863513946533203,
1.0860400199890137,
1.0862568616867065,
1.086261510848999,
1.0861666202545166,
1.0863158702850342,
1.0862455368041992,
1.0858832597732544,
1.0860825777053833,
1.0861374139785767,
1.0858196020126343,
1.0860710144042969,
1.0860202312469482,
1.0858981609344482,
1.0860155820846558,
1.0860459804534912,
1.0859339237213135,
1.085870623588562,
1.0858935117721558,
1.0857517719268799,
1.0858467817306519,
1.0855486392974854,
1.085559368133545,
1.0855482816696167,
1.085268497467041,
1.0854600667953491,
1.0854051113128662,
1.0847946405410767,
1.0853711366653442,
1.085374355316162,
1.0851267576217651,
1.0852127075195312,
1.083915114402771,
1.084983229637146,
1.0850437879562378,
1.0850056409835815,
1.0849889516830444,
1.0838489532470703,
1.0848108530044556,
1.084891676902771,
1.0849430561065674,
1.0846625566482544,
1.0834649801254272,
1.0846251249313354,
1.0843479633331299,
1.084545612335205,
1.0845564603805542,
1.08297860622406,
1.0842901468276978,
1.0842666625976562,
1.0840628147125244,
1.0842143297195435,
1.0829142332077026,
1.0839476585388184,
1.084011197090149,
1.0837689638137817,
1.0837711095809937,
1.082643747329712,
1.0835182666778564,
1.0836515426635742,
1.0836076736450195,
1.083356499671936,
1.0822923183441162,
1.083438515663147,
1.0831905603408813,
1.0832552909851074,
1.0832545757293701,
1.0817569494247437,
1.0830702781677246,
1.0829601287841797,
1.0827819108963013,
1.082863211631775,
1.0815597772598267,
1.0825893878936768,
1.0825775861740112,
1.0823934078216553,
1.0824685096740723,
1.0811936855316162,
1.0821399688720703,
1.0822080373764038,
1.0821468830108643,
1.0819216966629028,
1.0820341110229492,
1.0820165872573853,
1.0816494226455688,
1.0817530155181885,
1.0816798210144043,
1.0815343856811523,
1.081541895866394,
1.0815110206604004,
1.0812455415725708,
1.0812474489212036,
1.081180453300476,
1.0811059474945068,
1.0810589790344238,
1.0807207822799683,
1.0808308124542236,
1.080694556236267,
1.0804435014724731,
1.0805470943450928,
1.0805333852767944,
1.0801576375961304,
1.0802745819091797,
1.0801575183868408,
1.0798805952072144,
1.0799273252487183,
1.079856038093567,
1.0796347856521606,
1.0795865058898926,
1.0795501470565796,
1.0793999433517456,
1.0793697834014893,
1.0790859460830688,
1.0790743827819824,
1.0789715051651,
1.078715443611145,
1.0788213014602661,
1.078715205192566,
1.0783507823944092,
1.0783452987670898,
1.078244924545288,
1.077929139137268,
1.0779845714569092,
1.0778939723968506,
1.077663540840149,
1.0776234865188599,
1.0775784254074097,
1.0773271322250366,
1.0772022008895874,
1.0769808292388916,
1.0769538879394531,
1.076810598373413,
1.076535940170288,
1.0765721797943115,
1.0764427185058594,
1.0760780572891235,
1.0762057304382324,
1.0760200023651123,
1.0756824016571045,
1.0756148099899292,
1.0754754543304443,
1.0752488374710083,
1.0752302408218384,
1.0751441717147827,
1.07477867603302,
1.0746467113494873,
1.0742979049682617,
1.0743685960769653,
1.0742024183273315,
1.073814034461975,
1.073843240737915,
1.0736593008041382,
1.0733156204223633,
1.0694308280944824,
1.0705385208129883,
1.071043610572815,
1.0714597702026367,
1.071576476097107,
1.0701627731323242,
1.071481704711914,
1.071473240852356,
1.0711853504180908,
1.0712954998016357,
1.0700111389160156,
1.0709912776947021,
1.0709699392318726,
1.0708147287368774,
1.0706406831741333,
1.0693265199661255,
1.0703003406524658,
1.070155143737793,
1.069960594177246,
1.0696381330490112,
1.0684574842453003,
1.0695687532424927,
1.069210171699524,
1.0692652463912964,
1.0690302848815918,
1.0674996376037598,
1.0686705112457275,
1.0684171915054321,
1.0681458711624146,
1.0679805278778076,
1.0678155422210693,
1.067544937133789,
1.0673840045928955,
1.0669891834259033,
1.0669019222259521,
1.06681227684021,
1.06638765335083,
1.066331386566162,
1.066125512123108,
1.0656139850616455,
1.065528154373169,
1.0652787685394287,
1.0649218559265137,
1.0647984743118286,
1.0645511150360107,
1.0642706155776978,
1.0640838146209717,
1.0637863874435425,
1.0634404420852661,
1.0632562637329102,
1.0629154443740845,
1.0626989603042603,
1.0624945163726807,
1.0619696378707886,
1.0618759393692017,
1.0616525411605835,
1.0610151290893555,
1.060900092124939,
1.0606287717819214,
1.0602738857269287,
1.0600944757461548,
1.0597537755966187,
1.0593183040618896,
1.0591256618499756,
1.0586676597595215,
1.058345913887024,
1.0581328868865967,
1.0576895475387573,
1.0574051141738892,
1.0571531057357788,
1.0566362142562866,
1.0564019680023193,
1.0561200380325317,
1.0555020570755005,
1.0552524328231812,
1.0548861026763916,
1.0543965101242065,
1.054146647453308,
1.0537139177322388,
1.0533020496368408,
1.0528943538665771,
1.052474021911621,
1.0521166324615479,
1.0517420768737793,
1.0510880947113037,
1.0508571863174438,
1.050368309020996,
1.0497348308563232,
1.049466848373413,
1.0490398406982422,
1.0483657121658325,
1.0481033325195312,
1.0476126670837402,
1.0470867156982422,
1.04672110080719,
1.0461339950561523,
1.0456005334854126,
1.0451463460922241,
1.0443811416625977,
1.044031023979187,
1.0435715913772583,
1.0427685976028442,
1.0424110889434814,
1.0418492555618286,
1.0409355163574219,
1.0407172441482544,
1.0401357412338257,
1.0393730401992798,
1.0389238595962524,
1.038095474243164,
1.0374056100845337,
1.0369246006011963,
1.03618323802948,
1.0355178117752075,
1.0349301099777222,
1.0340598821640015,
1.0335218906402588,
1.0328291654586792,
1.031940221786499,
1.0314648151397705,
1.030759334564209,
1.0295177698135376,
1.0291613340377808,
1.0283513069152832,
1.0271556377410889,
1.0268442630767822,
1.025887370109558,
1.0250000953674316,
1.0242841243743896,
1.022141933441162,
1.0224404335021973,
1.0217301845550537,
1.020522117614746,
1.0197750329971313,
1.0176671743392944,
1.0177007913589478,
1.0168946981430054,
1.0159242153167725,
1.0149298906326294,
1.0126887559890747,
1.01277756690979,
1.011757731437683,
1.010838270187378,
1.0096945762634277,
1.0073000192642212,
1.0074609518051147,
1.0059964656829834,
1.005008578300476,
1.0037413835525513,
1.0023276805877686,
1.0012624263763428,
1.0000444650650024,
0.9984371662139893,
0.9972456693649292,
0.9957456588745117,
0.9942228198051453,
0.9928474426269531,
0.9913604855537415,
0.9898686408996582,
0.9883348941802979,
0.9865645170211792,
0.9851645827293396,
0.9833828210830688,
0.9815679788589478,
0.9798260927200317,
0.9778262376785278,
0.9762195348739624,
0.9744674563407898,
0.9724627137184143,
0.9706169366836548,
0.9686785340309143,
0.9669154286384583,
0.9645506739616394,
0.9628168940544128,
0.9603392481803894,
0.9588315486907959,
0.9568464756011963,
0.9547691941261292,
0.9526114463806152,
0.9508492946624756,
0.9481584429740906,
0.9461162090301514,
0.9438754320144653,
0.9418097138404846,
0.9392343163490295,
0.9372658729553223,
0.9351914525032043,
0.9329843521118164,
0.9307654500007629,
0.9270374774932861,
0.9261330962181091,
0.9240215420722961,
0.9216246604919434,
0.9193131327629089,
0.9169744849205017,
0.9144549369812012,
0.9125096797943115,
0.9101986289024353,
0.907780647277832,
0.905447781085968,
0.9031317234039307,
0.9007427096366882,
0.8986387252807617,
0.8963814377784729,
0.8940905332565308,
0.8918517827987671,
0.8896030187606812,
0.887148380279541,
0.8849648833274841,
0.8825394511222839,
0.8802115321159363,
0.8778359889984131,
0.8756733536720276,
0.8731206059455872,
0.8708580732345581,
0.8684841990470886,
0.8659263849258423,
0.8635831475257874,
0.8612122535705566,
0.8585919141769409,
0.8562656044960022,
0.8537009954452515,
0.8513854146003723,
0.8490138053894043,
0.8465909361839294,
0.844123363494873,
0.8416323661804199,
0.8391282558441162,
0.8369470238685608,
0.8347116112709045,
0.8319953680038452,
0.8298736214637756,
0.8274200558662415,
0.8274200558662415,
0.8274200558662415,
0.0,
0.0,
0.0,
0.0,
0.0,
0.0,
0.0,
0.0,
0.0,
0.0,
0.0,
0.0,
0.0,
0.0,
0.0,
0.0,
0.0,
0.0,
0.0,
0.0,
0.0,
0.0,
0.0,
0.0,
0.0,
0.0,
0.0,
0.0,
0.0,
0.0,
0.0,
0.0,
0.0,
0.0,
0.0,
0.0,
0.0,
0.0,
0.0,
0.0,
0.0,
0.0,
0.0,
0.0,
0.0,
0.0,
0.0,
0.0,
0.0,
0.0,
0.0,
0.0,
0.0,
0.0,
0.0,
0.0,
0.0,
0.0,
0.0,
0.0,
0.0,
0.0,
0.0,
0.0,
0.0,
0.0,
0.0,
0.0,
0.0,
0.0,
0.0,
0.0,
0.0,
0.0,
0.0,
0.0,
0.0,
0.0,
0.0,
0.0,
0.0,
0.0,
0.0,
0.0,
0.0,
0.0,
0.0,
0.0,
0.0,
0.0,
0.0,
0.0,
0.0,
0.0,
0.0,
0.0,
0.0,
0.0,
0.0,
0.0,
0.0,
0.0,
0.0,
0.0,
0.0,
0.0,
0.0,
0.0,
0.0,
0.0,
0.0,
0.0,
0.0,
0.0,
0.0,
0.0,
0.0,
0.0,
0.0,
0.0,
0.0,
0.0,
0.0,
0.0,
0.0,
0.0,
0.0,
0.0,
0.0,
0.0,
0.0,
0.0,
0.0,
0.0,
0.0,
0.0,
0.0,
0.0,
0.0,
0.0,
0.0,
0.0,
0.0,
0.0,
0.0,
0.0,
0.0,
0.0,
0.0,
0.0,
0.0,
0.0,
0.0,
0.0,
0.0,
0.0,
0.0,
0.0,
0.0,
0.0,
0.0,
0.0,
0.0,
0.0,
0.0,
0.0,
0.0,
0.0,
0.0,
0.0,
0.0,
0.0,
0.0,
0.0,
0.0,
0.0,
0.0,
0.0,
0.0,
0.0,
0.0,
0.0,
0.0,
0.0,
0.0,
0.0,
0.0,
0.0,
0.0,
0.0,
0.0,
0.0,
0.0,
0.0,
0.0,
0.0,
0.0,
0.0,
0.0,
0.0,
0.0,
0.0,
0.0,
0.0,
0.0,
0.0,
0.0,
0.0,
0.0,
0.0,
0.0,
0.0,
0.0,
0.0,
0.0,
0.0,
0.0,
0.0,
0.0,
0.0,
0.0,
0.0,
0.0,
0.0,
0.0,
0.0,
0.0,
0.0,
0.0,
0.0,
0.0,
0.0,
0.0,
0.0,
0.0,
0.0,
0.0,
0.0,
0.0,
0.0,
0.0,
0.0,
0.0,
0.0,
0.0,
0.0,
0.0,
0.0,
0.0,
0.0,
0.0,
0.0,
0.0,
0.0,
0.0,
0.0,
0.0,
0.0,
0.0,
0.0,
0.0,
0.0,
0.0,
0.0,
0.0,
0.0,
0.0,
0.0,
0.0,
0.0,
0.0,
0.0,
0.0,
0.0,
0.0,
0.0,
0.0,
0.0,
0.0,
0.0,
0.0,
0.0,
0.0,
0.0,
0.0,
0.0,
0.0,
0.0,
0.0,
0.0,
0.0,
0.0,
0.0,
0.0,
0.0,
0.0,
0.0,
0.0,
0.0,
0.0,
0.0,
0.0,
0.0,
0.0,
0.0,
0.0,
0.0,
0.0,
0.0,
0.0,
0.0,
0.0,
0.0,
0.0,
0.0,
0.0,
0.0,
0.0,
0.0,
0.0,
0.0,
0.0,
0.0,
0.0,
0.0,
0.0,
0.0,
0.0,
0.0,
0.0,
0.0,
0.0,
0.0,
0.0,
0.0,
0.0,
0.0,
0.0,
0.0,
0.0,
0.0,
0.0,
0.0,
0.0,
0.0,
0.0,
0.0,
0.0,
0.0,
0.0,
0.0,
0.0,
0.0,
0.0,
0.0,
0.0,
0.0,
0.0,
0.0,
0.0,
0.0,
0.0,
0.0,
0.0,
0.0,
0.0,
0.0,
0.0,
0.0,
0.0,
0.0,
0.0,
0.0,
0.0,
0.0,
0.0,
0.0,
0.0,
0.0,
0.0,
0.0,
0.0,
0.0,
0.0,
0.0,
0.0,
0.0,
0.0,
0.0,
0.0,
0.0,
0.0,
0.0,
0.0,
0.0,
0.0,
0.0,
0.0,
0.0,
0.0,
0.0,
0.0,
0.0,
0.0,
0.0,
0.0,
0.0,
0.0,
0.0,
0.0,
0.0,
0.0,
0.0,
0.0,
0.0,
0.0,
0.0,
0.0,
0.0,
0.0,
0.0,
0.0,
0.0,
0.0,
0.0,
0.0,
0.0,
0.0,
0.0,
0.0,
0.0,
0.0,
0.0,
0.0,
0.0,
0.0,
0.0,
0.0,
0.0,
0.0,
0.0,
0.0,
0.0,
0.0,
0.0,
0.0,
0.0,
0.0,
0.0,
0.0,
0.0,
0.0,
0.0,
0.0,
0.0,
0.0,
0.0,
0.0,
0.0,
0.0,
0.0,
0.0,
0.0,
0.0,
0.0,
0.0,
0.0,
0.0,
0.0,
0.0,
0.0,
0.0,
0.0,
0.0,
0.0,
0.0,
0.0,
0.0,
0.0,
0.0,
0.0,
0.0,
0.0,
0.0,
0.0,
0.0,
0.0,
0.0,
0.0,
0.0,
0.0,
0.0,
0.0,
0.0,
0.0,
0.0,
0.0,
0.0,
0.0,
0.0,
0.0,
0.0,
0.0,
0.0,
0.0,
0.0,
0.0,
0.0,
0.0,
0.0,
0.0,
0.0,
0.0,
0.0,
0.0,
0.0,
0.0,
0.0,
0.0,
0.0,
0.0,
0.0,
0.0,
0.0,
0.0,
0.0,
0.0,
0.0,
0.0,
0.0,
0.0,
0.0,
0.0,
0.0,
0.0,
0.0,
0.0,
0.0,
0.0,
0.0,
0.0,
0.0,
0.0,
0.0,
0.0,
0.0,
0.0,
0.0,
0.0,
0.0,
0.0,
0.0,
0.0,
0.0,
0.0,
0.0,
0.0,
0.0,
0.0,
0.0,
0.0,
0.0,
0.0,
0.0,
0.0,
0.0,
0.0,
0.0,
0.0,
0.0,
0.0,
0.0,
0.0,
0.0,
0.0,
0.0,
0.0,
0.0,
0.0,
0.0,
0.0,
0.0,
0.0,
0.0,
0.0,
0.0,
0.0,
0.0,
0.0,
0.0,
0.0,
0.0,
0.0,
0.0,
0.0,
0.0,
0.0,
0.0,
0.0,
0.0,
0.0,
0.0,
0.0,
0.0,
0.0,
0.0,
0.0,
0.0,
0.0,
0.0,
0.0,
0.0,
0.0,
0.0,
0.0,
0.0,
0.0,
0.0,
0.0,
0.0,
0.0,
0.0,
0.0,
0.0,
0.0,
0.0,
0.0,
0.0,
0.0,
0.0,
0.0,
0.0,
0.0,
0.0,
0.0,
0.0,
0.0,
0.0,
0.0,
0.0,
0.0,
0.0,
0.0,
0.0,
0.0,
0.0,
0.0,
0.0,
0.0,
0.0,
0.0,
0.0,
0.0,
0.0,
0.0,
0.0,
0.0,
0.0,
0.0,
0.0,
0.0,
0.0,
0.0,
0.0,
0.0,
0.0,
0.0,
0.0,
0.0,
0.0,
0.0,
0.0,
0.0,
0.0,
0.0,
0.0,
0.0,
0.0,
0.0,
0.0,
0.0,
0.0,
0.0,
0.0,
0.0,
0.0,
0.0,
0.0,
0.0,
0.0,
0.0,
0.0,
0.0,
0.0,
0.0,
0.0,
0.0,
0.0,
0.0,
0.0,
0.0,
0.0,
0.0,
0.0,
0.0,
0.0,
0.0,
0.0,
0.0,
0.0,
0.0,
0.0,
0.0,
0.0,
0.0,
0.0,
0.0,
0.0,
0.0,
0.0,
0.0,
0.0,
0.0,
0.0,
0.0,
0.0,
0.0,
0.0,
0.0,
0.0,
0.0,
0.0,
0.0,
0.0,
0.0,
0.0,
0.0,
0.0,
0.0,
0.0,
0.0,
0.0,
0.0,
0.0,
0.0,
0.0,
0.0,
0.0,
0.0,
0.0,
0.0,
0.0,
0.0,
0.0,
0.0,
0.0,
0.0,
0.0,
0.0,
0.0,
0.0,
0.0,
0.0,
0.0,
0.0,
0.0,
0.0,
0.0,
0.0,
0.0,
0.0,
0.0,
0.0,
0.0,
0.0,
0.0,
0.0,
0.0,
0.0,
0.0,
0.0,
0.0,
0.0,
0.0,
0.0,
0.0,
0.0,
0.0,
0.0,
0.0,
0.0,
0.0,
0.0,
0.0,
0.0,
0.0,
0.0,
0.0,
0.0,
0.0,
0.0,
0.0,
0.0,
0.0,
0.0,
0.0,
0.0,
0.0,
0.0,
0.0,
0.0,
0.0,
0.0,
0.0,
0.0,
0.0,
0.0,
0.0,
0.0,
0.0,
0.0,
0.0,
0.0,
0.0,
0.0,
0.0,
0.0,
0.0,
0.0,
0.0,
0.0,
0.0,
0.0,
0.0,
0.0,
0.0,
0.0,
0.0,
0.0,
0.0,
0.0,
0.0,
0.0,
0.0,
0.0,
0.0,
0.0,
0.0,
0.0,
0.0,
0.0,
0.0,
0.0,
0.0,
0.0,
0.0,
0.0,
0.0,
0.0,
0.0,
0.0,
0.0,
0.0,
0.0,
0.0,
0.0,
0.0,
0.0,
0.0,
0.0,
0.0,
0.0,
0.0,
0.0,
0.0,
0.0,
0.0,
0.0,
0.0,
0.0,
0.0,
0.0,
0.0,
0.0,
0.0,
0.0,
0.0,
0.0,
0.0,
0.0,
0.0,
0.0,
0.0,
0.0,
0.0,
0.0,
0.0,
0.0,
0.0,
0.0,
0.0,
0.0,
0.0,
0.0,
0.0,
0.0,
0.0,
0.0,
0.0,
0.0,
0.0,
0.0,
0.0,
0.0,
0.0,
0.0,
0.0,
0.0,
0.0,
0.0,
0.0,
0.0,
0.0,
0.0,
0.0,
0.0,
0.0,
0.0,
0.0,
0.0,
0.0,
0.0,
0.0,
0.0,
0.0,
0.0,
0.0,
0.0,
0.0,
0.0,
0.0,
0.0,
0.0,
0.0,
0.0,
0.0,
0.0,
0.0,
0.0,
0.0,
0.0,
0.0,
0.0,
0.0,
0.0,
0.0,
0.0,
0.0,
0.0,
0.0,
0.0,
0.0,
0.0,
0.0,
0.0,
0.0,
0.0,
0.0,
0.0,
0.0,
0.0,
0.0,
0.0,
0.0,
0.0,
0.0,
0.0,
0.0,
0.0,
0.0,
0.0,
0.0,
0.0,
0.0,
0.0,
0.0,
0.0,
0.0,
0.0,
0.0,
0.0,
0.0,
0.0,
0.0,
0.0,
0.0,
0.0,
0.0,
0.0,
0.0,
0.0,
0.0,
0.0,
0.0,
0.0,
0.0,
0.0,
0.0,
0.0,
0.0,
0.0,
0.0,
0.0,
0.0,
0.0,
0.0,
0.0,
0.0,
0.0,
0.0,
0.0,
0.0,
0.0,
0.0,
0.0,
0.0,
0.0,
0.0,
0.0,
0.0,
0.0,
0.0,
0.0,
0.0,
0.0,
0.0,
0.0,
0.0,
0.0,
0.0,
0.0,
0.0,
0.0,
0.0,
0.0,
0.0,
0.0,
0.0,
0.0,
0.0,
0.0,
0.0,
0.0,
0.0,
0.0,
0.0,
0.0,
0.0,
0.0,
0.0,
0.0,
0.0,
0.0,
0.0,
0.0,
0.0,
0.0,
0.0,
0.0,
0.0,
0.0,
0.0,
0.0,
0.0,
0.0,
0.0,
0.0,
0.0,
0.0,
0.0,
0.0,
0.0,
0.0,
0.0,
0.0,
0.0,
0.0,
0.0,
0.0,
0.0,
0.0,
0.0,
0.0,
0.0,
0.0,
0.0,
0.0,
0.0,
0.0,
0.0,
0.0,
0.0,
0.0,
0.0,
0.0,
0.0,
0.0,
0.0,
0.0,
0.0,
0.0,
0.0,
0.0,
0.0,
0.0,
0.0,
0.0,
0.0,
0.0,
0.0,
0.0,
0.0,
0.0,
0.0,
0.0,
0.0,
0.0,
0.0,
0.0,
0.0,
0.0,
0.0,
0.0,
0.0,
0.0,
0.0,
0.0,
0.0,
0.0,
0.0,
0.0,
0.0,
0.0,
0.0,
0.0,
0.0,
0.0,
0.0,
0.0,
0.0,
0.0,
0.0,
0.0,
0.0,
0.0,
0.0,
0.0,
0.0,
0.0,
0.0,
0.0,
0.0,
0.0,
0.0,
0.0,
0.0,
0.0,
0.0,
0.0,
0.0,
0.0,
0.0,
0.0,
0.0,
0.0,
0.0,
0.0,
0.0,
0.0,
0.0,
0.0,
0.0,
0.0,
0.0,
0.0,
0.0,
0.0,
0.0,
0.0,
0.0,
0.0,
0.0,
0.0,
0.0,
0.0,
0.0,
0.0,
0.0,
0.0,
0.0,
0.0,
0.0,
0.0,
0.0,
0.0,
0.0,
0.0,
0.0,
0.0,
0.0,
0.0,
0.0,
0.0,
0.0,
0.0,
0.0,
0.0,
0.0,
0.0,
0.0,
0.0,
0.0,
0.0,
0.0,
0.0,
0.0,
0.0,
0.0,
0.0,
0.0,
0.0,
0.0,
0.0,
0.0,
0.0,
0.0,
0.0,
0.0,
0.0,
0.0,
0.0,
0.0,
0.0,
0.0,
0.0,
0.0,
0.0,
0.0,
0.0,
0.0,
0.0,
0.0,
0.0,
0.0,
0.0,
0.0,
0.0,
0.0,
0.0,
0.0,
0.0,
0.0,
0.0,
0.0,
0.0,
0.0,
0.0,
0.0,
0.0,
0.0,
0.0,
0.0,
0.0,
0.0,
0.0,
0.0,
0.0,
0.0,
0.0,
0.0,
0.0,
0.0,
0.0,
0.0,
0.0,
0.0,
0.0,
0.0,
0.0,
0.0,
0.0,
0.0,
0.0,
0.0,
0.0,
0.0,
0.0,
0.0,
0.0,
0.0,
0.0,
0.0,
0.0,
0.0,
0.0,
0.0,
0.0,
0.0,
0.0,
0.0,
0.0,
0.0,
0.0,
0.0,
0.0,
0.0,
0.0,
0.0,
0.0,
0.0,
0.0,
0.0,
0.0,
0.0,
0.0,
0.0,
0.0,
0.0,
0.0,
0.0,
0.0,
0.0,
0.0,
0.0,
0.0,
0.0,
0.0,
0.0,
0.0,
0.0,
0.0,
0.0,
0.0,
0.0,
0.0,
0.0,
0.0,
0.0,
0.0,
0.0,
0.0,
0.0,
0.0,
0.0,
0.0,
0.0,
0.0,
0.0,
0.0,
0.0,
0.0,
0.0,
0.0,
0.0,
0.0,
0.0,
0.0,
0.0,
0.0,
0.0,
0.0,
0.0,
0.0,
0.0,
0.0,
0.0,
0.0,
0.0,
0.0,
0.0,
0.0,
0.0,
0.0,
0.0,
0.0,
0.0,
0.0,
0.0,
0.0,
0.0,
0.0,
0.0,
0.0,
0.0,
0.0,
0.0,
0.0,
0.0,
0.0,
0.0,
0.0,
0.0,
0.0,
0.0,
0.0,
0.0,
0.0,
0.0,
0.0,
0.0,
0.0,
0.0,
0.0,
0.0,
0.0,
0.0,
0.0,
0.0,
0.0,
0.0,
0.0,
0.0,
0.0,
0.0,
0.0,
0.0,
0.0,
0.0,
0.0,
0.0,
0.0,
0.0,
0.0,
0.0,
0.0,
0.0,
0.0,
0.0,
0.0,
0.0,
0.0,
0.0,
0.0,
0.0,
0.0,
0.0,
0.0,
0.0,
0.0,
0.0,
0.0,
0.0,
0.0,
0.0,
0.0,
0.0,
0.0,
0.0,
0.0,
0.0,
0.0,
0.0,
0.0,
0.0,
0.0,
0.0,
0.0,
0.0,
0.0,
0.0,
0.0,
0.0,
0.0,
0.0,
0.0,
0.0,
0.0,
0.0,
0.0,
0.0,
0.0,
0.0,
0.0,
0.0,
0.0,
0.0,
0.0,
0.0,
0.0,
0.0,
0.0,
0.0,
0.0,
0.0,
0.0,
0.0,
0.0,
0.0,
0.0,
0.0,
0.0,
0.0,
0.0,
0.0,
0.0,
0.0,
0.0,
0.0,
0.0,
0.0,
0.0,
0.0,
0.0,
0.0,
0.0,
0.0,
0.0,
0.0,
0.0,
0.0,
0.0,
0.0,
0.0,
0.0,
0.0,
0.0,
0.0,
0.0,
0.0,
0.0,
0.0,
0.0,
0.0,
0.0,
0.0,
0.0,
0.0,
0.0,
0.0,
0.0,
0.0,
0.0,
0.0,
0.0,
0.0,
0.0,
0.0,
0.0,
0.0,
0.0,
0.0,
0.0,
0.0,
0.0,
0.0,
0.0,
0.0,
0.0,
0.0,
0.0,
0.0,
0.0,
0.0,
0.0,
0.0,
0.0,
0.0,
0.0,
0.0,
0.0,
0.0,
0.0,
0.0,
0.0,
0.0,
0.0,
0.0,
0.0,
0.0,
0.0,
0.0,
0.0,
0.0,
0.0,
0.0,
0.0,
0.0,
0.0,
0.0,
0.0,
0.0,
0.0,
0.0,
0.0,
0.0,
0.0,
0.0,
0.0,
0.0,
0.0,
0.0,
0.0,
0.0,
0.0,
0.0,
0.0,
0.0,
0.0,
0.0,
0.0,
0.0,
0.0,
0.0,
0.0,
0.0,
0.0,
0.0,
0.0,
0.0,
0.0,
0.0,
0.0,
0.0,
0.0,
0.0,
0.0,
0.0,
0.0,
0.0,
0.0,
0.0,
0.0,
0.0,
0.0,
0.0,
0.0,
0.0,
0.0,
0.0,
0.0,
0.0,
0.0,
0.0,
0.0,
0.0,
0.0,
0.0,
0.0,
0.0,
0.0,
0.0,
0.0,
0.0,
0.0,
0.0,
0.0,
0.0,
0.0,
0.0,
0.0,
0.0,
0.0,
0.0,
0.0,
0.0,
0.0,
0.0,
0.0,
0.0,
0.0,
0.0,
0.0,
0.0,
0.0,
0.0,
0.0,
0.0,
0.0,
0.0,
0.0,
0.0,
0.0,
0.0,
0.0,
0.0,
0.0,
0.0,
0.0,
0.0,
0.0,
0.0,
0.0,
0.0,
0.0,
0.0,
0.0,
0.0,
0.0,
0.0,
0.0,
0.0,
0.0,
0.0,
0.0,
0.0,
0.0,
0.0,
0.0,
0.0,
0.0,
0.0,
0.0,
0.0,
0.0,
0.0,
0.0,
0.0,
0.0,
0.0,
0.0,
0.0,
0.0,
0.0,
0.0,
0.0,
0.0,
0.0,
0.0,
0.0,
0.0,
0.0,
0.0,
0.0,
0.0,
0.0,
0.0,
0.0,
0.0,
0.0,
0.0,
0.0,
0.0,
0.0,
0.0,
0.0,
0.0,
0.0,
0.0,
0.0,
0.0,
0.0,
0.0,
0.0,
0.0,
0.0,
0.0,
0.0,
0.0,
0.0,
0.0,
0.0,
0.0,
0.0,
0.0,
0.0,
0.0,
0.0,
0.0,
0.0,
0.0,
0.0,
0.0,
0.0,
0.0,
0.0,
0.0,
0.0,
0.0,
0.0,
0.0,
0.0,
0.0,
0.0,
0.0,
0.0,
0.0,
0.0,
0.0,
0.0,
0.0,
0.0,
0.0,
0.0,
0.0,
0.0,
0.0,
0.0,
0.0,
0.0,
0.0,
0.0,
0.0,
0.0,
0.0,
0.0,
0.0,
0.0,
0.0,
0.0,
0.0,
0.0,
0.0,
0.0,
0.0,
0.0,
0.0,
0.0,
0.0,
0.0,
0.0,
0.0,
0.0,
