1.0758885145187378,
1.0790519714355469,
1.0797885656356812,
1.0819073915481567,
1.0819733142852783,
1.0825555324554443,
1.0830439329147339,
1.0813658237457275,
1.0831546783447266,
1.0834110975265503,
1.0831406116485596,
1.083674669265747,
1.084065318107605,
1.0839046239852905,
1.0841445922851562,
1.0842453241348267,
1.0842351913452148,
1.0846166610717773,
1.0842136144638062,
1.0845537185668945,
1.084820032119751,
1.0844122171401978,
1.084439754486084,
1.084661602973938,
1.0841373205184937,
1.0847657918930054,
1.0849870443344116,
1.0845142602920532,
1.0849356651306152,
1.0849138498306274,
1.0844571590423584,
1.0848217010498047,
1.0850088596343994,
1.0846977233886719,
1.084799885749817,
1.0847485065460205,
1.0850207805633545,
1.0853667259216309,
1.0850898027420044,
1.0851871967315674,
1.0852333307266235,
1.084744930267334,
1.0850995779037476,
1.0853615999221802,
1.0846997499465942,
1.085199236869812,
1.085269570350647,
1.084475040435791,
1.0849899053573608,
1.085175633430481,
1.0848110914230347,
1.085140347480774,
1.0852855443954468,
1.0849204063415527,
1.0851614475250244,
1.0849848985671997,
1.0848702192306519,
1.085166573524475,
1.0847183465957642,
1.0850895643234253,
1.085357427597046,
1.0848735570907593,
1.0850739479064941,
1.085233211517334,
1.0848803520202637,
1.0852726697921753,
1.0853570699691772,
1.0849463939666748,
1.0853773355484009,
1.085595965385437,
1.0850478410720825,
1.0852959156036377,
1.0853983163833618,
1.0851542949676514,
1.0853806734085083,
1.085078239440918,
1.0850681066513062,
1.0852569341659546,
1.084856390953064,
1.0850518941879272,
1.0851837396621704,
1.0845876932144165,
1.0848485231399536,
1.084956407546997,
1.0847567319869995,
1.0850812196731567,
1.0850836038589478,
1.084733247756958,
1.0850169658660889,
1.0851584672927856,
1.0847136974334717,
1.084986925125122,
1.084539771080017,
1.084694504737854,
1.0849093198776245,
1.0844147205352783,
1.0845974683761597,
1.0847591161727905,
1.0844603776931763,
1.0847910642623901,
1.0847539901733398,
1.084106206893921,
1.0845401287078857,
1.0846630334854126,
1.0838968753814697,
1.084437370300293,
1.0844900608062744,
1.0840048789978027,
1.0843801498413086,
1.0844863653182983,
1.0842721462249756,
1.0845102071762085,
1.084381103515625,
1.084216833114624,
1.0844225883483887,
1.0839109420776367,
1.0837030410766602,
1.0841511487960815,
1.0836222171783447,
1.0839498043060303,
1.0840253829956055,
1.0824111700057983,
1.0839362144470215,
1.0841000080108643,
1.0835555791854858,
1.0837030410766602,
1.082390546798706,
1.083410620689392,
1.0836544036865234,
1.0836501121520996,
1.083473563194275,
1.0823616981506348,
1.0834932327270508,
1.083562970161438,
1.0837749242782593,
1.0832245349884033,
1.0822302103042603,
1.0834691524505615,
1.0829778909683228,
1.08330500125885,
1.0833696126937866,
1.0815232992172241,
1.0829788446426392,
1.083160161972046,
1.082627296447754,
1.0830200910568237,
1.0818232297897339,
1.0826456546783447,
1.0829627513885498,
1.0825964212417603,
1.0824989080429077,
1.0814231634140015,
1.0822476148605347,
1.082455039024353,
1.0825787782669067,
1.0820035934448242,
1.0812649726867676,
1.0825756788253784,
1.082183837890625,
1.082383155822754,
1.082567811012268,
1.0806349515914917,
1.082263708114624,
1.0821964740753174,
1.081782579421997,
1.0820763111114502,
1.0818811655044556,
1.0815974473953247,
1.0818411111831665,
1.081581711769104,
1.0817221403121948,
1.0818835496902466,
1.0814532041549683,
1.0816227197647095,
1.0815547704696655,
1.08106529712677,
1.0814478397369385,
1.081491231918335,
1.0809317827224731,
1.0812243223190308,
1.0810388326644897,
1.0809696912765503,
1.0812019109725952,
1.0811858177185059,
1.0807747840881348,
1.0808534622192383,
1.0807586908340454,
1.0808228254318237,
1.0809811353683472,
1.0806591510772705,
1.0809235572814941,
1.0805867910385132,
1.0801695585250854,
1.0804369449615479,
1.0806336402893066,
1.0799342393875122,
1.0803776979446411,
1.0800968408584595,
1.0796551704406738,
1.079972505569458,
1.0800400972366333,
1.079482078552246,
1.0796051025390625,
1.0796741247177124,
1.0795191526412964,
1.0797964334487915,
1.079653263092041,
1.079484462738037,
1.079620599746704,
1.0793561935424805,
1.0794103145599365,
1.0794004201889038,
1.078949213027954,
1.0791537761688232,
1.0792272090911865,
1.0785197019577026,
1.0787655115127563,
1.0787138938903809,
1.0783188343048096,
1.0786069631576538,
1.0786064863204956,
1.0782053470611572,
1.0783309936523438,
1.0784506797790527,
1.0780423879623413,
1.0781190395355225,
1.077897310256958,
1.0778292417526245,
1.0779790878295898,
1.077512264251709,
1.0777634382247925,
1.0779434442520142,
1.0772616863250732,
1.0775479078292847,
1.0775809288024902,
1.076874852180481,
1.07729971408844,
1.0771408081054688,
1.0766249895095825,
1.076867938041687,
1.0766968727111816,
1.0764784812927246,
1.0766655206680298,
1.0764356851577759,
1.0763338804244995,
1.0764600038528442,
1.0762250423431396,
1.0723650455474854,
1.0737457275390625,
1.0739482641220093,
1.0743099451065063,
1.0744739770889282,
1.074280858039856,
1.0744253396987915,
1.0743305683135986,
1.0740604400634766,
1.0742557048797607,
1.0743494033813477,
1.0738725662231445,
1.0742218494415283,
1.0741331577301025,
1.0738506317138672,
1.0739916563034058,
1.0738352537155151,
1.0734407901763916,
1.0735982656478882,
1.0733894109725952,
1.0733046531677246,
1.073557734489441,
1.0732676982879639,
1.073249101638794,
1.0733894109725952,
1.0729066133499146,
1.0730645656585693,
1.0731725692749023,
1.072603702545166,
1.0727181434631348,
1.072082281112671,
1.0721547603607178,
1.0724375247955322,
1.0723848342895508,
1.0719255208969116,
1.0707858800888062,
1.0717417001724243,
1.0716277360916138,
1.0715974569320679,
1.0711790323257446,
1.0699851512908936,
1.0711339712142944,
1.0707818269729614,
1.0710110664367676,
1.0709712505340576,
1.0692445039749146,
1.0707236528396606,
1.0705832242965698,
1.0699901580810547,
1.0700751543045044,
1.0685842037200928,
1.0695961713790894,
1.069689393043518,
1.0694535970687866,
1.0694210529327393,
1.0681648254394531,
1.0689079761505127,
1.068549633026123,
1.0684475898742676,
1.068276286125183,
1.067284107208252,
1.068336844444275,
1.0677310228347778,
1.0677818059921265,
1.0675724744796753,
1.0670626163482666,
1.0671172142028809,
1.066819190979004,
1.0666264295578003,
1.066748857498169,
1.0665067434310913,
1.0663256645202637,
1.0661717653274536,
1.0657838582992554,
1.0657495260238647,
1.0654345750808716,
1.0651291608810425,
1.0651768445968628,
1.0649805068969727,
1.0644420385360718,
1.0645503997802734,
1.064058542251587,
1.0638426542282104,
1.0639783143997192,
1.0636250972747803,
1.0634212493896484,
1.0631539821624756,
1.062609314918518,
1.0625410079956055,
1.0623599290847778,
1.0618867874145508,
1.0617700815200806,
1.0617387294769287,
1.0612987279891968,
1.0614044666290283,
1.0612045526504517,
1.060407042503357,
1.0604052543640137,
1.0601691007614136,
1.0597318410873413,
1.059827446937561,
1.059424638748169,
1.0590053796768188,
1.0590157508850098,
1.0584052801132202,
1.0579982995986938,
1.0579853057861328,
1.057511568069458,
1.0572528839111328,
1.0572768449783325,
1.056363582611084,
1.0564128160476685,
1.0561898946762085,
1.0553606748580933,
1.0554476976394653,
1.054950475692749,
1.0546132326126099,
1.0542731285095215,
1.0539838075637817,
1.0536855459213257,
1.0536777973175049,
1.0524120330810547,
1.0525909662246704,
1.0525020360946655,
1.0517592430114746,
1.0516997575759888,
1.0514575242996216,
1.0505328178405762,
1.0506048202514648,
1.0503668785095215,
1.0494385957717896,
1.0485458374023438,
1.048827052116394,
1.0483676195144653,
1.048154354095459,
1.0476617813110352,
1.046904444694519,
1.045861005783081,
1.0458778142929077,
1.0455225706100464,
1.045014500617981,
1.0446282625198364,
1.0444473028182983,
1.0440181493759155,
1.043250322341919,
1.0431199073791504,
1.0424435138702393,
1.0415960550308228,
1.0414289236068726,
1.0408852100372314,
1.0401934385299683,
1.0396841764450073,
1.039044737815857,
1.0385220050811768,
1.0381977558135986,
1.0373154878616333,
1.0369176864624023,
1.0365461111068726,
1.035513162612915,
1.0348488092422485,
1.0345474481582642,
1.0337867736816406,
1.0329861640930176,
1.0322202444076538,
1.0315709114074707,
1.0311387777328491,
1.0305149555206299,
1.0296926498413086,
1.0293169021606445,
1.028154730796814,
1.0276368856430054,
1.0271432399749756,
1.0259053707122803,
1.025631070137024,
1.0234729051589966,
1.023709774017334,
1.0230408906936646,
1.0222537517547607,
1.0212881565093994,
1.0194895267486572,
1.019892930984497,
1.0189090967178345,
1.0181970596313477,
1.0169447660446167,
1.0150476694107056,
1.015514850616455,
1.0142412185668945,
1.013561487197876,
1.0128860473632812,
1.0103968381881714,
1.0108965635299683,
1.0100051164627075,
1.0085525512695312,
1.0078965425491333,
1.0068711042404175,
1.0048049688339233,
1.0045756101608276,
1.0030454397201538,
1.0016111135482788,
1.0004314184188843,
0.9996318817138672,
0.9985842108726501,
0.9973502159118652,
0.9955738186836243,
0.9948946833610535,
0.9936577677726746,
0.9919264912605286,
0.9904887080192566,
0.9892552495002747,
0.9872748851776123,
0.9863485097885132,
0.9851133227348328,
0.9832926392555237,
0.9819125533103943,
0.9804000854492188,
0.97855144739151,
0.9771652817726135,
0.9757325649261475,
0.974240243434906,
0.9725441932678223,
0.9707254767417908,
0.9692692756652832,
0.9676384329795837,
0.9657363295555115,
0.9644677639007568,
0.963123619556427,
0.9604320526123047,
0.9592984318733215,
0.9575002193450928,
0.9539650678634644,
0.9540072679519653,
0.9520593285560608,
0.9507460594177246,
0.9491190314292908,
0.946876585483551,
0.9457431435585022,
0.9440123438835144,
0.9422838091850281,
0.940386950969696,
0.9386807680130005,
0.937156081199646,
0.9351316094398499,
0.9333948493003845,
0.9315054416656494,
0.9296861886978149,
0.9278861284255981,
0.9262240529060364,
0.924309253692627,
0.9225567579269409,
0.920689582824707,
0.918951153755188,
0.917186439037323,
0.9152474999427795,
0.9136106371879578,
0.9117910861968994,
0.9086272120475769,
0.9077081680297852,
0.9062700867652893,
0.9045440554618835,
0.9029487371444702,
0.9011658430099487,
0.899144172668457,
0.8972912430763245,
0.8956593871116638,
0.8938537836074829,
0.8919652104377747,
0.8902680277824402,
0.8884678483009338,
0.886638879776001,
0.8849281072616577,
0.8832745552062988,
0.8810080289840698,
0.8796601295471191,
0.877876341342926,
0.8757277727127075,
0.8738782405853271,
0.8714114427566528,
0.8698825836181641,
0.8680344223976135,
0.8658572435379028,
0.8640540242195129,
0.8620636463165283,
0.8598191142082214,
0.858077883720398,
0.8557870388031006,
0.853827714920044,
0.8515897393226624,
0.8497209548950195,
0.8473986983299255,
0.8455971479415894,
0.8433055877685547,
0.841391921043396,
0.8392392992973328,
0.8370453119277954,
0.8347300887107849,
0.832751989364624,
0.8304116725921631,
0.8283254504203796,
0.8259130716323853,
0.8259130716323853,
0.8259130716323853,
0.0,
0.0,
0.0,
0.0,
0.0,
0.0,
0.0,
0.0,
0.0,
0.0,
0.0,
0.0,
0.0,
0.0,
0.0,
0.0,
0.0,
0.0,
0.0,
0.0,
0.0,
0.0,
0.0,
0.0,
0.0,
0.0,
0.0,
0.0,
0.0,
0.0,
0.0,
0.0,
0.0,
0.0,
0.0,
0.0,
0.0,
0.0,
0.0,
0.0,
0.0,
0.0,
0.0,
0.0,
0.0,
0.0,
0.0,
0.0,
0.0,
0.0,
0.0,
0.0,
0.0,
0.0,
0.0,
0.0,
0.0,
0.0,
0.0,
0.0,
0.0,
0.0,
0.0,
0.0,
0.0,
0.0,
0.0,
0.0,
0.0,
0.0,
0.0,
0.0,
0.0,
0.0,
0.0,
0.0,
0.0,
0.0,
0.0,
0.0,
0.0,
0.0,
0.0,
0.0,
0.0,
0.0,
0.0,
0.0,
0.0,
0.0,
0.0,
0.0,
0.0,
0.0,
0.0,
0.0,
0.0,
0.0,
0.0,
0.0,
0.0,
0.0,
0.0,
0.0,
0.0,
0.0,
0.0,
0.0,
0.0,
0.0,
0.0,
0.0,
0.0,
0.0,
0.0,
0.0,
0.0,
0.0,
0.0,
0.0,
0.0,
0.0,
0.0,
0.0,
0.0,
0.0,
0.0,
0.0,
0.0,
0.0,
0.0,
0.0,
0.0,
0.0,
0.0,
0.0,
0.0,
0.0,
0.0,
0.0,
0.0,
0.0,
0.0,
0.0,
0.0,
0.0,
0.0,
0.0,
0.0,
0.0,
0.0,
0.0,
0.0,
0.0,
0.0,
0.0,
0.0,
0.0,
0.0,
0.0,
0.0,
0.0,
0.0,
0.0,
0.0,
0.0,
0.0,
0.0,
0.0,
0.0,
0.0,
0.0,
0.0,
0.0,
0.0,
0.0,
0.0,
0.0,
0.0,
0.0,
0.0,
0.0,
0.0,
0.0,
0.0,
0.0,
0.0,
0.0,
0.0,
0.0,
0.0,
0.0,
0.0,
0.0,
0.0,
0.0,
0.0,
0.0,
0.0,
0.0,
0.0,
0.0,
0.0,
0.0,
0.0,
0.0,
0.0,
0.0,
0.0,
0.0,
0.0,
0.0,
0.0,
0.0,
0.0,
0.0,
0.0,
0.0,
0.0,
0.0,
0.0,
0.0,
0.0,
0.0,
0.0,
0.0,
0.0,
0.0,
0.0,
0.0,
0.0,
0.0,
0.0,
0.0,
0.0,
0.0,
0.0,
0.0,
0.0,
0.0,
0.0,
0.0,
0.0,
0.0,
0.0,
0.0,
0.0,
0.0,
0.0,
0.0,
0.0,
0.0,
0.0,
0.0,
0.0,
0.0,
0.0,
0.0,
0.0,
0.0,
0.0,
0.0,
0.0,
0.0,
0.0,
0.0,
0.0,
0.0,
0.0,
0.0,
0.0,
0.0,
0.0,
0.0,
0.0,
0.0,
0.0,
0.0,
0.0,
0.0,
0.0,
0.0,
0.0,
0.0,
0.0,
0.0,
0.0,
0.0,
0.0,
0.0,
0.0,
0.0,
0.0,
0.0,
0.0,
0.0,
0.0,
0.0,
0.0,
0.0,
0.0,
0.0,
0.0,
0.0,
0.0,
0.0,
0.0,
0.0,
0.0,
0.0,
0.0,
0.0,
0.0,
0.0,
0.0,
0.0,
0.0,
0.0,
0.0,
0.0,
0.0,
0.0,
0.0,
0.0,
0.0,
0.0,
0.0,
0.0,
0.0,
0.0,
0.0,
0.0,
0.0,
0.0,
0.0,
0.0,
0.0,
0.0,
0.0,
0.0,
0.0,
0.0,
0.0,
0.0,
0.0,
0.0,
0.0,
0.0,
0.0,
0.0,
0.0,
0.0,
0.0,
0.0,
0.0,
0.0,
0.0,
0.0,
0.0,
0.0,
0.0,
0.0,
0.0,
0.0,
0.0,
0.0,
0.0,
0.0,
0.0,
0.0,
0.0,
0.0,
0.0,
0.0,
0.0,
0.0,
0.0,
0.0,
0.0,
0.0,
0.0,
0.0,
0.0,
0.0,
0.0,
0.0,
0.0,
0.0,
0.0,
0.0,
0.0,
0.0,
0.0,
0.0,
0.0,
0.0,
0.0,
0.0,
0.0,
0.0,
0.0,
0.0,
0.0,
0.0,
0.0,
0.0,
0.0,
0.0,
0.0,
0.0,
0.0,
0.0,
0.0,
0.0,
0.0,
0.0,
0.0,
0.0,
0.0,
0.0,
0.0,
0.0,
0.0,
0.0,
0.0,
0.0,
0.0,
0.0,
0.0,
0.0,
0.0,
0.0,
0.0,
0.0,
0.0,
0.0,
0.0,
0.0,
0.0,
0.0,
0.0,
0.0,
0.0,
0.0,
0.0,
0.0,
0.0,
0.0,
0.0,
0.0,
0.0,
0.0,
0.0,
0.0,
0.0,
0.0,
0.0,
0.0,
0.0,
0.0,
0.0,
0.0,
0.0,
0.0,
0.0,
0.0,
0.0,
0.0,
0.0,
0.0,
0.0,
0.0,
0.0,
0.0,
0.0,
0.0,
0.0,
0.0,
0.0,
0.0,
0.0,
0.0,
0.0,
0.0,
0.0,
0.0,
0.0,
0.0,
0.0,
0.0,
0.0,
0.0,
0.0,
0.0,
0.0,
0.0,
0.0,
0.0,
0.0,
0.0,
0.0,
0.0,
0.0,
0.0,
0.0,
0.0,
0.0,
0.0,
0.0,
0.0,
0.0,
0.0,
0.0,
0.0,
0.0,
0.0,
0.0,
0.0,
0.0,
0.0,
0.0,
0.0,
0.0,
0.0,
0.0,
0.0,
0.0,
0.0,
0.0,
0.0,
0.0,
0.0,
0.0,
0.0,
0.0,
0.0,
0.0,
0.0,
0.0,
0.0,
0.0,
0.0,
0.0,
0.0,
0.0,
0.0,
0.0,
0.0,
0.0,
0.0,
0.0,
0.0,
0.0,
0.0,
0.0,
0.0,
0.0,
0.0,
0.0,
0.0,
0.0,
0.0,
0.0,
0.0,
0.0,
0.0,
0.0,
0.0,
0.0,
0.0,
0.0,
0.0,
0.0,
0.0,
0.0,
0.0,
0.0,
0.0,
0.0,
0.0,
0.0,
0.0,
0.0,
0.0,
0.0,
0.0,
0.0,
0.0,
0.0,
0.0,
0.0,
0.0,
0.0,
0.0,
0.0,
0.0,
0.0,
0.0,
0.0,
0.0,
0.0,
0.0,
0.0,
0.0,
0.0,
0.0,
0.0,
0.0,
0.0,
0.0,
0.0,
0.0,
0.0,
0.0,
0.0,
0.0,
0.0,
0.0,
0.0,
0.0,
0.0,
0.0,
0.0,
0.0,
0.0,
0.0,
0.0,
0.0,
0.0,
0.0,
0.0,
0.0,
0.0,
0.0,
0.0,
0.0,
0.0,
0.0,
0.0,
0.0,
0.0,
0.0,
0.0,
0.0,
0.0,
0.0,
0.0,
0.0,
0.0,
0.0,
0.0,
0.0,
0.0,
0.0,
0.0,
0.0,
0.0,
0.0,
0.0,
0.0,
0.0,
0.0,
0.0,
0.0,
0.0,
0.0,
0.0,
0.0,
0.0,
0.0,
0.0,
0.0,
0.0,
0.0,
0.0,
0.0,
0.0,
0.0,
0.0,
0.0,
0.0,
0.0,
0.0,
0.0,
0.0,
0.0,
0.0,
0.0,
0.0,
0.0,
0.0,
0.0,
0.0,
0.0,
0.0,
0.0,
0.0,
0.0,
0.0,
0.0,
0.0,
0.0,
0.0,
0.0,
0.0,
0.0,
0.0,
0.0,
0.0,
0.0,
0.0,
0.0,
0.0,
0.0,
0.0,
0.0,
0.0,
0.0,
0.0,
0.0,
0.0,
0.0,
0.0,
0.0,
0.0,
0.0,
0.0,
0.0,
0.0,
0.0,
0.0,
0.0,
0.0,
0.0,
0.0,
0.0,
0.0,
0.0,
0.0,
0.0,
0.0,
0.0,
0.0,
0.0,
0.0,
0.0,
0.0,
0.0,
0.0,
0.0,
0.0,
0.0,
0.0,
0.0,
0.0,
0.0,
0.0,
0.0,
0.0,
0.0,
0.0,
0.0,
0.0,
0.0,
0.0,
0.0,
0.0,
0.0,
0.0,
0.0,
0.0,
0.0,
0.0,
0.0,
0.0,
0.0,
0.0,
0.0,
0.0,
0.0,
0.0,
0.0,
0.0,
0.0,
0.0,
0.0,
0.0,
0.0,
0.0,
0.0,
0.0,
0.0,
0.0,
0.0,
0.0,
0.0,
0.0,
0.0,
0.0,
0.0,
0.0,
0.0,
0.0,
0.0,
0.0,
0.0,
0.0,
0.0,
0.0,
0.0,
0.0,
0.0,
0.0,
0.0,
0.0,
0.0,
0.0,
0.0,
0.0,
0.0,
0.0,
0.0,
0.0,
0.0,
0.0,
0.0,
0.0,
0.0,
0.0,
0.0,
0.0,
0.0,
0.0,
0.0,
0.0,
0.0,
0.0,
0.0,
0.0,
0.0,
0.0,
0.0,
0.0,
0.0,
0.0,
0.0,
0.0,
0.0,
0.0,
0.0,
0.0,
0.0,
0.0,
0.0,
0.0,
0.0,
0.0,
0.0,
0.0,
0.0,
0.0,
0.0,
0.0,
0.0,
0.0,
0.0,
0.0,
0.0,
0.0,
0.0,
0.0,
0.0,
0.0,
0.0,
0.0,
0.0,
0.0,
0.0,
0.0,
0.0,
0.0,
0.0,
0.0,
0.0,
0.0,
0.0,
0.0,
0.0,
0.0,
0.0,
0.0,
0.0,
0.0,
0.0,
0.0,
0.0,
0.0,
0.0,
0.0,
0.0,
0.0,
0.0,
0.0,
0.0,
0.0,
0.0,
0.0,
0.0,
0.0,
0.0,
0.0,
0.0,
0.0,
0.0,
0.0,
0.0,
0.0,
0.0,
0.0,
0.0,
0.0,
0.0,
0.0,
0.0,
0.0,
0.0,
0.0,
0.0,
0.0,
0.0,
0.0,
0.0,
0.0,
0.0,
0.0,
0.0,
0.0,
0.0,
0.0,
0.0,
0.0,
0.0,
0.0,
0.0,
0.0,
0.0,
0.0,
0.0,
0.0,
0.0,
0.0,
0.0,
0.0,
0.0,
0.0,
0.0,
0.0,
0.0,
0.0,
0.0,
0.0,
0.0,
0.0,
0.0,
0.0,
0.0,
0.0,
0.0,
0.0,
0.0,
0.0,
0.0,
0.0,
0.0,
0.0,
0.0,
0.0,
0.0,
0.0,
0.0,
0.0,
0.0,
0.0,
0.0,
0.0,
0.0,
0.0,
0.0,
0.0,
0.0,
0.0,
0.0,
0.0,
0.0,
0.0,
0.0,
0.0,
0.0,
0.0,
0.0,
0.0,
0.0,
0.0,
0.0,
0.0,
0.0,
0.0,
0.0,
0.0,
0.0,
0.0,
0.0,
0.0,
0.0,
0.0,
0.0,
0.0,
0.0,
0.0,
0.0,
0.0,
0.0,
0.0,
0.0,
0.0,
0.0,
0.0,
0.0,
0.0,
0.0,
0.0,
0.0,
0.0,
0.0,
0.0,
0.0,
0.0,
0.0,
0.0,
0.0,
0.0,
0.0,
0.0,
0.0,
0.0,
0.0,
0.0,
0.0,
0.0,
0.0,
0.0,
0.0,
0.0,
0.0,
0.0,
0.0,
0.0,
0.0,
0.0,
0.0,
0.0,
0.0,
0.0,
0.0,
0.0,
0.0,
0.0,
0.0,
0.0,
0.0,
0.0,
0.0,
0.0,
0.0,
0.0,
0.0,
0.0,
0.0,
0.0,
0.0,
0.0,
0.0,
0.0,
0.0,
0.0,
0.0,
0.0,
0.0,
0.0,
0.0,
0.0,
0.0,
0.0,
0.0,
0.0,
0.0,
0.0,
0.0,
0.0,
0.0,
0.0,
0.0,
0.0,
0.0,
0.0,
0.0,
0.0,
0.0,
0.0,
0.0,
0.0,
0.0,
0.0,
0.0,
0.0,
0.0,
0.0,
0.0,
0.0,
0.0,
0.0,
0.0,
0.0,
0.0,
0.0,
0.0,
0.0,
0.0,
0.0,
0.0,
0.0,
0.0,
0.0,
0.0,
0.0,
0.0,
0.0,
0.0,
0.0,
0.0,
0.0,
0.0,
0.0,
0.0,
0.0,
0.0,
0.0,
0.0,
0.0,
0.0,
0.0,
0.0,
0.0,
0.0,
0.0,
0.0,
0.0,
0.0,
0.0,
0.0,
0.0,
0.0,
0.0,
0.0,
0.0,
0.0,
0.0,
0.0,
0.0,
0.0,
0.0,
0.0,
0.0,
0.0,
0.0,
0.0,
0.0,
0.0,
0.0,
0.0,
0.0,
0.0,
0.0,
0.0,
0.0,
0.0,
0.0,
0.0,
0.0,
0.0,
0.0,
0.0,
0.0,
0.0,
0.0,
0.0,
0.0,
0.0,
0.0,
0.0,
0.0,
0.0,
0.0,
0.0,
0.0,
0.0,
0.0,
0.0,
0.0,
0.0,
0.0,
0.0,
0.0,
0.0,
0.0,
0.0,
0.0,
0.0,
0.0,
0.0,
0.0,
0.0,
0.0,
0.0,
0.0,
0.0,
0.0,
0.0,
0.0,
0.0,
0.0,
0.0,
0.0,
0.0,
0.0,
0.0,
0.0,
0.0,
0.0,
0.0,
0.0,
0.0,
0.0,
0.0,
0.0,
0.0,
0.0,
0.0,
0.0,
0.0,
0.0,
0.0,
0.0,
0.0,
0.0,
0.0,
0.0,
0.0,
0.0,
0.0,
0.0,
0.0,
0.0,
0.0,
0.0,
0.0,
0.0,
0.0,
0.0,
0.0,
0.0,
0.0,
0.0,
0.0,
0.0,
0.0,
0.0,
0.0,
0.0,
0.0,
0.0,
0.0,
0.0,
0.0,
0.0,
0.0,
0.0,
0.0,
0.0,
0.0,
0.0,
0.0,
0.0,
0.0,
0.0,
0.0,
0.0,
0.0,
0.0,
0.0,
0.0,
0.0,
0.0,
0.0,
0.0,
0.0,
0.0,
0.0,
0.0,
0.0,
0.0,
0.0,
0.0,
0.0,
0.0,
0.0,
0.0,
0.0,
0.0,
0.0,
0.0,
0.0,
0.0,
0.0,
0.0,
0.0,
0.0,
0.0,
0.0,
0.0,
0.0,
0.0,
0.0,
0.0,
0.0,
0.0,
0.0,
0.0,
0.0,
0.0,
0.0,
0.0,
0.0,
0.0,
0.0,
0.0,
0.0,
0.0,
0.0,
0.0,
0.0,
0.0,
0.0,
0.0,
0.0,
0.0,
0.0,
0.0,
0.0,
0.0,
0.0,
0.0,
0.0,
0.0,
0.0,
0.0,
0.0,
0.0,
0.0,
0.0,
0.0,
0.0,
0.0,
0.0,
0.0,
0.0,
0.0,
0.0,
0.0,
0.0,
0.0,
0.0,
0.0,
0.0,
0.0,
0.0,
0.0,
0.0,
0.0,
0.0,
0.0,
0.0,
0.0,
0.0,
0.0,
0.0,
0.0,
0.0,
0.0,
0.0,
0.0,
0.0,
0.0,
0.0,
0.0,
0.0,
0.0,
0.0,
0.0,
0.0,
0.0,
0.0,
0.0,
0.0,
0.0,
0.0,
0.0,
0.0,
0.0,
0.0,
0.0,
0.0,
0.0,
0.0,
0.0,
0.0,
0.0,
0.0,
0.0,
0.0,
0.0,
0.0,
0.0,
0.0,
0.0,
0.0,
0.0,
0.0,
0.0,
0.0,
0.0,
0.0,
0.0,
0.0,
0.0,
0.0,
0.0,
0.0,
0.0,
0.0,
0.0,
0.0,
0.0,
0.0,
0.0,
0.0,
0.0,
0.0,
0.0,
0.0,
0.0,
0.0,
0.0,
0.0,
0.0,
0.0,
0.0,
0.0,
0.0,
0.0,
0.0,
0.0,
0.0,
0.0,
0.0,
0.0,
0.0,
0.0,
0.0,
0.0,
0.0,
0.0,
0.0,
0.0,
0.0,
0.0,
0.0,
0.0,
0.0,
0.0,
0.0,
0.0,
0.0,
0.0,
0.0,
0.0,
0.0,
0.0,
0.0,
0.0,
0.0,
0.0,
0.0,
0.0,
0.0,
0.0,
0.0,
0.0,
0.0,
0.0,
0.0,
0.0,
0.0,
0.0,
0.0,
0.0,
0.0,
0.0,
0.0,
0.0,
0.0,
0.0,
0.0,
0.0,
0.0,
0.0,
0.0,
0.0,
0.0,
0.0,
0.0,
0.0,
0.0,
0.0,
0.0,
0.0,
0.0,
0.0,
0.0,
0.0,
0.0,
0.0,
0.0,
0.0,
0.0,
0.0,
0.0,
0.0,
0.0,
0.0,
0.0,
0.0,
0.0,
0.0,
0.0,
0.0,
0.0,
0.0,
0.0,
0.0,
0.0,
0.0,
0.0,
0.0,
0.0,
0.0,
0.0,
0.0,
0.0,
0.0,
0.0,
0.0,
0.0,
0.0,
0.0,
0.0,
0.0,
0.0,
0.0,
0.0,
0.0,
0.0,
0.0,
0.0,
0.0,
0.0,
0.0,
0.0,
0.0,
0.0,
0.0,
0.0,
0.0,
0.0,
0.0,
0.0,
0.0,
0.0,
0.0,
0.0,
0.0,
0.0,
0.0,
0.0,
0.0,
0.0,
0.0,
0.0,
0.0,
0.0,
0.0,
0.0,
0.0,
0.0,
0.0,
0.0,
0.0,
0.0,
0.0,
0.0,
0.0,
0.0,
0.0,
0.0,
0.0,
0.0,
0.0,
0.0,
0.0,
0.0,
0.0,
0.0,
0.0,
0.0,
0.0,
0.0,
0.0,
0.0,
0.0,
0.0,
0.0,
0.0,
0.0,
0.0,
0.0,
0.0,
0.0,
0.0,
0.0,
0.0,
0.0,
0.0,
0.0,
0.0,
0.0,
0.0,
0.0,
0.0,
0.0,
0.0,
0.0,
0.0,
0.0,
0.0,
0.0,
0.0,
0.0,
0.0,
0.0,
0.0,
0.0,
0.0,
0.0,
0.0,
0.0,
0.0,
0.0,
0.0,
0.0,
0.0,
0.0,
0.0,
0.0,
0.0,
0.0,
0.0,
0.0,
0.0,
0.0,
0.0,
0.0,
0.0,
0.0,
0.0,
0.0,
0.0,
0.0,
0.0,
0.0,
0.0,
0.0,
0.0,
0.0,
0.0,
0.0,
0.0,
0.0,
0.0,
0.0,
0.0,
0.0,
0.0,
0.0,
0.0,
0.0,
0.0,
0.0,
0.0,
0.0,
0.0,
0.0,
0.0,
0.0,
0.0,
0.0,
0.0,
0.0,
0.0,
0.0,
0.0,
0.0,
0.0,
0.0,
0.0,
0.0,
0.0,
0.0,
0.0,
0.0,
0.0,
0.0,
0.0,
0.0,
0.0,
0.0,
0.0,
0.0,
0.0,
0.0,
0.0,
0.0,
0.0,
0.0,
0.0,
0.0,
0.0,
