1.0695117712020874,
1.0732792615890503,
1.0749164819717407,
1.0760303735733032,
1.0765644311904907,
1.0771931409835815,
1.0775843858718872,
1.0776177644729614,
1.078086256980896,
1.0783073902130127,
1.0782792568206787,
1.0786406993865967,
1.0787601470947266,
1.0787208080291748,
1.078917145729065,
1.0789883136749268,
1.078999638557434,
1.079228401184082,
1.079179286956787,
1.0792889595031738,
1.0793510675430298,
1.079215407371521,
1.0793392658233643,
1.0794893503189087,
1.0792920589447021,
1.0796105861663818,
1.0797414779663086,
1.0794073343276978,
1.0796818733215332,
1.079725980758667,
1.0795079469680786,
1.0797616243362427,
1.0797898769378662,
1.079696536064148,
1.0798052549362183,
1.0798964500427246,
1.0797916650772095,
1.0799412727355957,
1.080125093460083,
1.0799652338027954,
1.0800189971923828,
1.0798234939575195,
1.0799263715744019,
1.0799962282180786,
1.0797319412231445,
1.0799602270126343,
1.0800405740737915,
1.0797070264816284,
1.0799379348754883,
1.0800272226333618,
1.0796937942504883,
1.0799516439437866,
1.0800607204437256,
1.0796915292739868,
1.0799516439437866,
1.0799704790115356,
1.0785833597183228,
1.0799500942230225,
1.0799239873886108,
1.0798370838165283,
1.0799643993377686,
1.0799229145050049,
1.0797736644744873,
1.0798966884613037,
1.079856276512146,
1.0798016786575317,
1.0798741579055786,
1.0796422958374023,
1.0797646045684814,
1.0797903537750244,
1.0794497728347778,
1.0796499252319336,
1.079698085784912,
1.0793591737747192,
1.0795764923095703,
1.0796220302581787,
1.0793824195861816,
1.0794907808303833,
1.0796202421188354,
1.0792487859725952,
1.0794659852981567,
1.0793869495391846,
1.079199194908142,
1.0793503522872925,
1.0793198347091675,
1.079142451286316,
1.07931649684906,
1.0792585611343384,
1.0791484117507935,
1.07908296585083,
1.0791395902633667,
1.0789637565612793,
1.0791141986846924,
1.0787372589111328,
1.0788339376449585,
1.0788251161575317,
1.0785161256790161,
1.0787261724472046,
1.0787749290466309,
1.0785081386566162,
1.0787098407745361,
1.0787111520767212,
1.0782828330993652,
1.0784506797790527,
1.07853102684021,
1.0781346559524536,
1.0783326625823975,
1.0782848596572876,
1.0781277418136597,
1.0781638622283936,
1.078110933303833,
1.0779097080230713,
1.0781186819076538,
1.0781359672546387,
1.0778286457061768,
1.0778335332870483,
1.0779000520706177,
1.0776350498199463,
1.0777039527893066,
1.077371597290039,
1.07748281955719,
1.0774734020233154,
1.0772240161895752,
1.0773237943649292,
1.0773415565490723,
1.0769970417022705,
1.0772089958190918,
1.0771459341049194,
1.0768240690231323,
1.076962947845459,
1.0769851207733154,
1.0766767263412476,
1.0767877101898193,
1.0766942501068115,
1.0765424966812134,
1.0765999555587769,
1.0766109228134155,
1.0762850046157837,
1.0764427185058594,
1.076467514038086,
1.076203465461731,
1.0762494802474976,
1.0761303901672363,
1.0759434700012207,
1.0760403871536255,
1.075771689414978,
1.0758154392242432,
1.0758641958236694,
1.0755218267440796,
1.0756298303604126,
1.075551986694336,
1.0751948356628418,
1.0754120349884033,
1.0753635168075562,
1.0749880075454712,
1.0751229524612427,
1.0750665664672852,
1.0747605562210083,
1.0749233961105347,
1.0748671293258667,
1.0745538473129272,
1.0746145248413086,
1.0745487213134766,
1.0742768049240112,
1.0743592977523804,
1.0743573904037476,
1.074045181274414,
1.074198842048645,
1.074035406112671,
1.07383394241333,
1.0737812519073486,
1.0736417770385742,
1.0735772848129272,
1.0735623836517334,
1.0732752084732056,
1.0733379125595093,
1.073337197303772,
1.073064923286438,
1.0730961561203003,
1.073032021522522,
1.0727046728134155,
1.0728286504745483,
1.0728522539138794,
1.0724745988845825,
1.072606086730957,
1.072514295578003,
1.0721806287765503,
1.0722343921661377,
1.0721973180770874,
1.0719006061553955,
1.0720294713974,
1.0719563961029053,
1.0717264413833618,
1.0717260837554932,
1.0716975927352905,
1.0714282989501953,
1.0714011192321777,
1.0711910724639893,
1.0710935592651367,
1.0710927248001099,
1.0708669424057007,
1.0707811117172241,
1.0707354545593262,
1.0704587697982788,
1.0704421997070312,
1.0703002214431763,
1.0700219869613647,
1.070114016532898,
1.0700141191482544,
1.0696524381637573,
1.06977117061615,
1.0697729587554932,
1.0692663192749023,
1.0693248510360718,
1.0693268775939941,
1.0689057111740112,
1.0678231716156006,
1.0688486099243164,
1.068572998046875,
1.0685522556304932,
1.0684434175491333,
1.0682015419006348,
1.0681891441345215,
1.0681109428405762,
1.067907452583313,
1.0678167343139648,
1.067737102508545,
1.0675677061080933,
1.067460536956787,
1.0671422481536865,
1.0671491622924805,
1.0670490264892578,
1.066705584526062,
1.066789984703064,
1.0667003393173218,
1.0662811994552612,
1.0664063692092896,
1.066259741783142,
1.0657901763916016,
1.065874695777893,
1.0657799243927002,
1.065365195274353,
1.0653847455978394,
1.0651750564575195,
1.0649468898773193,
1.064955472946167,
1.0648934841156006,
1.0645532608032227,
1.064424753189087,
1.0644214153289795,
1.069292426109314,
1.0664565563201904,
1.0653672218322754,
1.064626693725586,
1.064412236213684,
1.0640755891799927,
1.0637370347976685,
1.0636427402496338,
1.0632625818252563,
1.0631613731384277,
1.0630491971969604,
1.062726616859436,
1.062637209892273,
1.062496542930603,
1.062092661857605,
1.0621240139007568,
1.0619609355926514,
1.0616852045059204,
1.0616220235824585,
1.0615308284759521,
1.0611368417739868,
1.061192274093628,
1.0610653162002563,
1.0606427192687988,
1.060632586479187,
1.0605828762054443,
1.0601309537887573,
1.0601353645324707,
1.0600157976150513,
1.0597093105316162,
1.0596034526824951,
1.0592023134231567,
1.0590718984603882,
1.0589419603347778,
1.0585999488830566,
1.0585495233535767,
1.0583856105804443,
1.0580089092254639,
1.0580493211746216,
1.0578293800354004,
1.057381272315979,
1.057307481765747,
1.0571250915527344,
1.0568253993988037,
1.0567677021026611,
1.0566378831863403,
1.056216835975647,
1.0561206340789795,
1.0559883117675781,
1.0555897951126099,
1.0555211305618286,
1.0552643537521362,
1.0549458265304565,
1.0548672676086426,
1.0544167757034302,
1.054324984550476,
1.0541472434997559,
1.0536439418792725,
1.0535632371902466,
1.0534217357635498,
1.0528972148895264,
1.052843451499939,
1.0526313781738281,
1.0521605014801025,
1.0520747900009155,
1.0518718957901,
1.0513169765472412,
1.0513017177581787,
1.0509889125823975,
1.0506647825241089,
1.0504709482192993,
1.050156593322754,
1.0498344898223877,
1.0495752096176147,
1.0491251945495605,
1.0489583015441895,
1.0486297607421875,
1.0481857061386108,
1.0480297803878784,
1.0477428436279297,
1.047203540802002,
1.0470659732818604,
1.0468010902404785,
1.046339988708496,
1.0461406707763672,
1.045754075050354,
1.045390248298645,
1.0450809001922607,
1.0447074174880981,
1.0440694093704224,
1.04275381565094,
1.0435389280319214,
1.0432051420211792,
1.0429240465164185,
1.0423561334609985,
1.0421292781829834,
1.0417605638504028,
1.0412170886993408,
1.0409026145935059,
1.0405224561691284,
1.0399855375289917,
1.0394333600997925,
1.0391751527786255,
1.0387369394302368,
1.038240671157837,
1.0379626750946045,
1.0374709367752075,
1.0371038913726807,
1.0365797281265259,
1.0356007814407349,
1.0356634855270386,
1.0349950790405273,
1.0347161293029785,
1.034252643585205,
1.033592939376831,
1.0332136154174805,
1.0327287912368774,
1.0321664810180664,
1.0316532850265503,
1.0310431718826294,
1.0305171012878418,
1.0294798612594604,
1.0293303728103638,
1.028908133506775,
1.028343915939331,
1.0276105403900146,
1.0266642570495605,
1.0262768268585205,
1.0256038904190063,
1.024652123451233,
1.0246447324752808,
1.0235580205917358,
1.0235052108764648,
1.0223536491394043,
1.0218167304992676,
1.0211879014968872,
1.020614504814148,
1.0198866128921509,
1.0191447734832764,
1.0186651945114136,
1.0179903507232666,
1.016945481300354,
1.0161038637161255,
1.0155726671218872,
1.0142490863800049,
1.013736367225647,
1.0130894184112549,
1.0123424530029297,
1.011561632156372,
1.0106894969940186,
1.0094228982925415,
1.0091056823730469,
1.00876784324646,
1.007811427116394,
1.006310224533081,
1.0060867071151733,
1.0049117803573608,
1.0037615299224854,
1.002666711807251,
1.002016544342041,
1.0013914108276367,
0.9998636841773987,
0.9992073774337769,
0.9980867505073547,
0.9974932074546814,
0.9960629343986511,
0.99502032995224,
0.9939892888069153,
0.9929453134536743,
0.9918931722640991,
0.9911306500434875,
0.9898295998573303,
0.9889829754829407,
0.98720782995224,
0.9861153364181519,
0.9846915006637573,
0.9838413596153259,
0.9826412796974182,
0.9813079833984375,
0.9803462028503418,
0.9792415499687195,
0.9774319529533386,
0.9764767289161682,
0.9749188423156738,
0.9741658568382263,
0.9719904661178589,
0.9709951281547546,
0.9698525667190552,
0.9684320688247681,
0.9669652581214905,
0.9656329154968262,
0.9643440246582031,
0.9628192186355591,
0.9612299799919128,
0.9601629972457886,
0.9585415720939636,
0.9571254849433899,
0.955752968788147,
0.9542225003242493,
0.9530124664306641,
0.9511491656303406,
0.9492827653884888,
0.9480053186416626,
0.9462696313858032,
0.9448110461235046,
0.943264365196228,
0.941795289516449,
0.9400832056999207,
0.9382449388504028,
0.9368167519569397,
0.934901237487793,
0.9335915446281433,
0.9318684339523315,
0.9297206997871399,
0.9284694194793701,
0.9266691207885742,
0.9251887202262878,
0.9230586886405945,
0.9216231107711792,
0.9194262623786926,
0.9178804755210876,
0.9157679677009583,
0.9141817092895508,
0.9126564860343933,
0.9107733964920044,
0.9074156880378723,
0.906873881816864,
0.9052854776382446,
0.9033631086349487,
0.9013626575469971,
0.8995267748832703,
0.897795557975769,
0.8959459662437439,
0.8942276835441589,
0.8921489715576172,
0.8903048038482666,
0.8886018991470337,
0.8868176341056824,
0.8851220011711121,
0.8834055662155151,
0.8817517161369324,
0.8798831105232239,
0.878240168094635,
0.876124918460846,
0.8743308782577515,
0.8723196387290955,
0.8703188300132751,
0.8676671981811523,
0.8663100004196167,
0.8641851544380188,
0.8616302609443665,
0.8602879643440247,
0.8583533763885498,
0.8561773300170898,
0.8543214201927185,
0.8523958325386047,
0.8502393364906311,
0.8482862710952759,
0.8465030193328857,
0.8443862795829773,
0.8424246311187744,
0.8403843641281128,
0.8385123014450073,
0.8364723324775696,
0.83440101146698,
0.8323665261268616,
0.8300124406814575,
0.8282210826873779,
0.8263120651245117,
0.8263120651245117,
0.8263120651245117,
0.0,
0.0,
0.0,
0.0,
0.0,
0.0,
0.0,
0.0,
0.0,
0.0,
0.0,
0.0,
0.0,
0.0,
0.0,
0.0,
0.0,
0.0,
0.0,
0.0,
0.0,
0.0,
0.0,
0.0,
0.0,
0.0,
0.0,
0.0,
0.0,
0.0,
0.0,
0.0,
0.0,
0.0,
0.0,
0.0,
0.0,
0.0,
0.0,
0.0,
0.0,
0.0,
0.0,
0.0,
0.0,
0.0,
0.0,
0.0,
0.0,
0.0,
0.0,
0.0,
0.0,
0.0,
0.0,
0.0,
0.0,
0.0,
0.0,
0.0,
0.0,
0.0,
0.0,
0.0,
0.0,
0.0,
0.0,
0.0,
0.0,
0.0,
0.0,
0.0,
0.0,
0.0,
0.0,
0.0,
0.0,
0.0,
0.0,
0.0,
0.0,
0.0,
0.0,
0.0,
0.0,
0.0,
0.0,
0.0,
0.0,
0.0,
0.0,
0.0,
0.0,
0.0,
0.0,
0.0,
0.0,
0.0,
0.0,
0.0,
0.0,
0.0,
0.0,
0.0,
0.0,
0.0,
0.0,
0.0,
0.0,
0.0,
0.0,
0.0,
0.0,
0.0,
0.0,
0.0,
0.0,
0.0,
0.0,
0.0,
0.0,
0.0,
0.0,
0.0,
0.0,
0.0,
0.0,
0.0,
0.0,
0.0,
0.0,
0.0,
0.0,
0.0,
0.0,
0.0,
0.0,
0.0,
0.0,
0.0,
0.0,
0.0,
0.0,
0.0,
0.0,
0.0,
0.0,
0.0,
0.0,
0.0,
0.0,
0.0,
0.0,
0.0,
0.0,
0.0,
0.0,
0.0,
0.0,
0.0,
0.0,
0.0,
0.0,
0.0,
0.0,
0.0,
0.0,
0.0,
0.0,
0.0,
0.0,
0.0,
0.0,
0.0,
0.0,
0.0,
0.0,
0.0,
0.0,
0.0,
0.0,
0.0,
0.0,
0.0,
0.0,
0.0,
0.0,
0.0,
0.0,
0.0,
0.0,
0.0,
0.0,
0.0,
0.0,
0.0,
0.0,
0.0,
0.0,
0.0,
0.0,
0.0,
0.0,
0.0,
0.0,
0.0,
0.0,
0.0,
0.0,
0.0,
0.0,
0.0,
0.0,
0.0,
0.0,
0.0,
0.0,
0.0,
0.0,
0.0,
0.0,
0.0,
0.0,
0.0,
0.0,
0.0,
0.0,
0.0,
0.0,
0.0,
0.0,
0.0,
0.0,
0.0,
0.0,
0.0,
0.0,
0.0,
0.0,
0.0,
0.0,
0.0,
0.0,
0.0,
0.0,
0.0,
0.0,
0.0,
0.0,
0.0,
0.0,
0.0,
0.0,
0.0,
0.0,
0.0,
0.0,
0.0,
0.0,
0.0,
0.0,
0.0,
0.0,
0.0,
0.0,
0.0,
0.0,
0.0,
0.0,
0.0,
0.0,
0.0,
0.0,
0.0,
0.0,
0.0,
0.0,
0.0,
0.0,
0.0,
0.0,
0.0,
0.0,
0.0,
0.0,
0.0,
0.0,
0.0,
0.0,
0.0,
0.0,
0.0,
0.0,
0.0,
0.0,
0.0,
0.0,
0.0,
0.0,
0.0,
0.0,
0.0,
0.0,
0.0,
0.0,
0.0,
0.0,
0.0,
0.0,
0.0,
0.0,
0.0,
0.0,
0.0,
0.0,
0.0,
0.0,
0.0,
0.0,
0.0,
0.0,
0.0,
0.0,
0.0,
0.0,
0.0,
0.0,
0.0,
0.0,
0.0,
0.0,
0.0,
0.0,
0.0,
0.0,
0.0,
0.0,
0.0,
0.0,
0.0,
0.0,
0.0,
0.0,
0.0,
0.0,
0.0,
0.0,
0.0,
0.0,
0.0,
0.0,
0.0,
0.0,
0.0,
0.0,
0.0,
0.0,
0.0,
0.0,
0.0,
0.0,
0.0,
0.0,
0.0,
0.0,
0.0,
0.0,
0.0,
0.0,
0.0,
0.0,
0.0,
0.0,
0.0,
0.0,
0.0,
0.0,
0.0,
0.0,
0.0,
0.0,
0.0,
0.0,
0.0,
0.0,
0.0,
0.0,
0.0,
0.0,
0.0,
0.0,
0.0,
0.0,
0.0,
0.0,
0.0,
0.0,
0.0,
0.0,
0.0,
0.0,
0.0,
0.0,
0.0,
0.0,
0.0,
0.0,
0.0,
0.0,
0.0,
0.0,
0.0,
0.0,
0.0,
0.0,
0.0,
0.0,
0.0,
0.0,
0.0,
0.0,
0.0,
0.0,
0.0,
0.0,
0.0,
0.0,
0.0,
0.0,
0.0,
0.0,
0.0,
0.0,
0.0,
0.0,
0.0,
0.0,
0.0,
0.0,
0.0,
0.0,
0.0,
0.0,
0.0,
0.0,
0.0,
0.0,
0.0,
0.0,
0.0,
0.0,
0.0,
0.0,
0.0,
0.0,
0.0,
0.0,
0.0,
0.0,
0.0,
0.0,
0.0,
0.0,
0.0,
0.0,
0.0,
0.0,
0.0,
0.0,
0.0,
0.0,
0.0,
0.0,
0.0,
0.0,
0.0,
0.0,
0.0,
0.0,
0.0,
0.0,
0.0,
0.0,
0.0,
0.0,
0.0,
0.0,
0.0,
0.0,
0.0,
0.0,
0.0,
0.0,
0.0,
0.0,
0.0,
0.0,
0.0,
0.0,
0.0,
0.0,
0.0,
0.0,
0.0,
0.0,
0.0,
0.0,
0.0,
0.0,
0.0,
0.0,
0.0,
0.0,
0.0,
0.0,
0.0,
0.0,
0.0,
0.0,
0.0,
0.0,
0.0,
0.0,
0.0,
0.0,
0.0,
0.0,
0.0,
0.0,
0.0,
0.0,
0.0,
0.0,
0.0,
0.0,
0.0,
0.0,
0.0,
0.0,
0.0,
0.0,
0.0,
0.0,
0.0,
0.0,
0.0,
0.0,
0.0,
0.0,
0.0,
0.0,
0.0,
0.0,
0.0,
0.0,
0.0,
0.0,
0.0,
0.0,
0.0,
0.0,
0.0,
0.0,
0.0,
0.0,
0.0,
0.0,
0.0,
0.0,
0.0,
0.0,
0.0,
0.0,
0.0,
0.0,
0.0,
0.0,
0.0,
0.0,
0.0,
0.0,
0.0,
0.0,
0.0,
0.0,
0.0,
0.0,
0.0,
0.0,
0.0,
0.0,
0.0,
0.0,
0.0,
0.0,
0.0,
0.0,
0.0,
0.0,
0.0,
0.0,
0.0,
0.0,
0.0,
0.0,
0.0,
0.0,
0.0,
0.0,
0.0,
0.0,
0.0,
0.0,
0.0,
0.0,
0.0,
0.0,
0.0,
0.0,
0.0,
0.0,
0.0,
0.0,
0.0,
0.0,
0.0,
0.0,
0.0,
0.0,
0.0,
0.0,
0.0,
0.0,
0.0,
0.0,
0.0,
0.0,
0.0,
0.0,
0.0,
0.0,
0.0,
0.0,
0.0,
0.0,
0.0,
0.0,
0.0,
0.0,
0.0,
0.0,
0.0,
0.0,
0.0,
0.0,
0.0,
0.0,
0.0,
0.0,
0.0,
0.0,
0.0,
0.0,
0.0,
0.0,
0.0,
0.0,
0.0,
0.0,
0.0,
0.0,
0.0,
0.0,
0.0,
0.0,
0.0,
0.0,
0.0,
0.0,
0.0,
0.0,
0.0,
0.0,
0.0,
0.0,
0.0,
0.0,
0.0,
0.0,
0.0,
0.0,
0.0,
0.0,
0.0,
0.0,
0.0,
0.0,
0.0,
0.0,
0.0,
0.0,
0.0,
0.0,
0.0,
0.0,
0.0,
0.0,
0.0,
0.0,
0.0,
0.0,
0.0,
0.0,
0.0,
0.0,
0.0,
0.0,
0.0,
0.0,
0.0,
0.0,
0.0,
0.0,
0.0,
0.0,
0.0,
0.0,
0.0,
0.0,
0.0,
0.0,
0.0,
0.0,
0.0,
0.0,
0.0,
0.0,
0.0,
0.0,
0.0,
0.0,
0.0,
0.0,
0.0,
0.0,
0.0,
0.0,
0.0,
0.0,
0.0,
0.0,
0.0,
0.0,
0.0,
0.0,
0.0,
0.0,
0.0,
0.0,
0.0,
0.0,
0.0,
0.0,
0.0,
0.0,
0.0,
0.0,
0.0,
0.0,
0.0,
0.0,
0.0,
0.0,
0.0,
0.0,
0.0,
0.0,
0.0,
0.0,
0.0,
0.0,
0.0,
0.0,
0.0,
0.0,
0.0,
0.0,
0.0,
0.0,
0.0,
0.0,
0.0,
0.0,
0.0,
0.0,
0.0,
0.0,
0.0,
0.0,
0.0,
0.0,
0.0,
0.0,
0.0,
0.0,
0.0,
0.0,
0.0,
0.0,
0.0,
0.0,
0.0,
0.0,
0.0,
0.0,
0.0,
0.0,
0.0,
0.0,
0.0,
0.0,
0.0,
0.0,
0.0,
0.0,
0.0,
0.0,
0.0,
0.0,
0.0,
0.0,
0.0,
0.0,
0.0,
0.0,
0.0,
0.0,
0.0,
0.0,
0.0,
0.0,
0.0,
0.0,
0.0,
0.0,
0.0,
0.0,
0.0,
0.0,
0.0,
0.0,
0.0,
0.0,
0.0,
0.0,
0.0,
0.0,
0.0,
0.0,
0.0,
0.0,
0.0,
0.0,
0.0,
0.0,
0.0,
0.0,
0.0,
0.0,
0.0,
0.0,
0.0,
0.0,
0.0,
0.0,
0.0,
0.0,
0.0,
0.0,
0.0,
0.0,
0.0,
0.0,
0.0,
0.0,
0.0,
0.0,
0.0,
0.0,
0.0,
0.0,
0.0,
0.0,
0.0,
0.0,
0.0,
0.0,
0.0,
0.0,
0.0,
0.0,
0.0,
0.0,
0.0,
0.0,
0.0,
0.0,
0.0,
0.0,
0.0,
0.0,
0.0,
0.0,
0.0,
0.0,
0.0,
0.0,
0.0,
0.0,
0.0,
0.0,
0.0,
0.0,
0.0,
0.0,
0.0,
0.0,
0.0,
0.0,
0.0,
0.0,
0.0,
0.0,
0.0,
0.0,
0.0,
0.0,
0.0,
0.0,
0.0,
0.0,
0.0,
0.0,
0.0,
0.0,
0.0,
0.0,
0.0,
0.0,
0.0,
0.0,
0.0,
0.0,
0.0,
0.0,
0.0,
0.0,
0.0,
0.0,
0.0,
0.0,
0.0,
0.0,
0.0,
0.0,
0.0,
0.0,
0.0,
0.0,
0.0,
0.0,
0.0,
0.0,
0.0,
0.0,
0.0,
0.0,
0.0,
0.0,
0.0,
0.0,
0.0,
0.0,
0.0,
0.0,
0.0,
0.0,
0.0,
0.0,
0.0,
0.0,
0.0,
0.0,
0.0,
0.0,
0.0,
0.0,
0.0,
0.0,
0.0,
0.0,
0.0,
0.0,
0.0,
0.0,
0.0,
0.0,
0.0,
0.0,
0.0,
0.0,
0.0,
0.0,
0.0,
0.0,
0.0,
0.0,
0.0,
0.0,
0.0,
0.0,
0.0,
0.0,
0.0,
0.0,
0.0,
0.0,
0.0,
0.0,
0.0,
0.0,
0.0,
0.0,
0.0,
0.0,
0.0,
0.0,
0.0,
0.0,
0.0,
0.0,
0.0,
0.0,
0.0,
0.0,
0.0,
0.0,
0.0,
0.0,
0.0,
0.0,
0.0,
0.0,
0.0,
0.0,
0.0,
0.0,
0.0,
0.0,
0.0,
0.0,
0.0,
0.0,
0.0,
0.0,
0.0,
0.0,
0.0,
0.0,
0.0,
0.0,
0.0,
0.0,
0.0,
0.0,
0.0,
0.0,
0.0,
0.0,
0.0,
0.0,
0.0,
0.0,
0.0,
0.0,
0.0,
0.0,
0.0,
0.0,
0.0,
0.0,
0.0,
0.0,
0.0,
0.0,
0.0,
0.0,
0.0,
0.0,
0.0,
0.0,
0.0,
0.0,
0.0,
0.0,
0.0,
0.0,
0.0,
0.0,
0.0,
0.0,
0.0,
0.0,
0.0,
0.0,
0.0,
0.0,
0.0,
0.0,
0.0,
0.0,
0.0,
0.0,
0.0,
0.0,
0.0,
0.0,
0.0,
0.0,
0.0,
0.0,
0.0,
0.0,
0.0,
0.0,
0.0,
0.0,
0.0,
0.0,
0.0,
0.0,
0.0,
0.0,
0.0,
0.0,
0.0,
0.0,
0.0,
0.0,
0.0,
0.0,
0.0,
0.0,
0.0,
0.0,
0.0,
0.0,
0.0,
0.0,
0.0,
0.0,
0.0,
0.0,
0.0,
0.0,
0.0,
0.0,
0.0,
0.0,
0.0,
0.0,
0.0,
0.0,
0.0,
0.0,
0.0,
0.0,
0.0,
0.0,
0.0,
0.0,
0.0,
0.0,
0.0,
0.0,
0.0,
0.0,
0.0,
0.0,
0.0,
0.0,
0.0,
0.0,
0.0,
0.0,
0.0,
0.0,
0.0,
0.0,
0.0,
0.0,
0.0,
0.0,
0.0,
0.0,
0.0,
0.0,
0.0,
0.0,
0.0,
0.0,
0.0,
0.0,
0.0,
0.0,
0.0,
0.0,
0.0,
0.0,
0.0,
0.0,
0.0,
0.0,
0.0,
0.0,
0.0,
0.0,
0.0,
0.0,
0.0,
0.0,
0.0,
0.0,
0.0,
0.0,
0.0,
0.0,
0.0,
0.0,
0.0,
0.0,
0.0,
0.0,
0.0,
0.0,
0.0,
0.0,
0.0,
0.0,
0.0,
0.0,
0.0,
0.0,
0.0,
0.0,
0.0,
0.0,
0.0,
0.0,
0.0,
0.0,
0.0,
0.0,
0.0,
0.0,
0.0,
0.0,
0.0,
0.0,
0.0,
0.0,
0.0,
0.0,
0.0,
0.0,
0.0,
0.0,
0.0,
0.0,
0.0,
0.0,
0.0,
0.0,
0.0,
0.0,
0.0,
0.0,
0.0,
0.0,
0.0,
0.0,
0.0,
0.0,
0.0,
0.0,
0.0,
0.0,
0.0,
0.0,
0.0,
0.0,
0.0,
0.0,
0.0,
0.0,
0.0,
0.0,
0.0,
0.0,
0.0,
0.0,
0.0,
0.0,
0.0,
0.0,
0.0,
0.0,
0.0,
0.0,
0.0,
0.0,
0.0,
0.0,
0.0,
0.0,
0.0,
0.0,
0.0,
0.0,
0.0,
0.0,
0.0,
0.0,
0.0,
0.0,
0.0,
0.0,
0.0,
0.0,
0.0,
0.0,
0.0,
0.0,
0.0,
0.0,
0.0,
0.0,
0.0,
0.0,
0.0,
0.0,
0.0,
0.0,
0.0,
0.0,
0.0,
0.0,
0.0,
0.0,
0.0,
0.0,
0.0,
0.0,
0.0,
0.0,
0.0,
0.0,
0.0,
0.0,
0.0,
0.0,
0.0,
0.0,
0.0,
0.0,
0.0,
0.0,
0.0,
0.0,
0.0,
0.0,
0.0,
0.0,
0.0,
0.0,
0.0,
0.0,
0.0,
0.0,
0.0,
0.0,
0.0,
0.0,
0.0,
0.0,
0.0,
0.0,
0.0,
0.0,
0.0,
0.0,
0.0,
0.0,
0.0,
0.0,
0.0,
0.0,
0.0,
0.0,
0.0,
0.0,
0.0,
0.0,
0.0,
0.0,
0.0,
0.0,
0.0,
0.0,
0.0,
0.0,
0.0,
0.0,
0.0,
0.0,
0.0,
0.0,
0.0,
0.0,
0.0,
0.0,
0.0,
0.0,
0.0,
0.0,
0.0,
0.0,
0.0,
0.0,
0.0,
0.0,
0.0,
0.0,
0.0,
0.0,
0.0,
0.0,
0.0,
0.0,
0.0,
0.0,
0.0,
0.0,
0.0,
0.0,
0.0,
0.0,
0.0,
0.0,
0.0,
0.0,
0.0,
0.0,
0.0,
0.0,
0.0,
0.0,
0.0,
0.0,
0.0,
0.0,
0.0,
0.0,
0.0,
0.0,
0.0,
0.0,
0.0,
0.0,
0.0,
0.0,
0.0,
0.0,
0.0,
0.0,
0.0,
0.0,
0.0,
0.0,
0.0,
0.0,
0.0,
0.0,
0.0,
0.0,
0.0,
0.0,
0.0,
0.0,
0.0,
0.0,
0.0,
0.0,
0.0,
0.0,
0.0,
0.0,
0.0,
0.0,
0.0,
0.0,
0.0,
0.0,
0.0,
0.0,
0.0,
0.0,
0.0,
0.0,
0.0,
0.0,
0.0,
0.0,
0.0,
0.0,
0.0,
0.0,
0.0,
0.0,
0.0,
0.0,
0.0,
0.0,
0.0,
0.0,
0.0,
0.0,
0.0,
0.0,
0.0,
0.0,
0.0,
0.0,
0.0,
0.0,
0.0,
0.0,
0.0,
0.0,
0.0,
0.0,
0.0,
0.0,
0.0,
0.0,
0.0,
0.0,
0.0,
0.0,
0.0,
0.0,
0.0,
0.0,
0.0,
0.0,
0.0,
0.0,
0.0,
0.0,
0.0,
0.0,
0.0,
0.0,
0.0,
0.0,
0.0,
0.0,
0.0,
0.0,
0.0,
0.0,
0.0,
0.0,
0.0,
0.0,
0.0,
0.0,
0.0,
0.0,
0.0,
0.0,
0.0,
0.0,
0.0,
0.0,
0.0,
0.0,
0.0,
0.0,
0.0,
0.0,
0.0,
0.0,
0.0,
0.0,
0.0,
0.0,
0.0,
0.0,
0.0,
0.0,
0.0,
0.0,
0.0,
0.0,
0.0,
0.0,
0.0,
0.0,
0.0,
0.0,
0.0,
0.0,
0.0,
0.0,
0.0,
0.0,
0.0,
0.0,
0.0,
0.0,
0.0,
0.0,
0.0,
0.0,
0.0,
0.0,
0.0,
0.0,
0.0,
0.0,
0.0,
0.0,
0.0,
0.0,
0.0,
0.0,
0.0,
0.0,
0.0,
0.0,
0.0,
0.0,
0.0,
0.0,
0.0,
0.0,
0.0,
0.0,
0.0,
0.0,
0.0,
0.0,
0.0,
0.0,
0.0,
0.0,
0.0,
0.0,
0.0,
0.0,
0.0,
0.0,
0.0,
0.0,
0.0,
0.0,
0.0,
0.0,
0.0,
0.0,
0.0,
0.0,
0.0,
0.0,
0.0,
0.0,
0.0,
0.0,
0.0,
0.0,
0.0,
0.0,
0.0,
0.0,
0.0,
0.0,
0.0,
0.0,
0.0,
0.0,
0.0,
0.0,
0.0,
0.0,
0.0,
0.0,
0.0,
0.0,
0.0,
0.0,
0.0,
0.0,
0.0,
0.0,
0.0,
0.0,
0.0,
0.0,
0.0,
0.0,
0.0,
0.0,
0.0,
0.0,
0.0,
0.0,
0.0,
0.0,
0.0,
0.0,
0.0,
0.0,
0.0,
0.0,
0.0,
0.0,
0.0,
0.0,
0.0,
0.0,
0.0,
0.0,
0.0,
0.0,
0.0,
0.0,
0.0,
0.0,
0.0,
0.0,
0.0,
0.0,
0.0,
0.0,
0.0,
0.0,
0.0,
0.0,
0.0,
0.0,
0.0,
0.0,
0.0,
0.0,
0.0,
0.0,
0.0,
0.0,
0.0,
0.0,
0.0,
0.0,
0.0,
0.0,
0.0,
0.0,
0.0,
0.0,
0.0,
0.0,
0.0,
0.0,
