1.0712116956710815,
1.0742669105529785,
1.0750949382781982,
1.0772953033447266,
1.0773441791534424,
1.0781062841415405,
1.0785126686096191,
1.0764836072921753,
1.078497052192688,
1.0787863731384277,
1.0783878564834595,
1.0790581703186035,
1.0782287120819092,
1.0791195631027222,
1.0796043872833252,
1.0795345306396484,
1.0790807008743286,
1.078750729560852,
1.0797477960586548,
1.079893708229065,
1.0801783800125122,
1.0797544717788696,
1.0784207582473755,
1.0801345109939575,
1.0797617435455322,
1.0801948308944702,
1.080561637878418,
1.0787054300308228,
1.0804582834243774,
1.0805269479751587,
1.0796395540237427,
1.0803035497665405,
1.0792721509933472,
1.079707384109497,
1.0802085399627686,
1.080324649810791,
1.0800271034240723,
1.0794651508331299,
1.0808149576187134,
1.0803961753845215,
1.0807321071624756,
1.0804555416107178,
1.0793589353561401,
1.0809266567230225,
1.080328345298767,
1.0805987119674683,
1.0808665752410889,
1.078774094581604,
1.0804667472839355,
1.0806760787963867,
1.0799988508224487,
1.0806448459625244,
1.0796476602554321,
1.0798484086990356,
1.080639123916626,
1.080734133720398,
1.0799639225006104,
1.0793014764785767,
1.0804049968719482,
1.080123782157898,
1.0807294845581055,
1.0808213949203491,
1.079054594039917,
1.0805882215499878,
1.0799572467803955,
1.0799821615219116,
1.0800323486328125,
1.0777281522750854,
1.080310344696045,
1.0806699991226196,
1.0798425674438477,
1.0804851055145264,
1.0794042348861694,
1.0799072980880737,
1.0806260108947754,
1.080620527267456,
1.0799424648284912,
1.079148769378662,
1.0803993940353394,
1.0798195600509644,
1.0804039239883423,
1.0805562734603882,
1.0786945819854736,
1.0802998542785645,
1.0804301500320435,
1.080186128616333,
1.0804107189178467,
1.079106092453003,
1.0803176164627075,
1.0805968046188354,
1.0801763534545898,
1.0802545547485352,
1.0789250135421753,
1.0795246362686157,
1.0801242589950562,
1.0803513526916504,
1.0794591903686523,
1.0788360834121704,
1.0803331136703491,
1.0795146226882935,
1.0789159536361694,
1.0773969888687134,
1.0783700942993164,
1.0800094604492188,
1.079981803894043,
1.079372763633728,
1.0797514915466309,
1.0785361528396606,
1.0795644521713257,
1.0797332525253296,
1.079696774482727,
1.0797452926635742,
1.0777314901351929,
1.0794514417648315,
1.0798691511154175,
1.079627275466919,
1.0789918899536133,
1.078230619430542,
1.0796500444412231,
1.077547550201416,
1.0793378353118896,
1.0794893503189087,
1.0775790214538574,
1.0794352293014526,
1.0795831680297852,
1.0789021253585815,
1.0791116952896118,
1.0778864622116089,
1.078897476196289,
1.079076886177063,
1.0791089534759521,
1.0788192749023438,
1.0778218507766724,
1.0787053108215332,
1.078800916671753,
1.0791388750076294,
1.0782705545425415,
1.0774089097976685,
1.0785902738571167,
1.0781009197235107,
1.0785061120986938,
1.0787773132324219,
1.076527714729309,
1.0783145427703857,
1.0786162614822388,
1.0776649713516235,
1.0782525539398193,
1.0769450664520264,
1.0776305198669434,
1.0780646800994873,
1.07802414894104,
1.0776021480560303,
1.0764291286468506,
1.0776958465576172,
1.077576756477356,
1.0776543617248535,
1.0770732164382935,
1.0763568878173828,
1.077724814414978,
1.0773344039916992,
1.0775582790374756,
1.0778907537460327,
1.0762571096420288,
1.0773206949234009,
1.0774201154708862,
1.0765619277954102,
1.0771565437316895,
1.0769686698913574,
1.076375126838684,
1.0769709348678589,
1.076939582824707,
1.07647705078125,
1.0767182111740112,
1.076708436012268,
1.0765537023544312,
1.0766359567642212,
1.0762542486190796,
1.0762218236923218,
1.0764585733413696,
1.075977087020874,
1.0760926008224487,
1.0760935544967651,
1.0756763219833374,
1.076090931892395,
1.0760468244552612,
1.0754985809326172,
1.0757167339324951,
1.0756345987319946,
1.0752296447753906,
1.07464599609375,
1.0759093761444092,
1.0755046606063843,
1.0756081342697144,
1.0755009651184082,
1.0752125978469849,
1.075486421585083,
1.0750068426132202,
1.0750523805618286,
1.0752636194229126,
1.0735026597976685,
1.0747411251068115,
1.073457956314087,
1.069697618484497,
1.069959044456482,
1.0733729600906372,
1.0740221738815308,
1.0747331380844116,
1.0746474266052246,
1.0738521814346313,
1.073113203048706,
1.0730165243148804,
1.0736380815505981,
1.0736937522888184,
1.0741424560546875,
1.0736722946166992,
1.0725576877593994,
1.0733195543289185,
1.0728533267974854,
1.0733753442764282,
1.072851538658142,
1.0729074478149414,
1.0733451843261719,
1.072579264640808,
1.0729531049728394,
1.0728700160980225,
1.072107195854187,
1.072714924812317,
1.071444034576416,
1.0719181299209595,
1.0723973512649536,
1.0723004341125488,
1.0718963146209717,
1.0724221467971802,
1.072287678718567,
1.0716660022735596,
1.0706467628479004,
1.0705982446670532,
1.0716389417648315,
1.0705177783966064,
1.0712627172470093,
1.0710344314575195,
1.0686607360839844,
1.0681957006454468,
1.0697134733200073,
1.070845365524292,
1.070125699043274,
1.0705702304840088,
1.0705417394638062,
1.0731451511383057,
1.0645642280578613,
1.0639853477478027,
1.069195032119751,
1.0674917697906494,
1.0699552297592163,
1.0681570768356323,
1.0698813199996948,
1.0696163177490234,
1.0693844556808472,
1.0696555376052856,
1.0684151649475098,
1.069091796875,
1.0694023370742798,
1.0691527128219604,
1.0689278841018677,
1.0677481889724731,
1.0686776638031006,
1.068487286567688,
1.068420171737671,
1.0680551528930664,
1.0670413970947266,
1.0682950019836426,
1.06767737865448,
1.068016767501831,
1.0681025981903076,
1.0661356449127197,
1.0677061080932617,
1.0664334297180176,
1.0669870376586914,
1.0655784606933594,
1.0634684562683105,
1.0666910409927368,
1.0648272037506104,
1.066729187965393,
1.066036581993103,
1.065198302268982,
1.066061019897461,
1.0661405324935913,
1.066137433052063,
1.0652815103530884,
1.0641690492630005,
1.0653294324874878,
1.064789056777954,
1.0652680397033691,
1.0651874542236328,
1.0632611513137817,
1.0647509098052979,
1.0643442869186401,
1.064083456993103,
1.064100980758667,
1.063806414604187,
1.063663125038147,
1.0634952783584595,
1.0631787776947021,
1.0628130435943604,
1.0634040832519531,
1.0583839416503906,
1.0596705675125122,
1.0623918771743774,
1.0605263710021973,
1.062262773513794,
1.0623397827148438,
1.0613142251968384,
1.061570167541504,
1.0613881349563599,
1.0608549118041992,
1.061036229133606,
1.0605452060699463,
1.0604888200759888,
1.0605652332305908,
1.0599488019943237,
1.0594394207000732,
1.0572558641433716,
1.0590837001800537,
1.0570189952850342,
1.056039571762085,
1.0554213523864746,
1.0576435327529907,
1.0585299730300903,
1.0561823844909668,
1.0568026304244995,
1.0578464269638062,
1.0574613809585571,
1.0550445318222046,
1.0567173957824707,
1.0566798448562622,
1.0563875436782837,
1.0543855428695679,
1.0558106899261475,
1.054355263710022,
1.0547887086868286,
1.0538742542266846,
1.0536576509475708,
1.0529621839523315,
1.0532225370407104,
1.0530660152435303,
1.0531373023986816,
1.053054690361023,
1.0529040098190308,
1.0526435375213623,
1.0513273477554321,
1.0497287511825562,
1.048304557800293,
1.0469307899475098,
1.0434340238571167,
1.0472010374069214,
1.039734959602356,
1.0390925407409668,
1.0352431535720825,
1.0411547422409058,
1.0452321767807007,
1.0429867506027222,
1.03883957862854,
1.0394259691238403,
1.0441908836364746,
1.0463299751281738,
1.046074390411377,
1.0437467098236084,
1.0455092191696167,
1.0467095375061035,
1.046023964881897,
1.0453741550445557,
1.0454864501953125,
1.0451979637145996,
1.0442277193069458,
1.044530987739563,
1.0437567234039307,
1.0430299043655396,
1.0431686639785767,
1.0427342653274536,
1.0421653985977173,
1.0421075820922852,
1.0412203073501587,
1.0409033298492432,
1.0403435230255127,
1.039399266242981,
1.0393370389938354,
1.0391597747802734,
1.038515329360962,
1.0370099544525146,
1.03766930103302,
1.0371582508087158,
1.036843180656433,
1.035842776298523,
1.033466100692749,
1.0356255769729614,
1.0345524549484253,
1.0343393087387085,
1.0341132879257202,
1.0319219827651978,
1.032904863357544,
1.0324233770370483,
1.0313640832901,
1.0314009189605713,
1.0298057794570923,
1.0300323963165283,
1.0298511981964111,
1.029104232788086,
1.0281389951705933,
1.0279799699783325,
1.026492953300476,
1.0268383026123047,
1.0235811471939087,
1.0248360633850098,
1.024890422821045,
1.0242424011230469,
1.0230728387832642,
1.0228996276855469,
1.0223877429962158,
1.0208399295806885,
1.020654320716858,
1.0200225114822388,
1.0177862644195557,
1.0185810327529907,
1.0179473161697388,
1.0170366764068604,
1.0164963006973267,
1.0154531002044678,
1.0147013664245605,
1.0141046047210693,
1.0127458572387695,
1.0124295949935913,
1.0116395950317383,
1.0100218057632446,
1.0096098184585571,
1.0089308023452759,
1.0066813230514526,
1.0067883729934692,
1.0058679580688477,
1.0049095153808594,
1.0040292739868164,
1.0030063390731812,
1.0019590854644775,
1.000914454460144,
0.9999459385871887,
0.9988541007041931,
0.9981287717819214,
0.9937517046928406,
0.9928807616233826,
0.9939600229263306,
0.9926095604896545,
0.9892268180847168,
0.9846735596656799,
0.9886616468429565,
0.9877111315727234,
0.9867492318153381,
0.9854366779327393,
0.9838396310806274,
0.9826608896255493,
0.9811075329780579,
0.979703962802887,
0.9780886769294739,
0.9766576290130615,
0.9756754040718079,
0.9738463163375854,
0.9724961519241333,
0.9710637331008911,
0.9627173542976379,
0.9681549668312073,
0.9668000340461731,
0.9642478227615356,
0.9633511304855347,
0.9614997506141663,
0.9597469568252563,
0.9570484161376953,
0.9568204283714294,
0.9549204111099243,
0.9537094831466675,
0.9521779417991638,
0.9498923420906067,
0.9486289620399475,
0.9469736218452454,
0.9443464279174805,
0.943459153175354,
0.9415109157562256,
0.9397364258766174,
0.9377522468566895,
0.9366973638534546,
0.9347569346427917,
0.9332616925239563,
0.9318627119064331,
0.9293049573898315,
0.9278609156608582,
0.9261495471000671,
0.9241700172424316,
0.9212077856063843,
0.9208284616470337,
0.9184181690216064,
0.9167075753211975,
0.9152515530586243,
0.913181483745575,
0.9111979603767395,
0.9097707271575928,
0.9077512621879578,
0.9061983823776245,
0.9047656655311584,
0.9024021029472351,
0.9005876779556274,
0.8983404040336609,
0.8967575430870056,
0.8950515389442444,
0.8930270671844482,
0.8910319805145264,
0.8892500996589661,
0.88777756690979,
0.8859020471572876,
0.8838455677032471,
0.8809695243835449,
0.8803651928901672,
0.8784885406494141,
0.8767807483673096,
0.8746610879898071,
0.8725168704986572,
0.8707771301269531,
0.8685172200202942,
0.8664355874061584,
0.8644441962242126,
0.8624284267425537,
0.8601803183555603,
0.8584939241409302,
0.8564842939376831,
0.8543891310691833,
0.8526199460029602,
0.8503299951553345,
0.8481699228286743,
0.8463225364685059,
0.8440590500831604,
0.8418956995010376,
0.8387374877929688,
0.8376131057739258,
0.8353691101074219,
0.8335046768188477,
0.8313887119293213,
0.8288637399673462,
0.8270853757858276,
0.8270853757858276,
0.8270853757858276,
0.0,
0.0,
0.0,
0.0,
0.0,
0.0,
0.0,
0.0,
0.0,
0.0,
0.0,
0.0,
0.0,
0.0,
0.0,
0.0,
0.0,
0.0,
0.0,
0.0,
0.0,
0.0,
0.0,
0.0,
0.0,
0.0,
0.0,
0.0,
0.0,
0.0,
0.0,
0.0,
0.0,
0.0,
0.0,
0.0,
0.0,
0.0,
0.0,
0.0,
0.0,
0.0,
0.0,
0.0,
0.0,
0.0,
0.0,
0.0,
0.0,
0.0,
0.0,
0.0,
0.0,
0.0,
0.0,
0.0,
0.0,
0.0,
0.0,
0.0,
0.0,
0.0,
0.0,
0.0,
0.0,
0.0,
0.0,
0.0,
0.0,
0.0,
0.0,
0.0,
0.0,
0.0,
0.0,
0.0,
0.0,
0.0,
0.0,
0.0,
0.0,
0.0,
0.0,
0.0,
0.0,
0.0,
0.0,
0.0,
0.0,
0.0,
0.0,
0.0,
0.0,
0.0,
0.0,
0.0,
0.0,
0.0,
0.0,
0.0,
0.0,
0.0,
0.0,
0.0,
0.0,
0.0,
0.0,
0.0,
0.0,
0.0,
0.0,
0.0,
0.0,
0.0,
0.0,
0.0,
0.0,
0.0,
0.0,
0.0,
0.0,
0.0,
0.0,
0.0,
0.0,
0.0,
0.0,
0.0,
0.0,
0.0,
0.0,
0.0,
0.0,
0.0,
0.0,
0.0,
0.0,
0.0,
0.0,
0.0,
0.0,
0.0,
0.0,
0.0,
0.0,
0.0,
0.0,
0.0,
0.0,
0.0,
0.0,
0.0,
0.0,
0.0,
0.0,
0.0,
0.0,
0.0,
0.0,
0.0,
0.0,
0.0,
0.0,
0.0,
0.0,
0.0,
0.0,
0.0,
0.0,
0.0,
0.0,
0.0,
0.0,
0.0,
0.0,
0.0,
0.0,
0.0,
0.0,
0.0,
0.0,
0.0,
0.0,
0.0,
0.0,
0.0,
0.0,
0.0,
0.0,
0.0,
0.0,
0.0,
0.0,
0.0,
0.0,
0.0,
0.0,
0.0,
0.0,
0.0,
0.0,
0.0,
0.0,
0.0,
0.0,
0.0,
0.0,
0.0,
0.0,
0.0,
0.0,
0.0,
0.0,
0.0,
0.0,
0.0,
0.0,
0.0,
0.0,
0.0,
0.0,
0.0,
0.0,
0.0,
0.0,
0.0,
0.0,
0.0,
0.0,
0.0,
0.0,
0.0,
0.0,
0.0,
0.0,
0.0,
0.0,
0.0,
0.0,
0.0,
0.0,
0.0,
0.0,
0.0,
0.0,
0.0,
0.0,
0.0,
0.0,
0.0,
0.0,
0.0,
0.0,
0.0,
0.0,
0.0,
0.0,
0.0,
0.0,
0.0,
0.0,
0.0,
0.0,
0.0,
0.0,
0.0,
0.0,
0.0,
0.0,
0.0,
0.0,
0.0,
0.0,
0.0,
0.0,
0.0,
0.0,
0.0,
0.0,
0.0,
0.0,
0.0,
0.0,
0.0,
0.0,
0.0,
0.0,
0.0,
0.0,
0.0,
0.0,
0.0,
0.0,
0.0,
0.0,
0.0,
0.0,
0.0,
0.0,
0.0,
0.0,
0.0,
0.0,
0.0,
0.0,
0.0,
0.0,
0.0,
0.0,
0.0,
0.0,
0.0,
0.0,
0.0,
0.0,
0.0,
0.0,
0.0,
0.0,
0.0,
0.0,
0.0,
0.0,
0.0,
0.0,
0.0,
0.0,
0.0,
0.0,
0.0,
0.0,
0.0,
0.0,
0.0,
0.0,
0.0,
0.0,
0.0,
0.0,
0.0,
0.0,
0.0,
0.0,
0.0,
0.0,
0.0,
0.0,
0.0,
0.0,
0.0,
0.0,
0.0,
0.0,
0.0,
0.0,
0.0,
0.0,
0.0,
0.0,
0.0,
0.0,
0.0,
0.0,
0.0,
0.0,
0.0,
0.0,
0.0,
0.0,
0.0,
0.0,
0.0,
0.0,
0.0,
0.0,
0.0,
0.0,
0.0,
0.0,
0.0,
0.0,
0.0,
0.0,
0.0,
0.0,
0.0,
0.0,
0.0,
0.0,
0.0,
0.0,
0.0,
0.0,
0.0,
0.0,
0.0,
0.0,
0.0,
0.0,
0.0,
0.0,
0.0,
0.0,
0.0,
0.0,
0.0,
0.0,
0.0,
0.0,
0.0,
0.0,
0.0,
0.0,
0.0,
0.0,
0.0,
0.0,
0.0,
0.0,
0.0,
0.0,
0.0,
0.0,
0.0,
0.0,
0.0,
0.0,
0.0,
0.0,
0.0,
0.0,
0.0,
0.0,
0.0,
0.0,
0.0,
0.0,
0.0,
0.0,
0.0,
0.0,
0.0,
0.0,
0.0,
0.0,
0.0,
0.0,
0.0,
0.0,
0.0,
0.0,
0.0,
0.0,
0.0,
0.0,
0.0,
0.0,
0.0,
0.0,
0.0,
0.0,
0.0,
0.0,
0.0,
0.0,
0.0,
0.0,
0.0,
0.0,
0.0,
0.0,
0.0,
0.0,
0.0,
0.0,
0.0,
0.0,
0.0,
0.0,
0.0,
0.0,
0.0,
0.0,
0.0,
0.0,
0.0,
0.0,
0.0,
0.0,
0.0,
0.0,
0.0,
0.0,
0.0,
0.0,
0.0,
0.0,
0.0,
0.0,
0.0,
0.0,
0.0,
0.0,
0.0,
0.0,
0.0,
0.0,
0.0,
0.0,
0.0,
0.0,
0.0,
0.0,
0.0,
0.0,
0.0,
0.0,
0.0,
0.0,
0.0,
0.0,
0.0,
0.0,
0.0,
0.0,
0.0,
0.0,
0.0,
0.0,
0.0,
0.0,
0.0,
0.0,
0.0,
0.0,
0.0,
0.0,
0.0,
0.0,
0.0,
0.0,
0.0,
0.0,
0.0,
0.0,
0.0,
0.0,
0.0,
0.0,
0.0,
0.0,
0.0,
0.0,
0.0,
0.0,
0.0,
0.0,
0.0,
0.0,
0.0,
0.0,
0.0,
0.0,
0.0,
0.0,
0.0,
0.0,
0.0,
0.0,
0.0,
0.0,
0.0,
0.0,
0.0,
0.0,
0.0,
0.0,
0.0,
0.0,
0.0,
0.0,
0.0,
0.0,
0.0,
0.0,
0.0,
0.0,
0.0,
0.0,
0.0,
0.0,
0.0,
0.0,
0.0,
0.0,
0.0,
0.0,
0.0,
0.0,
0.0,
0.0,
0.0,
0.0,
0.0,
0.0,
0.0,
0.0,
0.0,
0.0,
0.0,
0.0,
0.0,
0.0,
0.0,
0.0,
0.0,
0.0,
0.0,
0.0,
0.0,
0.0,
0.0,
0.0,
0.0,
0.0,
0.0,
0.0,
0.0,
0.0,
0.0,
0.0,
0.0,
0.0,
0.0,
0.0,
0.0,
0.0,
0.0,
0.0,
0.0,
0.0,
0.0,
0.0,
0.0,
0.0,
0.0,
0.0,
0.0,
0.0,
0.0,
0.0,
0.0,
0.0,
0.0,
0.0,
0.0,
0.0,
0.0,
0.0,
0.0,
0.0,
0.0,
0.0,
0.0,
0.0,
0.0,
0.0,
0.0,
0.0,
0.0,
0.0,
0.0,
0.0,
0.0,
0.0,
0.0,
0.0,
0.0,
0.0,
0.0,
0.0,
0.0,
0.0,
0.0,
0.0,
0.0,
0.0,
0.0,
0.0,
0.0,
0.0,
0.0,
0.0,
0.0,
0.0,
0.0,
0.0,
0.0,
0.0,
0.0,
0.0,
0.0,
0.0,
0.0,
0.0,
0.0,
0.0,
0.0,
0.0,
0.0,
0.0,
0.0,
0.0,
0.0,
0.0,
0.0,
0.0,
0.0,
0.0,
0.0,
0.0,
0.0,
0.0,
0.0,
0.0,
0.0,
0.0,
0.0,
0.0,
0.0,
0.0,
0.0,
0.0,
0.0,
0.0,
0.0,
0.0,
0.0,
0.0,
0.0,
0.0,
0.0,
0.0,
0.0,
0.0,
0.0,
0.0,
0.0,
0.0,
0.0,
0.0,
0.0,
0.0,
0.0,
0.0,
0.0,
0.0,
0.0,
0.0,
0.0,
0.0,
0.0,
0.0,
0.0,
0.0,
0.0,
0.0,
0.0,
0.0,
0.0,
0.0,
0.0,
0.0,
0.0,
0.0,
0.0,
0.0,
0.0,
0.0,
0.0,
0.0,
0.0,
0.0,
0.0,
0.0,
0.0,
0.0,
0.0,
0.0,
0.0,
0.0,
0.0,
0.0,
0.0,
0.0,
0.0,
0.0,
0.0,
0.0,
0.0,
0.0,
0.0,
0.0,
0.0,
0.0,
0.0,
0.0,
0.0,
0.0,
0.0,
0.0,
0.0,
0.0,
0.0,
0.0,
0.0,
0.0,
0.0,
0.0,
0.0,
0.0,
0.0,
0.0,
0.0,
0.0,
0.0,
0.0,
0.0,
0.0,
0.0,
0.0,
0.0,
0.0,
0.0,
0.0,
0.0,
0.0,
0.0,
0.0,
0.0,
0.0,
0.0,
0.0,
0.0,
0.0,
0.0,
0.0,
0.0,
0.0,
0.0,
0.0,
0.0,
0.0,
0.0,
0.0,
0.0,
0.0,
0.0,
0.0,
0.0,
0.0,
0.0,
0.0,
0.0,
0.0,
0.0,
0.0,
0.0,
0.0,
0.0,
0.0,
0.0,
0.0,
0.0,
0.0,
0.0,
0.0,
0.0,
0.0,
0.0,
0.0,
0.0,
0.0,
0.0,
0.0,
0.0,
0.0,
0.0,
0.0,
0.0,
0.0,
0.0,
0.0,
0.0,
0.0,
0.0,
0.0,
0.0,
0.0,
0.0,
0.0,
0.0,
0.0,
0.0,
0.0,
0.0,
0.0,
0.0,
0.0,
0.0,
0.0,
0.0,
0.0,
0.0,
0.0,
0.0,
0.0,
0.0,
0.0,
0.0,
0.0,
0.0,
0.0,
0.0,
0.0,
0.0,
0.0,
0.0,
0.0,
0.0,
0.0,
0.0,
0.0,
0.0,
0.0,
0.0,
0.0,
0.0,
0.0,
0.0,
0.0,
0.0,
0.0,
0.0,
0.0,
0.0,
0.0,
0.0,
0.0,
0.0,
0.0,
0.0,
0.0,
0.0,
0.0,
0.0,
0.0,
0.0,
0.0,
0.0,
0.0,
0.0,
0.0,
0.0,
0.0,
0.0,
0.0,
0.0,
0.0,
0.0,
0.0,
0.0,
0.0,
0.0,
0.0,
0.0,
0.0,
0.0,
0.0,
0.0,
0.0,
0.0,
0.0,
0.0,
0.0,
0.0,
0.0,
0.0,
0.0,
0.0,
0.0,
0.0,
0.0,
0.0,
0.0,
0.0,
0.0,
0.0,
0.0,
0.0,
0.0,
0.0,
0.0,
0.0,
0.0,
0.0,
0.0,
0.0,
0.0,
0.0,
0.0,
0.0,
0.0,
0.0,
0.0,
0.0,
0.0,
0.0,
0.0,
0.0,
0.0,
0.0,
0.0,
0.0,
0.0,
0.0,
0.0,
0.0,
0.0,
0.0,
0.0,
0.0,
0.0,
0.0,
0.0,
0.0,
0.0,
0.0,
0.0,
0.0,
0.0,
0.0,
0.0,
0.0,
0.0,
0.0,
0.0,
0.0,
0.0,
0.0,
0.0,
0.0,
0.0,
0.0,
0.0,
0.0,
0.0,
0.0,
0.0,
0.0,
0.0,
0.0,
0.0,
0.0,
0.0,
0.0,
0.0,
0.0,
0.0,
0.0,
0.0,
0.0,
0.0,
0.0,
0.0,
0.0,
0.0,
0.0,
0.0,
0.0,
0.0,
0.0,
0.0,
0.0,
0.0,
0.0,
0.0,
0.0,
0.0,
0.0,
0.0,
0.0,
0.0,
0.0,
0.0,
0.0,
0.0,
0.0,
0.0,
0.0,
0.0,
0.0,
0.0,
0.0,
0.0,
0.0,
0.0,
0.0,
0.0,
0.0,
0.0,
0.0,
0.0,
0.0,
0.0,
0.0,
0.0,
0.0,
0.0,
0.0,
0.0,
0.0,
0.0,
0.0,
0.0,
0.0,
0.0,
0.0,
0.0,
0.0,
0.0,
0.0,
0.0,
0.0,
0.0,
0.0,
0.0,
0.0,
0.0,
0.0,
0.0,
0.0,
0.0,
0.0,
0.0,
0.0,
0.0,
0.0,
0.0,
0.0,
0.0,
0.0,
0.0,
0.0,
0.0,
0.0,
0.0,
0.0,
0.0,
0.0,
0.0,
0.0,
0.0,
0.0,
0.0,
0.0,
0.0,
0.0,
0.0,
0.0,
0.0,
0.0,
0.0,
0.0,
0.0,
0.0,
0.0,
0.0,
0.0,
0.0,
0.0,
0.0,
0.0,
0.0,
0.0,
0.0,
0.0,
0.0,
0.0,
0.0,
0.0,
0.0,
0.0,
0.0,
0.0,
0.0,
0.0,
0.0,
0.0,
0.0,
0.0,
0.0,
0.0,
0.0,
0.0,
0.0,
0.0,
0.0,
0.0,
0.0,
0.0,
0.0,
0.0,
0.0,
0.0,
0.0,
0.0,
0.0,
0.0,
0.0,
0.0,
0.0,
0.0,
0.0,
0.0,
0.0,
0.0,
0.0,
0.0,
0.0,
0.0,
0.0,
0.0,
0.0,
0.0,
0.0,
0.0,
0.0,
0.0,
0.0,
0.0,
0.0,
0.0,
0.0,
0.0,
0.0,
0.0,
0.0,
0.0,
0.0,
0.0,
0.0,
0.0,
0.0,
0.0,
0.0,
0.0,
0.0,
0.0,
0.0,
0.0,
0.0,
0.0,
0.0,
0.0,
0.0,
0.0,
0.0,
0.0,
0.0,
0.0,
0.0,
0.0,
0.0,
0.0,
0.0,
0.0,
0.0,
0.0,
0.0,
0.0,
0.0,
0.0,
0.0,
0.0,
0.0,
0.0,
0.0,
0.0,
0.0,
0.0,
0.0,
0.0,
0.0,
0.0,
0.0,
0.0,
0.0,
0.0,
0.0,
0.0,
0.0,
0.0,
0.0,
0.0,
0.0,
0.0,
0.0,
0.0,
0.0,
0.0,
0.0,
0.0,
0.0,
0.0,
0.0,
0.0,
0.0,
0.0,
0.0,
0.0,
0.0,
0.0,
0.0,
0.0,
0.0,
0.0,
0.0,
0.0,
0.0,
0.0,
0.0,
0.0,
0.0,
0.0,
0.0,
0.0,
0.0,
0.0,
0.0,
0.0,
0.0,
0.0,
0.0,
0.0,
0.0,
0.0,
0.0,
0.0,
0.0,
0.0,
0.0,
0.0,
0.0,
0.0,
0.0,
0.0,
0.0,
0.0,
0.0,
0.0,
0.0,
0.0,
0.0,
0.0,
0.0,
0.0,
0.0,
0.0,
0.0,
0.0,
0.0,
0.0,
0.0,
0.0,
0.0,
0.0,
0.0,
0.0,
0.0,
0.0,
0.0,
0.0,
0.0,
0.0,
0.0,
0.0,
0.0,
0.0,
0.0,
0.0,
0.0,
0.0,
0.0,
0.0,
0.0,
0.0,
0.0,
0.0,
0.0,
0.0,
0.0,
0.0,
0.0,
0.0,
0.0,
0.0,
0.0,
0.0,
0.0,
0.0,
0.0,
0.0,
0.0,
0.0,
0.0,
0.0,
0.0,
0.0,
0.0,
0.0,
0.0,
0.0,
0.0,
0.0,
0.0,
0.0,
0.0,
0.0,
0.0,
0.0,
0.0,
0.0,
0.0,
0.0,
0.0,
0.0,
0.0,
0.0,
0.0,
0.0,
0.0,
0.0,
0.0,
0.0,
0.0,
0.0,
0.0,
0.0,
0.0,
0.0,
0.0,
0.0,
0.0,
0.0,
0.0,
0.0,
0.0,
0.0,
0.0,
0.0,
0.0,
0.0,
0.0,
0.0,
0.0,
0.0,
0.0,
0.0,
0.0,
0.0,
0.0,
0.0,
0.0,
0.0,
0.0,
0.0,
0.0,
0.0,
0.0,
0.0,
0.0,
0.0,
0.0,
0.0,
0.0,
0.0,
0.0,
0.0,
0.0,
0.0,
0.0,
0.0,
0.0,
0.0,
0.0,
0.0,
0.0,
0.0,
0.0,
0.0,
0.0,
0.0,
0.0,
0.0,
0.0,
0.0,
0.0,
0.0,
0.0,
0.0,
0.0,
0.0,
0.0,
0.0,
0.0,
0.0,
0.0,
0.0,
0.0,
0.0,
0.0,
0.0,
0.0,
0.0,
0.0,
0.0,
0.0,
0.0,
0.0,
0.0,
0.0,
0.0,
0.0,
0.0,
0.0,
0.0,
0.0,
0.0,
0.0,
0.0,
0.0,
0.0,
0.0,
0.0,
0.0,
0.0,
0.0,
0.0,
0.0,
0.0,
0.0,
0.0,
0.0,
0.0,
0.0,
0.0,
0.0,
0.0,
0.0,
0.0,
0.0,
0.0,
0.0,
0.0,
0.0,
0.0,
0.0,
0.0,
0.0,
0.0,
0.0,
0.0,
0.0,
0.0,
0.0,
0.0,
0.0,
0.0,
0.0,
0.0,
0.0,
0.0,
0.0,
0.0,
0.0,
0.0,
0.0,
0.0,
0.0,
0.0,
0.0,
0.0,
0.0,
0.0,
0.0,
0.0,
0.0,
0.0,
0.0,
0.0,
0.0,
0.0,
0.0,
0.0,
0.0,
0.0,
0.0,
0.0,
0.0,
0.0,
0.0,
0.0,
0.0,
0.0,
0.0,
0.0,
0.0,
0.0,
0.0,
0.0,
0.0,
0.0,
0.0,
0.0,
0.0,
0.0,
0.0,
0.0,
0.0,
0.0,
0.0,
0.0,
0.0,
0.0,
0.0,
0.0,
0.0,
0.0,
0.0,
0.0,
0.0,
0.0,
0.0,
0.0,
0.0,
0.0,
0.0,
0.0,
0.0,
0.0,
0.0,
0.0,
0.0,
0.0,
0.0,
0.0,
0.0,
0.0,
0.0,
0.0,
0.0,
0.0,
0.0,
0.0,
0.0,
0.0,
0.0,
0.0,
0.0,
0.0,
0.0,
0.0,
0.0,
0.0,
0.0,
0.0,
0.0,
0.0,
0.0,
0.0,
0.0,
0.0,
0.0,
0.0,
0.0,
0.0,
0.0,
0.0,
0.0,
0.0,
0.0,
0.0,
0.0,
0.0,
0.0,
0.0,
0.0,
0.0,
0.0,
0.0,
0.0,
0.0,
0.0,
0.0,
0.0,
0.0,
0.0,
0.0,
0.0,
0.0,
0.0,
0.0,
0.0,
0.0,
0.0,
0.0,
0.0,
0.0,
0.0,
0.0,
0.0,
0.0,
0.0,
0.0,
0.0,
0.0,
0.0,
0.0,
0.0,
0.0,
0.0,
0.0,
0.0,
0.0,
0.0,
0.0,
0.0,
0.0,
0.0,
0.0,
0.0,
0.0,
0.0,
0.0,
0.0,
0.0,
0.0,
0.0,
0.0,
0.0,
0.0,
0.0,
0.0,
0.0,
0.0,
0.0,
0.0,
