1.0649502277374268,
1.0688508749008179,
1.0694284439086914,
1.0716447830200195,
1.0723309516906738,
1.0726990699768066,
1.0730578899383545,
1.0718055963516235,
1.073452353477478,
1.0736305713653564,
1.0736416578292847,
1.074028491973877,
1.0730931758880615,
1.0743284225463867,
1.0745227336883545,
1.0746605396270752,
1.0746122598648071,
1.0736454725265503,
1.0747034549713135,
1.0748717784881592,
1.0748907327651978,
1.0748779773712158,
1.0735622644424438,
1.0748836994171143,
1.0748132467269897,
1.0750374794006348,
1.0752737522125244,
1.073860764503479,
1.075177788734436,
1.075165867805481,
1.0748176574707031,
1.0751487016677856,
1.0739070177078247,
1.0749682188034058,
1.0750025510787964,
1.0750778913497925,
1.0751068592071533,
1.0742510557174683,
1.0756781101226807,
1.0755393505096436,
1.075632095336914,
1.0754051208496094,
1.0742589235305786,
1.0756566524505615,
1.075398325920105,
1.0755263566970825,
1.075703501701355,
1.0740939378738403,
1.0754103660583496,
1.0755733251571655,
1.0753785371780396,
1.0755923986434937,
1.0744667053222656,
1.075198769569397,
1.0754716396331787,
1.075488805770874,
1.0751076936721802,
1.0740412473678589,
1.0751723051071167,
1.075088381767273,
1.075432300567627,
1.075585126876831,
1.0740458965301514,
1.0752941370010376,
1.0753532648086548,
1.075275182723999,
1.0755046606063843,
1.0743002891540527,
1.0754282474517822,
1.0755584239959717,
1.0753411054611206,
1.0752819776535034,
1.0752623081207275,
1.0750905275344849,
1.0753008127212524,
1.0754516124725342,
1.0753189325332642,
1.0753017663955688,
1.0752683877944946,
1.0748934745788574,
1.0750731229782104,
1.0750960111618042,
1.0748759508132935,
1.074893832206726,
1.0749980211257935,
1.0750783681869507,
1.0753031969070435,
1.0750678777694702,
1.0749162435531616,
1.0750788450241089,
1.075260043144226,
1.0749468803405762,
1.0750513076782227,
1.0748460292816162,
1.0748281478881836,
1.074940800666809,
1.074668288230896,
1.0746384859085083,
1.0748544931411743,
1.0746909379959106,
1.074655532836914,
1.0745118856430054,
1.0743443965911865,
1.0744986534118652,
1.0745103359222412,
1.0741223096847534,
1.074231743812561,
1.0743670463562012,
1.074047327041626,
1.074155330657959,
1.0743541717529297,
1.0741782188415527,
1.0743755102157593,
1.0742300748825073,
1.074013352394104,
1.0743129253387451,
1.073994517326355,
1.0737577676773071,
1.0738582611083984,
1.0739121437072754,
1.0736939907073975,
1.07366144657135,
1.0737028121948242,
1.0736019611358643,
1.0736589431762695,
1.0734820365905762,
1.0734002590179443,
1.0734062194824219,
1.073228120803833,
1.0732718706130981,
1.0732975006103516,
1.0731910467147827,
1.073262333869934,
1.0731686353683472,
1.0732821226119995,
1.0732940435409546,
1.073047399520874,
1.0728492736816406,
1.0729379653930664,
1.0729087591171265,
1.0727417469024658,
1.0729013681411743,
1.0728743076324463,
1.0712484121322632,
1.072569727897644,
1.0726655721664429,
1.072363257408142,
1.0725113153457642,
1.0713235139846802,
1.072266936302185,
1.072381854057312,
1.0721540451049805,
1.072014331817627,
1.0708478689193726,
1.0718135833740234,
1.0718072652816772,
1.071757197380066,
1.0716252326965332,
1.0705586671829224,
1.0718492269515991,
1.0719072818756104,
1.0717462301254272,
1.0718120336532593,
1.0715097188949585,
1.071603536605835,
1.0716906785964966,
1.071229338645935,
1.071434736251831,
1.0712260007858276,
1.0709365606307983,
1.0710248947143555,
1.0709267854690552,
1.0707595348358154,
1.0709755420684814,
1.0711101293563843,
1.070603370666504,
1.0707486867904663,
1.0706701278686523,
1.0703519582748413,
1.0704368352890015,
1.0705063343048096,
1.0701524019241333,
1.0701749324798584,
1.0700352191925049,
1.07010018825531,
1.070068597793579,
1.0700451135635376,
1.0698039531707764,
1.069835901260376,
1.0697529315948486,
1.0698245763778687,
1.0698347091674805,
1.0695418119430542,
1.0696932077407837,
1.0694485902786255,
1.0691280364990234,
1.0692217350006104,
1.069321870803833,
1.0689587593078613,
1.0691410303115845,
1.0688533782958984,
1.0685439109802246,
1.06870436668396,
1.0687209367752075,
1.068373203277588,
1.0684611797332764,
1.068329095840454,
1.0682519674301147,
1.0683655738830566,
1.0671613216400146,
1.0680713653564453,
1.0681116580963135,
1.0680797100067139,
1.0678942203521729,
1.0666775703430176,
1.0677266120910645,
1.067581295967102,
1.0676536560058594,
1.0673385858535767,
1.0660456418991089,
1.0671993494033813,
1.0670340061187744,
1.0670298337936401,
1.067076325416565,
1.0668184757232666,
1.0667922496795654,
1.0666539669036865,
1.0663487911224365,
1.0663615465164185,
1.0664021968841553,
1.0660825967788696,
1.0661592483520508,
1.0661033391952515,
1.0659228563308716,
1.06600022315979,
1.0660858154296875,
1.0656332969665527,
1.0657758712768555,
1.0653947591781616,
1.0652884244918823,
1.0653477907180786,
1.065361738204956,
1.064856767654419,
1.0647526979446411,
1.0645651817321777,
1.0645009279251099,
1.064644694328308,
1.0644124746322632,
1.0643091201782227,
1.0642266273498535,
1.0641361474990845,
1.0618308782577515,
1.0629266500473022,
1.0624454021453857,
1.0625946521759033,
1.062572956085205,
1.0625414848327637,
1.062491536140442,
1.0623265504837036,
1.0623185634613037,
1.062228798866272,
1.062293529510498,
1.0621732473373413,
1.062078833580017,
1.0621062517166138,
1.0618468523025513,
1.0617802143096924,
1.0617954730987549,
1.0614657402038574,
1.061577320098877,
1.0614192485809326,
1.0612341165542603,
1.0613669157028198,
1.0611976385116577,
1.0609673261642456,
1.0610709190368652,
1.060989260673523,
1.0607019662857056,
1.0606746673583984,
1.0607017278671265,
1.0603516101837158,
1.0603749752044678,
1.060133695602417,
1.0599780082702637,
1.0599428415298462,
1.059744119644165,
1.0596269369125366,
1.0594559907913208,
1.0592823028564453,
1.059156894683838,
1.0589053630828857,
1.0587152242660522,
1.058560848236084,
1.0583237409591675,
1.0581691265106201,
1.0581934452056885,
1.0581728219985962,
1.0578086376190186,
1.0578527450561523,
1.0578685998916626,
1.0573856830596924,
1.0573874711990356,
1.0571608543395996,
1.0569278001785278,
1.0569305419921875,
1.0566282272338867,
1.0565471649169922,
1.055222988128662,
1.0561002492904663,
1.0556869506835938,
1.0555273294448853,
1.0554580688476562,
1.0541744232177734,
1.0552279949188232,
1.054915189743042,
1.054649829864502,
1.0544002056121826,
1.052886962890625,
1.054040551185608,
1.0538780689239502,
1.0535646677017212,
1.0536175966262817,
1.052309513092041,
1.0531753301620483,
1.0530818700790405,
1.0528160333633423,
1.0525404214859009,
1.0512006282806396,
1.0521371364593506,
1.0519142150878906,
1.0516823530197144,
1.0513685941696167,
1.0499753952026367,
1.0509012937545776,
1.0504992008209229,
1.0504000186920166,
1.0501091480255127,
1.048586368560791,
1.049574613571167,
1.0490992069244385,
1.048850655555725,
1.0485186576843262,
1.0470205545425415,
1.0478311777114868,
1.0476715564727783,
1.04750394821167,
1.0472729206085205,
1.0457565784454346,
1.0466880798339844,
1.0460948944091797,
1.0457834005355835,
1.0456205606460571,
1.0440701246261597,
1.0449641942977905,
1.0445067882537842,
1.0442607402801514,
1.0438989400863647,
1.0421379804611206,
1.0430514812469482,
1.042719841003418,
1.042313814163208,
1.0420056581497192,
1.0403865575790405,
1.0409903526306152,
1.0404926538467407,
1.0403512716293335,
1.0398409366607666,
1.038330078125,
1.0391335487365723,
1.0388284921646118,
1.0386344194412231,
1.038051724433899,
1.0364258289337158,
1.0372259616851807,
1.0367329120635986,
1.0364142656326294,
1.0360692739486694,
1.0340722799301147,
1.0349299907684326,
1.0344961881637573,
1.0339090824127197,
1.033527135848999,
1.0318474769592285,
1.0324251651763916,
1.0319931507110596,
1.0315091609954834,
1.0309864282608032,
1.0292072296142578,
1.0295970439910889,
1.0291225910186768,
1.0285173654556274,
1.027971625328064,
1.0261635780334473,
1.026841402053833,
1.0263118743896484,
1.0258680582046509,
1.0250402688980103,
1.0233372449874878,
1.0240131616592407,
1.0231025218963623,
1.0225149393081665,
1.021917700767517,
1.021061897277832,
1.0204100608825684,
1.019575595855713,
1.0189344882965088,
1.0181080102920532,
1.0153831243515015,
1.0165627002716064,
1.0158579349517822,
1.0151739120483398,
1.014191746711731,
1.0118181705474854,
1.012837290763855,
1.0118576288223267,
1.0103751420974731,
1.0093227624893188,
1.0081727504730225,
1.0082353353500366,
1.0072581768035889,
1.006714105606079,
1.0057824850082397,
1.0037428140640259,
1.0036622285842896,
1.002842664718628,
1.0014013051986694,
1.000407338142395,
0.9980915784835815,
0.9983747005462646,
0.9971392750740051,
0.9961018562316895,
0.9950959086418152,
0.9927917122840881,
0.9929847717285156,
0.9915333986282349,
0.9901066422462463,
0.9886108636856079,
0.9871752858161926,
0.9861161708831787,
0.9848471879959106,
0.9834162592887878,
0.9821288585662842,
0.9808071255683899,
0.9795383810997009,
0.9778560400009155,
0.9761512279510498,
0.9748707413673401,
0.9730472564697266,
0.9716242551803589,
0.9695896506309509,
0.9681268334388733,
0.9661970138549805,
0.9646965861320496,
0.9631056189537048,
0.9613021612167358,
0.9596193432807922,
0.9582310318946838,
0.9557418823242188,
0.9541928172111511,
0.9527449011802673,
0.9507154822349548,
0.9488192200660706,
0.9468504190444946,
0.9445112943649292,
0.9428711533546448,
0.9410393834114075,
0.9392880797386169,
0.937488853931427,
0.9352411031723022,
0.9334421753883362,
0.9317258596420288,
0.9300989508628845,
0.9280166029930115,
0.9260529279708862,
0.9241897463798523,
0.9225571751594543,
0.9203282594680786,
0.9185022711753845,
0.9163572788238525,
0.9143771529197693,
0.9126037955284119,
0.9107402563095093,
0.9089924097061157,
0.9069395065307617,
0.9050973653793335,
0.9032222032546997,
0.9013698697090149,
0.8995077610015869,
0.8973780870437622,
0.895807683467865,
0.8939034342765808,
0.8922216892242432,
0.8903171420097351,
0.8884785771369934,
0.8866603374481201,
0.8849305510520935,
0.8819674849510193,
0.8816071152687073,
0.8799260258674622,
0.8781702518463135,
0.8762707710266113,
0.8743650913238525,
0.8725140690803528,
0.8705939054489136,
0.8686462044715881,
0.8666848540306091,
0.864863395690918,
0.8628900647163391,
0.8608322739601135,
0.8586602807044983,
0.8568757176399231,
0.8550382256507874,
0.8530787229537964,
0.8509857058525085,
0.8488979339599609,
0.8468315005302429,
0.8448675870895386,
0.841671347618103,
0.8408395051956177,
0.8388989567756653,
0.8368950486183167,
0.8339069485664368,
0.8328965306282043,
0.8309226632118225,
0.8288027048110962,
0.8269475102424622,
0.8269475102424622,
0.8269475102424622,
0.0,
0.0,
0.0,
0.0,
0.0,
0.0,
0.0,
0.0,
0.0,
0.0,
0.0,
0.0,
0.0,
0.0,
0.0,
0.0,
0.0,
0.0,
0.0,
0.0,
0.0,
0.0,
0.0,
0.0,
0.0,
0.0,
0.0,
0.0,
0.0,
0.0,
0.0,
0.0,
0.0,
0.0,
0.0,
0.0,
0.0,
0.0,
0.0,
0.0,
0.0,
0.0,
0.0,
0.0,
0.0,
0.0,
0.0,
0.0,
0.0,
0.0,
0.0,
0.0,
0.0,
0.0,
0.0,
0.0,
0.0,
0.0,
0.0,
0.0,
0.0,
0.0,
0.0,
0.0,
0.0,
0.0,
0.0,
0.0,
0.0,
0.0,
0.0,
0.0,
0.0,
0.0,
0.0,
0.0,
0.0,
0.0,
0.0,
0.0,
0.0,
0.0,
0.0,
0.0,
0.0,
0.0,
0.0,
0.0,
0.0,
0.0,
0.0,
0.0,
0.0,
0.0,
0.0,
0.0,
0.0,
0.0,
0.0,
0.0,
0.0,
0.0,
0.0,
0.0,
0.0,
0.0,
0.0,
0.0,
0.0,
0.0,
0.0,
0.0,
0.0,
0.0,
0.0,
0.0,
0.0,
0.0,
0.0,
0.0,
0.0,
0.0,
0.0,
0.0,
0.0,
0.0,
0.0,
0.0,
0.0,
0.0,
0.0,
0.0,
0.0,
0.0,
0.0,
0.0,
0.0,
0.0,
0.0,
0.0,
0.0,
0.0,
0.0,
0.0,
0.0,
0.0,
0.0,
0.0,
0.0,
0.0,
0.0,
0.0,
0.0,
0.0,
0.0,
0.0,
0.0,
0.0,
0.0,
0.0,
0.0,
0.0,
0.0,
0.0,
0.0,
0.0,
0.0,
0.0,
0.0,
0.0,
0.0,
0.0,
0.0,
0.0,
0.0,
0.0,
0.0,
0.0,
0.0,
0.0,
0.0,
0.0,
0.0,
0.0,
0.0,
0.0,
0.0,
0.0,
0.0,
0.0,
0.0,
0.0,
0.0,
0.0,
0.0,
0.0,
0.0,
0.0,
0.0,
0.0,
0.0,
0.0,
0.0,
0.0,
0.0,
0.0,
0.0,
0.0,
0.0,
0.0,
0.0,
0.0,
0.0,
0.0,
0.0,
0.0,
0.0,
0.0,
0.0,
0.0,
0.0,
0.0,
0.0,
0.0,
0.0,
0.0,
0.0,
0.0,
0.0,
0.0,
0.0,
0.0,
0.0,
0.0,
0.0,
0.0,
0.0,
0.0,
0.0,
0.0,
0.0,
0.0,
0.0,
0.0,
0.0,
0.0,
0.0,
0.0,
0.0,
0.0,
0.0,
0.0,
0.0,
0.0,
0.0,
0.0,
0.0,
0.0,
0.0,
0.0,
0.0,
0.0,
0.0,
0.0,
0.0,
0.0,
0.0,
0.0,
0.0,
0.0,
0.0,
0.0,
0.0,
0.0,
0.0,
0.0,
0.0,
0.0,
0.0,
0.0,
0.0,
0.0,
0.0,
0.0,
0.0,
0.0,
0.0,
0.0,
0.0,
0.0,
0.0,
0.0,
0.0,
0.0,
0.0,
0.0,
0.0,
0.0,
0.0,
0.0,
0.0,
0.0,
0.0,
0.0,
0.0,
0.0,
0.0,
0.0,
0.0,
0.0,
0.0,
0.0,
0.0,
0.0,
0.0,
0.0,
0.0,
0.0,
0.0,
0.0,
0.0,
0.0,
0.0,
0.0,
0.0,
0.0,
0.0,
0.0,
0.0,
0.0,
0.0,
0.0,
0.0,
0.0,
0.0,
0.0,
0.0,
0.0,
0.0,
0.0,
0.0,
0.0,
0.0,
0.0,
0.0,
0.0,
0.0,
0.0,
0.0,
0.0,
0.0,
0.0,
0.0,
0.0,
0.0,
0.0,
0.0,
0.0,
0.0,
0.0,
0.0,
0.0,
0.0,
0.0,
0.0,
0.0,
0.0,
0.0,
0.0,
0.0,
0.0,
0.0,
0.0,
0.0,
0.0,
0.0,
0.0,
0.0,
0.0,
0.0,
0.0,
0.0,
0.0,
0.0,
0.0,
0.0,
0.0,
0.0,
0.0,
0.0,
0.0,
0.0,
0.0,
0.0,
0.0,
0.0,
0.0,
0.0,
0.0,
0.0,
0.0,
0.0,
0.0,
0.0,
0.0,
0.0,
0.0,
0.0,
0.0,
0.0,
0.0,
0.0,
0.0,
0.0,
0.0,
0.0,
0.0,
0.0,
0.0,
0.0,
0.0,
0.0,
0.0,
0.0,
0.0,
0.0,
0.0,
0.0,
0.0,
0.0,
0.0,
0.0,
0.0,
0.0,
0.0,
0.0,
0.0,
0.0,
0.0,
0.0,
0.0,
0.0,
0.0,
0.0,
0.0,
0.0,
0.0,
0.0,
0.0,
0.0,
0.0,
0.0,
0.0,
0.0,
0.0,
0.0,
0.0,
0.0,
0.0,
0.0,
0.0,
0.0,
0.0,
0.0,
0.0,
0.0,
0.0,
0.0,
0.0,
0.0,
0.0,
0.0,
0.0,
0.0,
0.0,
0.0,
0.0,
0.0,
0.0,
0.0,
0.0,
0.0,
0.0,
0.0,
0.0,
0.0,
0.0,
0.0,
0.0,
0.0,
0.0,
0.0,
0.0,
0.0,
0.0,
0.0,
0.0,
0.0,
0.0,
0.0,
0.0,
0.0,
0.0,
0.0,
0.0,
0.0,
0.0,
0.0,
0.0,
0.0,
0.0,
0.0,
0.0,
0.0,
0.0,
0.0,
0.0,
0.0,
0.0,
0.0,
0.0,
0.0,
0.0,
0.0,
0.0,
0.0,
0.0,
0.0,
0.0,
0.0,
0.0,
0.0,
0.0,
0.0,
0.0,
0.0,
0.0,
0.0,
0.0,
0.0,
0.0,
0.0,
0.0,
0.0,
0.0,
0.0,
0.0,
0.0,
0.0,
0.0,
0.0,
0.0,
0.0,
0.0,
0.0,
0.0,
0.0,
0.0,
0.0,
0.0,
0.0,
0.0,
0.0,
0.0,
0.0,
0.0,
0.0,
0.0,
0.0,
0.0,
0.0,
0.0,
0.0,
0.0,
0.0,
0.0,
0.0,
0.0,
0.0,
0.0,
0.0,
0.0,
0.0,
0.0,
0.0,
0.0,
0.0,
0.0,
0.0,
0.0,
0.0,
0.0,
0.0,
0.0,
0.0,
0.0,
0.0,
0.0,
0.0,
0.0,
0.0,
0.0,
0.0,
0.0,
0.0,
0.0,
0.0,
0.0,
0.0,
0.0,
0.0,
0.0,
0.0,
0.0,
0.0,
0.0,
0.0,
0.0,
0.0,
0.0,
0.0,
0.0,
0.0,
0.0,
0.0,
0.0,
0.0,
0.0,
0.0,
0.0,
0.0,
0.0,
0.0,
0.0,
0.0,
0.0,
0.0,
0.0,
0.0,
0.0,
0.0,
0.0,
0.0,
0.0,
0.0,
0.0,
0.0,
0.0,
0.0,
0.0,
0.0,
0.0,
0.0,
0.0,
0.0,
0.0,
0.0,
0.0,
0.0,
0.0,
0.0,
0.0,
0.0,
0.0,
0.0,
0.0,
0.0,
0.0,
0.0,
0.0,
0.0,
0.0,
0.0,
0.0,
0.0,
0.0,
0.0,
0.0,
0.0,
0.0,
0.0,
0.0,
0.0,
0.0,
0.0,
0.0,
0.0,
0.0,
0.0,
0.0,
0.0,
0.0,
0.0,
0.0,
0.0,
0.0,
0.0,
0.0,
0.0,
0.0,
0.0,
0.0,
0.0,
0.0,
0.0,
0.0,
0.0,
0.0,
0.0,
0.0,
0.0,
0.0,
0.0,
0.0,
0.0,
0.0,
0.0,
0.0,
0.0,
0.0,
0.0,
0.0,
0.0,
0.0,
0.0,
0.0,
0.0,
0.0,
0.0,
0.0,
0.0,
0.0,
0.0,
0.0,
0.0,
0.0,
0.0,
0.0,
0.0,
0.0,
0.0,
0.0,
0.0,
0.0,
0.0,
0.0,
0.0,
0.0,
0.0,
0.0,
0.0,
0.0,
0.0,
0.0,
0.0,
0.0,
0.0,
0.0,
0.0,
0.0,
0.0,
0.0,
0.0,
0.0,
0.0,
0.0,
0.0,
0.0,
0.0,
0.0,
0.0,
0.0,
0.0,
0.0,
0.0,
0.0,
0.0,
0.0,
0.0,
0.0,
0.0,
0.0,
0.0,
0.0,
0.0,
0.0,
0.0,
0.0,
0.0,
0.0,
0.0,
0.0,
0.0,
0.0,
0.0,
0.0,
0.0,
0.0,
0.0,
0.0,
0.0,
0.0,
0.0,
0.0,
0.0,
0.0,
0.0,
0.0,
0.0,
0.0,
0.0,
0.0,
0.0,
0.0,
0.0,
0.0,
0.0,
0.0,
0.0,
0.0,
0.0,
0.0,
0.0,
0.0,
0.0,
0.0,
0.0,
0.0,
0.0,
0.0,
0.0,
0.0,
0.0,
0.0,
0.0,
0.0,
0.0,
0.0,
0.0,
0.0,
0.0,
0.0,
0.0,
0.0,
0.0,
0.0,
0.0,
0.0,
0.0,
0.0,
0.0,
0.0,
0.0,
0.0,
0.0,
0.0,
0.0,
0.0,
0.0,
0.0,
0.0,
0.0,
0.0,
0.0,
0.0,
0.0,
0.0,
0.0,
0.0,
0.0,
0.0,
0.0,
0.0,
0.0,
0.0,
0.0,
0.0,
0.0,
0.0,
0.0,
0.0,
0.0,
0.0,
0.0,
0.0,
0.0,
0.0,
0.0,
0.0,
0.0,
0.0,
0.0,
0.0,
0.0,
0.0,
0.0,
0.0,
0.0,
0.0,
0.0,
0.0,
0.0,
0.0,
0.0,
0.0,
0.0,
0.0,
0.0,
0.0,
0.0,
0.0,
0.0,
0.0,
0.0,
0.0,
0.0,
0.0,
0.0,
0.0,
0.0,
0.0,
0.0,
0.0,
0.0,
0.0,
0.0,
0.0,
0.0,
0.0,
0.0,
0.0,
0.0,
0.0,
0.0,
0.0,
0.0,
0.0,
0.0,
0.0,
0.0,
0.0,
0.0,
0.0,
0.0,
0.0,
0.0,
0.0,
0.0,
0.0,
0.0,
0.0,
0.0,
0.0,
0.0,
0.0,
0.0,
0.0,
0.0,
0.0,
0.0,
0.0,
0.0,
0.0,
0.0,
0.0,
0.0,
0.0,
0.0,
0.0,
0.0,
0.0,
0.0,
0.0,
0.0,
0.0,
0.0,
0.0,
0.0,
0.0,
0.0,
0.0,
0.0,
0.0,
0.0,
0.0,
0.0,
0.0,
0.0,
0.0,
0.0,
0.0,
0.0,
0.0,
0.0,
0.0,
0.0,
0.0,
0.0,
0.0,
0.0,
0.0,
0.0,
0.0,
0.0,
0.0,
0.0,
0.0,
0.0,
0.0,
0.0,
0.0,
0.0,
0.0,
0.0,
0.0,
0.0,
0.0,
0.0,
0.0,
0.0,
0.0,
0.0,
0.0,
0.0,
0.0,
0.0,
0.0,
0.0,
0.0,
0.0,
0.0,
0.0,
0.0,
0.0,
0.0,
0.0,
0.0,
0.0,
0.0,
0.0,
0.0,
0.0,
0.0,
0.0,
0.0,
0.0,
0.0,
0.0,
0.0,
0.0,
0.0,
0.0,
0.0,
0.0,
0.0,
0.0,
0.0,
0.0,
0.0,
0.0,
0.0,
0.0,
0.0,
0.0,
0.0,
0.0,
0.0,
0.0,
0.0,
0.0,
0.0,
0.0,
0.0,
0.0,
0.0,
0.0,
0.0,
0.0,
0.0,
0.0,
0.0,
0.0,
0.0,
0.0,
0.0,
0.0,
0.0,
0.0,
0.0,
0.0,
0.0,
0.0,
0.0,
0.0,
0.0,
0.0,
0.0,
0.0,
0.0,
0.0,
0.0,
0.0,
0.0,
0.0,
0.0,
0.0,
0.0,
0.0,
0.0,
0.0,
0.0,
0.0,
0.0,
0.0,
0.0,
0.0,
0.0,
0.0,
0.0,
0.0,
0.0,
0.0,
0.0,
0.0,
0.0,
0.0,
0.0,
0.0,
0.0,
0.0,
0.0,
0.0,
0.0,
0.0,
0.0,
0.0,
0.0,
0.0,
0.0,
0.0,
0.0,
0.0,
0.0,
0.0,
0.0,
0.0,
0.0,
0.0,
0.0,
0.0,
0.0,
0.0,
0.0,
0.0,
0.0,
0.0,
0.0,
0.0,
0.0,
0.0,
0.0,
0.0,
0.0,
0.0,
0.0,
0.0,
0.0,
0.0,
0.0,
0.0,
0.0,
0.0,
0.0,
0.0,
0.0,
0.0,
0.0,
0.0,
0.0,
0.0,
0.0,
0.0,
0.0,
0.0,
0.0,
0.0,
0.0,
0.0,
0.0,
0.0,
0.0,
0.0,
0.0,
0.0,
0.0,
0.0,
0.0,
0.0,
0.0,
0.0,
0.0,
0.0,
0.0,
0.0,
0.0,
0.0,
0.0,
0.0,
0.0,
0.0,
0.0,
0.0,
0.0,
0.0,
0.0,
0.0,
0.0,
0.0,
0.0,
0.0,
0.0,
0.0,
0.0,
0.0,
0.0,
0.0,
0.0,
0.0,
0.0,
0.0,
0.0,
0.0,
0.0,
0.0,
0.0,
0.0,
0.0,
0.0,
0.0,
0.0,
0.0,
0.0,
0.0,
0.0,
0.0,
0.0,
0.0,
0.0,
0.0,
0.0,
0.0,
0.0,
0.0,
0.0,
0.0,
0.0,
0.0,
0.0,
0.0,
0.0,
0.0,
0.0,
0.0,
0.0,
0.0,
0.0,
0.0,
0.0,
0.0,
0.0,
0.0,
0.0,
0.0,
0.0,
0.0,
0.0,
0.0,
0.0,
0.0,
0.0,
0.0,
0.0,
0.0,
0.0,
0.0,
0.0,
0.0,
0.0,
0.0,
0.0,
0.0,
0.0,
0.0,
0.0,
0.0,
0.0,
0.0,
0.0,
0.0,
0.0,
0.0,
0.0,
0.0,
0.0,
0.0,
0.0,
0.0,
0.0,
0.0,
0.0,
0.0,
0.0,
0.0,
0.0,
0.0,
0.0,
0.0,
0.0,
0.0,
0.0,
0.0,
0.0,
0.0,
0.0,
0.0,
0.0,
0.0,
0.0,
0.0,
0.0,
0.0,
0.0,
0.0,
0.0,
0.0,
0.0,
0.0,
0.0,
0.0,
0.0,
0.0,
0.0,
0.0,
0.0,
0.0,
0.0,
0.0,
0.0,
0.0,
0.0,
0.0,
0.0,
0.0,
0.0,
0.0,
0.0,
0.0,
0.0,
0.0,
0.0,
0.0,
0.0,
0.0,
0.0,
0.0,
0.0,
0.0,
0.0,
0.0,
0.0,
0.0,
0.0,
0.0,
0.0,
0.0,
0.0,
0.0,
0.0,
0.0,
0.0,
0.0,
0.0,
0.0,
0.0,
0.0,
0.0,
0.0,
0.0,
0.0,
0.0,
0.0,
0.0,
0.0,
0.0,
0.0,
0.0,
0.0,
0.0,
0.0,
0.0,
0.0,
0.0,
0.0,
0.0,
0.0,
0.0,
0.0,
0.0,
0.0,
0.0,
0.0,
0.0,
0.0,
0.0,
0.0,
0.0,
0.0,
0.0,
0.0,
0.0,
0.0,
0.0,
0.0,
0.0,
0.0,
0.0,
0.0,
0.0,
0.0,
0.0,
0.0,
0.0,
0.0,
0.0,
0.0,
0.0,
0.0,
0.0,
0.0,
0.0,
0.0,
0.0,
0.0,
0.0,
0.0,
0.0,
0.0,
0.0,
0.0,
0.0,
0.0,
0.0,
0.0,
0.0,
0.0,
0.0,
0.0,
0.0,
0.0,
0.0,
0.0,
0.0,
0.0,
0.0,
0.0,
0.0,
0.0,
0.0,
0.0,
0.0,
0.0,
0.0,
0.0,
0.0,
0.0,
0.0,
0.0,
0.0,
0.0,
0.0,
0.0,
0.0,
0.0,
0.0,
0.0,
0.0,
0.0,
0.0,
0.0,
0.0,
0.0,
0.0,
0.0,
0.0,
0.0,
0.0,
0.0,
0.0,
0.0,
0.0,
0.0,
0.0,
0.0,
0.0,
0.0,
0.0,
0.0,
0.0,
0.0,
0.0,
0.0,
0.0,
0.0,
0.0,
0.0,
0.0,
0.0,
0.0,
0.0,
0.0,
0.0,
0.0,
0.0,
0.0,
0.0,
0.0,
0.0,
0.0,
0.0,
0.0,
0.0,
0.0,
0.0,
0.0,
0.0,
0.0,
0.0,
0.0,
0.0,
0.0,
0.0,
0.0,
0.0,
0.0,
0.0,
0.0,
0.0,
0.0,
0.0,
0.0,
0.0,
0.0,
0.0,
0.0,
0.0,
0.0,
0.0,
0.0,
0.0,
0.0,
0.0,
0.0,
0.0,
0.0,
0.0,
0.0,
0.0,
0.0,
0.0,
0.0,
0.0,
0.0,
0.0,
0.0,
0.0,
0.0,
0.0,
0.0,
0.0,
0.0,
0.0,
0.0,
0.0,
0.0,
0.0,
0.0,
0.0,
0.0,
0.0,
0.0,
0.0,
0.0,
0.0,
0.0,
0.0,
0.0,
0.0,
0.0,
0.0,
0.0,
0.0,
0.0,
0.0,
0.0,
0.0,
0.0,
0.0,
0.0,
0.0,
0.0,
0.0,
0.0,
0.0,
0.0,
0.0,
0.0,
0.0,
0.0,
0.0,
0.0,
0.0,
0.0,
0.0,
0.0,
0.0,
0.0,
0.0,
0.0,
0.0,
0.0,
0.0,
0.0,
0.0,
0.0,
0.0,
0.0,
0.0,
0.0,
0.0,
0.0,
0.0,
0.0,
0.0,
0.0,
0.0,
0.0,
0.0,
0.0,
0.0,
0.0,
0.0,
0.0,
0.0,
0.0,
0.0,
0.0,
0.0,
0.0,
0.0,
0.0,
0.0,
0.0,
0.0,
0.0,
0.0,
0.0,
0.0,
0.0,
0.0,
0.0,
0.0,
0.0,
0.0,
0.0,
0.0,
0.0,
0.0,
0.0,
0.0,
0.0,
0.0,
0.0,
0.0,
0.0,
0.0,
0.0,
0.0,
0.0,
0.0,
0.0,
0.0,
0.0,
0.0,
0.0,
0.0,
0.0,
0.0,
0.0,
0.0,
0.0,
0.0,
0.0,
0.0,
0.0,
0.0,
0.0,
0.0,
0.0,
0.0,
0.0,
0.0,
0.0,
0.0,
0.0,
0.0,
0.0,
0.0,
0.0,
0.0,
0.0,
0.0,
0.0,
0.0,
0.0,
0.0,
0.0,
0.0,
0.0,
0.0,
0.0,
0.0,
0.0,
0.0,
0.0,
0.0,
0.0,
0.0,
0.0,
0.0,
0.0,
0.0,
0.0,
0.0,
0.0,
0.0,
0.0,
0.0,
0.0,
0.0,
0.0,
0.0,
0.0,
0.0,
0.0,
0.0,
0.0,
0.0,
0.0,
0.0,
0.0,
0.0,
0.0,
0.0,
0.0,
0.0,
0.0,
0.0,
0.0,
0.0,
0.0,
0.0,
0.0,
0.0,
0.0,
0.0,
0.0,
