1.0712370872497559,
1.0748165845870972,
1.0761781930923462,
1.0769182443618774,
1.0771992206573486,
1.0775176286697388,
1.077786922454834,
1.078102946281433,
1.0784618854522705,
1.0786763429641724,
1.0787464380264282,
1.0789499282836914,
1.0791594982147217,
1.0793218612670898,
1.079350233078003,
1.0795259475708008,
1.0796254873275757,
1.0797619819641113,
1.079992413520813,
1.0800584554672241,
1.0801664590835571,
1.0801507234573364,
1.0802536010742188,
1.0802595615386963,
1.0802562236785889,
1.0803930759429932,
1.080479621887207,
1.0805751085281372,
1.0805041790008545,
1.0805447101593018,
1.0805362462997437,
1.0805176496505737,
1.0806663036346436,
1.0806483030319214,
1.0806355476379395,
1.0807996988296509,
1.0808937549591064,
1.0810505151748657,
1.081174373626709,
1.0812029838562012,
1.0812127590179443,
1.0811820030212402,
1.0811806917190552,
1.0811529159545898,
1.0812878608703613,
1.0812674760818481,
1.0813183784484863,
1.0812534093856812,
1.0812419652938843,
1.0813300609588623,
1.0813913345336914,
1.0813384056091309,
1.0815421342849731,
1.0813969373703003,
1.08137047290802,
1.081433653831482,
1.0812883377075195,
1.081358551979065,
1.0814142227172852,
1.0814249515533447,
1.081443190574646,
1.0815012454986572,
1.0816110372543335,
1.081518530845642,
1.0815238952636719,
1.081557273864746,
1.0815459489822388,
1.081617832183838,
1.0815478563308716,
1.0816313028335571,
1.081517219543457,
1.08148992061615,
1.0816054344177246,
1.081634521484375,
1.08162522315979,
1.0816739797592163,
1.0815789699554443,
1.0814670324325562,
1.0815558433532715,
1.0815105438232422,
1.0814751386642456,
1.0814099311828613,
1.0814111232757568,
1.0814619064331055,
1.0815513134002686,
1.0816385746002197,
1.0814473628997803,
1.081444501876831,
1.0813912153244019,
1.081642746925354,
1.0814601182937622,
1.0815497636795044,
1.081426978111267,
1.0814228057861328,
1.0813018083572388,
1.081243634223938,
1.0812216997146606,
1.081215500831604,
1.081297516822815,
1.0812649726867676,
1.0813748836517334,
1.0800350904464722,
1.0812342166900635,
1.081135869026184,
1.0811141729354858,
1.0811370611190796,
1.0799721479415894,
1.0810624361038208,
1.081017255783081,
1.0811651945114136,
1.0811262130737305,
1.0799739360809326,
1.0811103582382202,
1.0809894800186157,
1.0807850360870361,
1.0809361934661865,
1.0796781778335571,
1.0808665752410889,
1.0808242559432983,
1.0807147026062012,
1.0807311534881592,
1.0795246362686157,
1.0807279348373413,
1.0806968212127686,
1.0807082653045654,
1.0805611610412598,
1.079426646232605,
1.0805411338806152,
1.0804742574691772,
1.0803238153457642,
1.080399513244629,
1.079063057899475,
1.0804344415664673,
1.080374836921692,
1.0802053213119507,
1.0802866220474243,
1.0801297426223755,
1.0801507234573364,
1.0800164937973022,
1.0800796747207642,
1.0800303220748901,
1.0799431800842285,
1.0799314975738525,
1.0798921585083008,
1.0799083709716797,
1.0797709226608276,
1.0798410177230835,
1.079790472984314,
1.079667568206787,
1.0796085596084595,
1.0796561241149902,
1.0795375108718872,
1.0794752836227417,
1.0794060230255127,
1.0792499780654907,
1.079343318939209,
1.0792655944824219,
1.0791772603988647,
1.0792210102081299,
1.079125165939331,
1.0790655612945557,
1.0790194272994995,
1.0789088010787964,
1.0788708925247192,
1.078861951828003,
1.0787184238433838,
1.078728199005127,
1.0786272287368774,
1.0785129070281982,
1.0784977674484253,
1.0784850120544434,
1.0784412622451782,
1.0783878564834595,
1.07822847366333,
1.0781599283218384,
1.0781364440917969,
1.0781691074371338,
1.0780277252197266,
1.0779447555541992,
1.0778354406356812,
1.0778030157089233,
1.0778313875198364,
1.0777344703674316,
1.077742099761963,
1.077615737915039,
1.0774778127670288,
1.0774749517440796,
1.0773969888687134,
1.0772937536239624,
1.0772426128387451,
1.0771523714065552,
1.0770630836486816,
1.0770114660263062,
1.0769689083099365,
1.076996922492981,
1.0768365859985352,
1.0767656564712524,
1.0766189098358154,
1.0765384435653687,
1.0764257907867432,
1.0763731002807617,
1.0762991905212402,
1.0761892795562744,
1.07626211643219,
1.0761792659759521,
1.0761176347732544,
1.0760767459869385,
1.0758808851242065,
1.0757510662078857,
1.0756914615631104,
1.0756540298461914,
1.075457215309143,
1.0753856897354126,
1.0752124786376953,
1.0751093626022339,
1.0749704837799072,
1.074885368347168,
1.0748696327209473,
1.07481050491333,
1.074684739112854,
1.0746512413024902,
1.0744845867156982,
1.0742648839950562,
1.0741968154907227,
1.0740690231323242,
1.0739103555679321,
1.07387113571167,
1.0738025903701782,
1.073621392250061,
1.0735901594161987,
1.0732167959213257,
1.0733301639556885,
1.073215365409851,
1.0730217695236206,
1.0729801654815674,
1.0715616941452026,
1.072749376296997,
1.0726649761199951,
1.0724709033966064,
1.0722033977508545,
1.070863962173462,
1.0720019340515137,
1.0719382762908936,
1.0718663930892944,
1.0717428922653198,
1.070241928100586,
1.070241928100586,
1.0682921409606934,
1.0696343183517456,
1.0699418783187866,
1.0700546503067017,
1.070076584815979,
1.070051908493042,
1.0699445009231567,
1.0699586868286133,
1.0697765350341797,
1.0696967840194702,
1.069678544998169,
1.0695589780807495,
1.0694159269332886,
1.0693385601043701,
1.0692002773284912,
1.0689611434936523,
1.0688284635543823,
1.0687190294265747,
1.0685254335403442,
1.068527340888977,
1.0684483051300049,
1.068315029144287,
1.0681970119476318,
1.0680725574493408,
1.0679703950881958,
1.0678123235702515,
1.067641258239746,
1.0674666166305542,
1.067233681678772,
1.0669705867767334,
1.0669057369232178,
1.0666882991790771,
1.0664949417114258,
1.0663580894470215,
1.0662075281143188,
1.0660309791564941,
1.0658514499664307,
1.065575122833252,
1.065436840057373,
1.0651928186416626,
1.0650646686553955,
1.0648022890090942,
1.0646061897277832,
1.0643877983093262,
1.0643106698989868,
1.0641878843307495,
1.0639046430587769,
1.0637835264205933,
1.0634905099868774,
1.0632703304290771,
1.0631517171859741,
1.062839388847351,
1.0626417398452759,
1.0623955726623535,
1.062135100364685,
1.0619689226150513,
1.0616658926010132,
1.0613996982574463,
1.061205267906189,
1.061066746711731,
1.0607973337173462,
1.0605870485305786,
1.0603117942810059,
1.0599743127822876,
1.0597182512283325,
1.059408187866211,
1.059129238128662,
1.0589290857315063,
1.0586879253387451,
1.058381199836731,
1.0582220554351807,
1.0579088926315308,
1.0576707124710083,
1.0574157238006592,
1.0567442178726196,
1.0567086935043335,
1.0564531087875366,
1.056101679801941,
1.0558497905731201,
1.0543251037597656,
1.055168867111206,
1.0548549890518188,
1.0545353889465332,
1.0542041063308716,
1.0527411699295044,
1.0535975694656372,
1.0531443357467651,
1.0527241230010986,
1.0523808002471924,
1.0508264303207397,
1.051642656326294,
1.051303744316101,
1.0509108304977417,
1.0506305694580078,
1.049049735069275,
1.049851655960083,
1.0495227575302124,
1.0491400957107544,
1.048581600189209,
1.0469688177108765,
1.047831654548645,
1.0472190380096436,
1.0467822551727295,
1.0463509559631348,
1.0458464622497559,
1.0453569889068604,
1.044947862625122,
1.0444185733795166,
1.0439109802246094,
1.0433926582336426,
1.0428262948989868,
1.0423022508621216,
1.0418033599853516,
1.0412774085998535,
1.0408809185028076,
1.0402169227600098,
1.0397529602050781,
1.0392330884933472,
1.0386489629745483,
1.038012981414795,
1.0375432968139648,
1.0368393659591675,
1.0362446308135986,
1.0356725454330444,
1.0351002216339111,
1.034382939338684,
1.0337789058685303,
1.0331172943115234,
1.032444715499878,
1.0317537784576416,
1.0311250686645508,
1.0304003953933716,
1.0296978950500488,
1.0289040803909302,
1.0282342433929443,
1.0273817777633667,
1.026623010635376,
1.0258482694625854,
1.0250993967056274,
1.0243406295776367,
1.0235326290130615,
1.0227140188217163,
1.021931767463684,
1.0210260152816772,
1.0201659202575684,
1.019220232963562,
1.0183006525039673,
1.0172938108444214,
1.0163601636886597,
1.0153286457061768,
1.014336109161377,
1.0132791996002197,
1.0121984481811523,
1.0109262466430664,
1.010161280632019,
1.0091514587402344,
1.007997989654541,
1.006748914718628,
1.0044386386871338,
1.0044240951538086,
1.0032216310501099,
1.0020848512649536,
1.0008151531219482,
0.998346209526062,
0.9982869625091553,
0.9969897866249084,
0.9956705570220947,
0.9944222569465637,
0.9929565787315369,
0.9915945529937744,
0.9902247786521912,
0.9888699650764465,
0.9873995184898376,
0.9859037399291992,
0.9844281077384949,
0.9829613566398621,
0.9813018441200256,
0.9797663688659668,
0.978038489818573,
0.97651207447052,
0.9746003746986389,
0.9732462167739868,
0.9719358682632446,
0.9698501229286194,
0.9683229327201843,
0.9669564366340637,
0.9649439454078674,
0.9633111357688904,
0.9618188142776489,
0.9600971341133118,
0.9583734273910522,
0.9569588899612427,
0.9551101326942444,
0.9531817436218262,
0.9513528347015381,
0.9492095708847046,
0.9476741552352905,
0.9456508755683899,
0.9439420700073242,
0.9418739676475525,
0.9401150941848755,
0.9381351470947266,
0.9365607500076294,
0.9343951940536499,
0.932539165019989,
0.930644690990448,
0.9288519024848938,
0.9267578125,
0.9247757196426392,
0.9226131439208984,
0.9209936261177063,
0.918996274471283,
0.9170869588851929,
0.9149852991104126,
0.9129922389984131,
0.9112468957901001,
0.9090077877044678,
0.9070987105369568,
0.90397047996521,
0.9032758474349976,
0.9009833931922913,
0.8991491198539734,
0.8971862196922302,
0.8946547508239746,
0.8930220007896423,
0.8910924196243286,
0.8889544606208801,
0.8869060277938843,
0.8849099278450012,
0.8829089999198914,
0.879821240901947,
0.8785381317138672,
0.8762996196746826,
0.8739587664604187,
0.871942937374115,
0.8698801398277283,
0.8677309155464172,
0.8655394911766052,
0.8634124398231506,
0.8598966598510742,
0.8589152097702026,
0.8564676642417908,
0.8544480204582214,
0.8517914414405823,
0.8497360348701477,
0.8473265171051025,
0.8443248271942139,
0.8430259823799133,
0.8406352400779724,
0.8380439877510071,
0.8358920812606812,
0.8336739540100098,
0.8313778638839722,
0.8290050029754639,
0.8266471028327942,
0.8266471028327942,
0.0,
0.0,
0.0,
0.0,
0.0,
0.0,
0.0,
0.0,
0.0,
0.0,
0.0,
0.0,
0.0,
0.0,
0.0,
0.0,
0.0,
0.0,
0.0,
0.0,
0.0,
0.0,
0.0,
0.0,
0.0,
0.0,
0.0,
0.0,
0.0,
0.0,
0.0,
0.0,
0.0,
0.0,
0.0,
0.0,
0.0,
0.0,
0.0,
0.0,
0.0,
0.0,
0.0,
0.0,
0.0,
0.0,
0.0,
0.0,
0.0,
0.0,
0.0,
0.0,
0.0,
0.0,
0.0,
0.0,
0.0,
0.0,
0.0,
0.0,
0.0,
0.0,
0.0,
0.0,
0.0,
0.0,
0.0,
0.0,
0.0,
0.0,
0.0,
0.0,
0.0,
0.0,
0.0,
0.0,
0.0,
0.0,
0.0,
0.0,
0.0,
0.0,
0.0,
0.0,
0.0,
0.0,
0.0,
0.0,
0.0,
0.0,
0.0,
0.0,
0.0,
0.0,
0.0,
0.0,
0.0,
0.0,
0.0,
0.0,
0.0,
0.0,
0.0,
0.0,
0.0,
0.0,
0.0,
0.0,
0.0,
0.0,
0.0,
0.0,
0.0,
0.0,
0.0,
0.0,
0.0,
0.0,
0.0,
0.0,
0.0,
0.0,
0.0,
0.0,
0.0,
0.0,
0.0,
0.0,
0.0,
0.0,
0.0,
0.0,
0.0,
0.0,
0.0,
0.0,
0.0,
0.0,
0.0,
0.0,
0.0,
0.0,
0.0,
0.0,
0.0,
0.0,
0.0,
0.0,
0.0,
0.0,
0.0,
0.0,
0.0,
0.0,
0.0,
0.0,
0.0,
0.0,
0.0,
0.0,
0.0,
0.0,
0.0,
0.0,
0.0,
0.0,
0.0,
0.0,
0.0,
0.0,
0.0,
0.0,
0.0,
0.0,
0.0,
0.0,
0.0,
0.0,
0.0,
0.0,
0.0,
0.0,
0.0,
0.0,
0.0,
0.0,
0.0,
0.0,
0.0,
0.0,
0.0,
0.0,
0.0,
0.0,
0.0,
0.0,
0.0,
0.0,
0.0,
0.0,
0.0,
0.0,
0.0,
0.0,
0.0,
0.0,
0.0,
0.0,
0.0,
0.0,
0.0,
0.0,
0.0,
0.0,
0.0,
0.0,
0.0,
0.0,
0.0,
0.0,
0.0,
0.0,
0.0,
0.0,
0.0,
0.0,
0.0,
0.0,
0.0,
0.0,
0.0,
0.0,
0.0,
0.0,
0.0,
0.0,
0.0,
0.0,
0.0,
0.0,
0.0,
0.0,
0.0,
0.0,
0.0,
0.0,
0.0,
0.0,
0.0,
0.0,
0.0,
0.0,
0.0,
0.0,
0.0,
0.0,
0.0,
0.0,
0.0,
0.0,
0.0,
0.0,
0.0,
0.0,
0.0,
0.0,
0.0,
0.0,
0.0,
0.0,
0.0,
0.0,
0.0,
0.0,
0.0,
0.0,
0.0,
0.0,
0.0,
0.0,
0.0,
0.0,
0.0,
0.0,
0.0,
0.0,
0.0,
0.0,
0.0,
0.0,
0.0,
0.0,
0.0,
0.0,
0.0,
0.0,
0.0,
0.0,
0.0,
0.0,
0.0,
0.0,
0.0,
0.0,
0.0,
0.0,
0.0,
0.0,
0.0,
0.0,
0.0,
0.0,
0.0,
0.0,
0.0,
0.0,
0.0,
0.0,
0.0,
0.0,
0.0,
0.0,
0.0,
0.0,
0.0,
0.0,
0.0,
0.0,
0.0,
0.0,
0.0,
0.0,
0.0,
0.0,
0.0,
0.0,
0.0,
0.0,
0.0,
0.0,
0.0,
0.0,
0.0,
0.0,
0.0,
0.0,
0.0,
0.0,
0.0,
0.0,
0.0,
0.0,
0.0,
0.0,
0.0,
0.0,
0.0,
0.0,
0.0,
0.0,
0.0,
0.0,
0.0,
0.0,
0.0,
0.0,
0.0,
0.0,
0.0,
0.0,
0.0,
0.0,
0.0,
0.0,
0.0,
0.0,
0.0,
0.0,
0.0,
0.0,
0.0,
0.0,
0.0,
0.0,
0.0,
0.0,
0.0,
0.0,
0.0,
0.0,
0.0,
0.0,
0.0,
0.0,
0.0,
0.0,
0.0,
0.0,
0.0,
0.0,
0.0,
0.0,
0.0,
0.0,
0.0,
0.0,
0.0,
0.0,
0.0,
0.0,
0.0,
0.0,
0.0,
0.0,
0.0,
0.0,
0.0,
0.0,
0.0,
0.0,
0.0,
0.0,
0.0,
0.0,
0.0,
0.0,
0.0,
0.0,
0.0,
0.0,
0.0,
0.0,
0.0,
0.0,
0.0,
0.0,
0.0,
0.0,
0.0,
0.0,
0.0,
0.0,
0.0,
0.0,
0.0,
0.0,
0.0,
0.0,
0.0,
0.0,
0.0,
0.0,
0.0,
0.0,
0.0,
0.0,
0.0,
0.0,
0.0,
0.0,
0.0,
0.0,
0.0,
0.0,
0.0,
0.0,
0.0,
0.0,
0.0,
0.0,
0.0,
0.0,
0.0,
0.0,
0.0,
0.0,
0.0,
0.0,
0.0,
0.0,
0.0,
0.0,
0.0,
0.0,
0.0,
0.0,
0.0,
0.0,
0.0,
0.0,
0.0,
0.0,
0.0,
0.0,
0.0,
0.0,
0.0,
0.0,
0.0,
0.0,
0.0,
0.0,
0.0,
0.0,
0.0,
0.0,
0.0,
0.0,
0.0,
0.0,
0.0,
0.0,
0.0,
0.0,
0.0,
0.0,
0.0,
0.0,
0.0,
0.0,
0.0,
0.0,
0.0,
0.0,
0.0,
0.0,
0.0,
0.0,
0.0,
0.0,
0.0,
0.0,
0.0,
0.0,
0.0,
0.0,
0.0,
0.0,
0.0,
0.0,
0.0,
0.0,
0.0,
0.0,
0.0,
0.0,
0.0,
0.0,
0.0,
0.0,
0.0,
0.0,
0.0,
0.0,
0.0,
0.0,
0.0,
0.0,
0.0,
0.0,
0.0,
0.0,
0.0,
0.0,
0.0,
0.0,
0.0,
0.0,
0.0,
0.0,
0.0,
0.0,
0.0,
0.0,
0.0,
0.0,
0.0,
0.0,
0.0,
0.0,
0.0,
0.0,
0.0,
0.0,
0.0,
0.0,
0.0,
0.0,
0.0,
0.0,
0.0,
0.0,
0.0,
0.0,
0.0,
0.0,
0.0,
0.0,
0.0,
0.0,
0.0,
0.0,
0.0,
0.0,
0.0,
0.0,
0.0,
0.0,
0.0,
0.0,
0.0,
0.0,
0.0,
0.0,
0.0,
0.0,
0.0,
0.0,
0.0,
0.0,
0.0,
0.0,
0.0,
0.0,
0.0,
0.0,
0.0,
0.0,
0.0,
0.0,
0.0,
0.0,
0.0,
0.0,
0.0,
0.0,
0.0,
0.0,
0.0,
0.0,
0.0,
0.0,
0.0,
0.0,
0.0,
0.0,
0.0,
0.0,
0.0,
0.0,
0.0,
0.0,
0.0,
0.0,
0.0,
0.0,
0.0,
0.0,
0.0,
0.0,
0.0,
0.0,
0.0,
0.0,
0.0,
0.0,
0.0,
0.0,
0.0,
0.0,
0.0,
0.0,
0.0,
0.0,
0.0,
0.0,
0.0,
0.0,
0.0,
0.0,
0.0,
0.0,
0.0,
0.0,
0.0,
0.0,
0.0,
0.0,
0.0,
0.0,
0.0,
0.0,
0.0,
0.0,
0.0,
0.0,
0.0,
0.0,
0.0,
0.0,
0.0,
0.0,
0.0,
0.0,
0.0,
0.0,
0.0,
0.0,
0.0,
0.0,
0.0,
0.0,
0.0,
0.0,
0.0,
0.0,
0.0,
0.0,
0.0,
0.0,
0.0,
0.0,
0.0,
0.0,
0.0,
0.0,
0.0,
0.0,
0.0,
0.0,
0.0,
0.0,
0.0,
0.0,
0.0,
0.0,
0.0,
0.0,
0.0,
0.0,
0.0,
0.0,
0.0,
0.0,
0.0,
0.0,
0.0,
0.0,
0.0,
0.0,
0.0,
0.0,
0.0,
0.0,
0.0,
0.0,
0.0,
0.0,
0.0,
0.0,
0.0,
0.0,
0.0,
0.0,
0.0,
0.0,
0.0,
0.0,
0.0,
0.0,
0.0,
0.0,
0.0,
0.0,
0.0,
0.0,
0.0,
0.0,
0.0,
0.0,
0.0,
0.0,
0.0,
0.0,
0.0,
0.0,
0.0,
0.0,
0.0,
0.0,
0.0,
0.0,
0.0,
0.0,
0.0,
0.0,
0.0,
0.0,
0.0,
0.0,
0.0,
0.0,
0.0,
0.0,
0.0,
0.0,
0.0,
0.0,
0.0,
0.0,
0.0,
0.0,
0.0,
0.0,
0.0,
0.0,
0.0,
0.0,
0.0,
0.0,
0.0,
0.0,
0.0,
0.0,
0.0,
0.0,
0.0,
0.0,
0.0,
0.0,
0.0,
0.0,
0.0,
0.0,
0.0,
0.0,
0.0,
0.0,
0.0,
0.0,
0.0,
0.0,
0.0,
0.0,
0.0,
0.0,
0.0,
0.0,
0.0,
0.0,
0.0,
0.0,
0.0,
0.0,
0.0,
0.0,
0.0,
0.0,
0.0,
0.0,
0.0,
0.0,
0.0,
0.0,
0.0,
0.0,
0.0,
0.0,
0.0,
0.0,
0.0,
0.0,
0.0,
0.0,
0.0,
0.0,
0.0,
0.0,
0.0,
0.0,
0.0,
0.0,
0.0,
0.0,
0.0,
0.0,
0.0,
0.0,
0.0,
0.0,
0.0,
0.0,
0.0,
0.0,
0.0,
0.0,
0.0,
0.0,
0.0,
0.0,
0.0,
0.0,
0.0,
0.0,
0.0,
0.0,
0.0,
0.0,
0.0,
0.0,
0.0,
0.0,
0.0,
0.0,
0.0,
0.0,
0.0,
0.0,
0.0,
0.0,
0.0,
0.0,
0.0,
0.0,
0.0,
0.0,
0.0,
0.0,
0.0,
0.0,
0.0,
0.0,
0.0,
0.0,
0.0,
0.0,
0.0,
0.0,
0.0,
0.0,
0.0,
0.0,
0.0,
0.0,
0.0,
0.0,
0.0,
0.0,
0.0,
0.0,
0.0,
0.0,
0.0,
0.0,
0.0,
0.0,
0.0,
0.0,
0.0,
0.0,
0.0,
0.0,
0.0,
0.0,
0.0,
0.0,
0.0,
0.0,
0.0,
0.0,
0.0,
0.0,
0.0,
0.0,
0.0,
0.0,
0.0,
0.0,
0.0,
0.0,
0.0,
0.0,
0.0,
0.0,
0.0,
0.0,
0.0,
0.0,
0.0,
0.0,
0.0,
0.0,
0.0,
0.0,
0.0,
0.0,
0.0,
0.0,
0.0,
0.0,
0.0,
0.0,
0.0,
0.0,
0.0,
0.0,
0.0,
0.0,
0.0,
0.0,
0.0,
0.0,
0.0,
0.0,
0.0,
0.0,
0.0,
0.0,
0.0,
0.0,
0.0,
0.0,
0.0,
0.0,
0.0,
0.0,
0.0,
0.0,
0.0,
0.0,
0.0,
0.0,
0.0,
0.0,
0.0,
0.0,
0.0,
0.0,
0.0,
0.0,
0.0,
0.0,
0.0,
0.0,
0.0,
0.0,
0.0,
0.0,
0.0,
0.0,
0.0,
0.0,
0.0,
0.0,
0.0,
0.0,
0.0,
0.0,
0.0,
0.0,
0.0,
0.0,
0.0,
0.0,
0.0,
0.0,
0.0,
0.0,
0.0,
0.0,
0.0,
0.0,
0.0,
0.0,
0.0,
0.0,
0.0,
0.0,
0.0,
0.0,
0.0,
0.0,
0.0,
0.0,
0.0,
0.0,
0.0,
0.0,
0.0,
0.0,
0.0,
0.0,
0.0,
0.0,
0.0,
0.0,
0.0,
0.0,
0.0,
0.0,
0.0,
0.0,
0.0,
0.0,
0.0,
0.0,
0.0,
0.0,
0.0,
0.0,
0.0,
0.0,
0.0,
0.0,
0.0,
0.0,
0.0,
0.0,
0.0,
0.0,
0.0,
0.0,
0.0,
0.0,
0.0,
0.0,
0.0,
0.0,
0.0,
0.0,
0.0,
0.0,
0.0,
0.0,
0.0,
0.0,
0.0,
0.0,
0.0,
0.0,
0.0,
0.0,
0.0,
0.0,
0.0,
0.0,
0.0,
0.0,
0.0,
0.0,
0.0,
0.0,
0.0,
0.0,
0.0,
0.0,
0.0,
0.0,
0.0,
0.0,
0.0,
0.0,
0.0,
0.0,
0.0,
0.0,
0.0,
0.0,
0.0,
0.0,
0.0,
0.0,
0.0,
0.0,
0.0,
0.0,
0.0,
0.0,
0.0,
0.0,
0.0,
0.0,
0.0,
0.0,
0.0,
0.0,
0.0,
0.0,
0.0,
0.0,
0.0,
0.0,
0.0,
0.0,
0.0,
0.0,
0.0,
0.0,
0.0,
0.0,
0.0,
0.0,
0.0,
0.0,
0.0,
0.0,
0.0,
0.0,
0.0,
0.0,
0.0,
0.0,
0.0,
0.0,
0.0,
0.0,
0.0,
0.0,
0.0,
0.0,
0.0,
0.0,
0.0,
0.0,
0.0,
0.0,
0.0,
0.0,
0.0,
0.0,
0.0,
0.0,
0.0,
0.0,
0.0,
0.0,
0.0,
0.0,
0.0,
0.0,
0.0,
0.0,
0.0,
0.0,
0.0,
0.0,
0.0,
0.0,
0.0,
0.0,
0.0,
0.0,
0.0,
0.0,
0.0,
0.0,
0.0,
0.0,
0.0,
0.0,
0.0,
0.0,
0.0,
0.0,
0.0,
0.0,
0.0,
0.0,
0.0,
0.0,
0.0,
0.0,
0.0,
0.0,
0.0,
0.0,
0.0,
0.0,
0.0,
0.0,
0.0,
0.0,
0.0,
0.0,
0.0,
0.0,
0.0,
0.0,
0.0,
0.0,
0.0,
0.0,
0.0,
0.0,
0.0,
0.0,
0.0,
0.0,
0.0,
0.0,
0.0,
0.0,
0.0,
0.0,
0.0,
0.0,
0.0,
0.0,
0.0,
0.0,
0.0,
0.0,
0.0,
0.0,
0.0,
0.0,
0.0,
0.0,
0.0,
0.0,
0.0,
0.0,
0.0,
0.0,
0.0,
0.0,
0.0,
0.0,
0.0,
0.0,
0.0,
0.0,
0.0,
0.0,
0.0,
0.0,
0.0,
0.0,
0.0,
0.0,
0.0,
0.0,
0.0,
0.0,
0.0,
0.0,
0.0,
0.0,
0.0,
0.0,
0.0,
0.0,
0.0,
0.0,
0.0,
0.0,
0.0,
0.0,
0.0,
0.0,
0.0,
0.0,
0.0,
0.0,
0.0,
0.0,
0.0,
0.0,
0.0,
0.0,
0.0,
0.0,
0.0,
0.0,
0.0,
0.0,
0.0,
0.0,
0.0,
0.0,
0.0,
0.0,
0.0,
0.0,
0.0,
0.0,
0.0,
0.0,
0.0,
0.0,
0.0,
0.0,
0.0,
0.0,
0.0,
0.0,
0.0,
0.0,
0.0,
0.0,
0.0,
0.0,
0.0,
0.0,
0.0,
0.0,
0.0,
0.0,
0.0,
0.0,
0.0,
0.0,
0.0,
0.0,
0.0,
0.0,
0.0,
0.0,
0.0,
0.0,
0.0,
0.0,
0.0,
0.0,
0.0,
0.0,
0.0,
0.0,
0.0,
0.0,
0.0,
0.0,
0.0,
0.0,
0.0,
0.0,
0.0,
0.0,
0.0,
0.0,
0.0,
0.0,
0.0,
0.0,
0.0,
0.0,
0.0,
0.0,
0.0,
0.0,
0.0,
0.0,
0.0,
0.0,
0.0,
0.0,
0.0,
0.0,
0.0,
0.0,
0.0,
0.0,
0.0,
0.0,
0.0,
0.0,
0.0,
0.0,
0.0,
0.0,
0.0,
0.0,
0.0,
0.0,
0.0,
0.0,
0.0,
0.0,
0.0,
0.0,
0.0,
0.0,
0.0,
0.0,
0.0,
0.0,
0.0,
0.0,
0.0,
0.0,
0.0,
0.0,
0.0,
0.0,
0.0,
0.0,
0.0,
0.0,
0.0,
0.0,
0.0,
0.0,
0.0,
0.0,
0.0,
0.0,
0.0,
0.0,
0.0,
0.0,
0.0,
0.0,
0.0,
0.0,
0.0,
0.0,
0.0,
0.0,
0.0,
0.0,
0.0,
0.0,
0.0,
0.0,
0.0,
0.0,
0.0,
0.0,
0.0,
0.0,
0.0,
0.0,
0.0,
0.0,
0.0,
0.0,
0.0,
0.0,
0.0,
0.0,
0.0,
0.0,
0.0,
0.0,
0.0,
0.0,
0.0,
0.0,
0.0,
0.0,
0.0,
0.0,
0.0,
0.0,
0.0,
0.0,
0.0,
0.0,
0.0,
0.0,
0.0,
0.0,
0.0,
0.0,
0.0,
0.0,
0.0,
0.0,
0.0,
0.0,
0.0,
0.0,
0.0,
0.0,
0.0,
0.0,
0.0,
0.0,
0.0,
0.0,
0.0,
0.0,
0.0,
0.0,
0.0,
0.0,
0.0,
0.0,
0.0,
0.0,
0.0,
0.0,
0.0,
0.0,
0.0,
0.0,
0.0,
0.0,
0.0,
0.0,
0.0,
0.0,
0.0,
0.0,
0.0,
0.0,
0.0,
0.0,
0.0,
0.0,
0.0,
0.0,
0.0,
0.0,
0.0,
0.0,
0.0,
0.0,
0.0,
0.0,
0.0,
0.0,
0.0,
0.0,
0.0,
0.0,
0.0,
0.0,
0.0,
0.0,
0.0,
0.0,
0.0,
0.0,
0.0,
0.0,
0.0,
0.0,
0.0,
0.0,
0.0,
0.0,
0.0,
0.0,
0.0,
0.0,
0.0,
0.0,
0.0,
0.0,
0.0,
0.0,
0.0,
0.0,
0.0,
0.0,
0.0,
0.0,
0.0,
0.0,
0.0,
0.0,
0.0,
0.0,
0.0,
0.0,
0.0,
0.0,
0.0,
0.0,
0.0,
0.0,
0.0,
0.0,
0.0,
0.0,
0.0,
0.0,
0.0,
0.0,
0.0,
0.0,
0.0,
0.0,
0.0,
0.0,
0.0,
0.0,
0.0,
0.0,
0.0,
0.0,
0.0,
0.0,
0.0,
0.0,
0.0,
0.0,
0.0,
0.0,
0.0,
0.0,
0.0,
0.0,
0.0,
0.0,
0.0,
0.0,
0.0,
0.0,
0.0,
0.0,
0.0,
0.0,
0.0,
0.0,
0.0,
0.0,
0.0,
0.0,
0.0,
0.0,
0.0,
0.0,
0.0,
0.0,
0.0,
0.0,
0.0,
0.0,
0.0,
0.0,
0.0,
0.0,
0.0,
0.0,
0.0,
0.0,
0.0,
0.0,
0.0,
0.0,
0.0,
0.0,
0.0,
0.0,
0.0,
0.0,
0.0,
0.0,
0.0,
0.0,
0.0,
0.0,
0.0,
0.0,
0.0,
0.0,
0.0,
0.0,
0.0,
0.0,
0.0,
0.0,
0.0,
0.0,
0.0,
0.0,
0.0,
0.0,
0.0,
0.0,
0.0,
0.0,
0.0,
0.0,
0.0,
0.0,
0.0,
0.0,
0.0,
0.0,
0.0,
0.0,
0.0,
0.0,
0.0,
0.0,
0.0,
0.0,
0.0,
0.0,
0.0,
0.0,
0.0,
0.0,
0.0,
0.0,
0.0,
0.0,
0.0,
