1.0735563039779663,
1.076551914215088,
1.0788744688034058,
1.0798836946487427,
1.0799355506896973,
1.080709457397461,
1.0812774896621704,
1.0805011987686157,
1.0812675952911377,
1.0816237926483154,
1.0811578035354614,
1.0818485021591187,
1.082271695137024,
1.08185613155365,
1.0820976495742798,
1.0823081731796265,
1.082293152809143,
1.0827525854110718,
1.0820101499557495,
1.0825531482696533,
1.0829241275787354,
1.0821994543075562,
1.0824118852615356,
1.0826507806777954,
1.081847071647644,
1.082637906074524,
1.0828160047531128,
1.0821142196655273,
1.0827898979187012,
1.0827921628952026,
1.0821223258972168,
1.082763433456421,
1.082754373550415,
1.0823488235473633,
1.0827476978302002,
1.0824713706970215,
1.0826852321624756,
1.0831202268600464,
1.082645058631897,
1.0828787088394165,
1.0829756259918213,
1.0821691751480103,
1.0827792882919312,
1.0830966234207153,
1.0820329189300537,
1.0826669931411743,
1.0827611684799194,
1.0817101001739502,
1.0825955867767334,
1.0826642513275146,
1.082043170928955,
1.0825893878936768,
1.082645297050476,
1.082057237625122,
1.0823947191238403,
1.0821443796157837,
1.081963062286377,
1.0823158025741577,
1.0814719200134277,
1.0820510387420654,
1.0823465585708618,
1.0814542770385742,
1.077046275138855,
1.0820735692977905,
1.0752347707748413,
1.0747216939926147,
1.0760265588760376,
1.0799508094787598,
1.0794912576675415,
1.080875277519226,
1.0776864290237427,
1.0817420482635498,
1.0817763805389404,
1.0812113285064697,
1.08183753490448,
1.0814858675003052,
1.0813193321228027,
1.0803672075271606,
1.080955982208252,
1.0800931453704834,
1.0813294649124146,
1.0804048776626587,
1.0795917510986328,
1.0808846950531006,
1.080358624458313,
1.080862045288086,
1.0811086893081665,
1.0801355838775635,
1.080796718597412,
1.0805691480636597,
1.0799932479858398,
1.0803518295288086,
1.080117106437683,
1.080026626586914,
1.0802887678146362,
1.0795888900756836,
1.0798192024230957,
1.0801162719726562,
1.0794615745544434,
1.0798434019088745,
1.0795636177062988,
1.0787311792373657,
1.0793858766555786,
1.0796797275543213,
1.0785160064697266,
1.079142689704895,
1.0791075229644775,
1.0783270597457886,
1.0789530277252197,
1.0788582563400269,
1.0784471035003662,
1.0788557529449463,
1.0789614915847778,
1.0783742666244507,
1.078656792640686,
1.0779684782028198,
1.0779259204864502,
1.078080654144287,
1.0761942863464355,
1.077754259109497,
1.0777230262756348,
1.0771121978759766,
1.0776535272598267,
1.0775952339172363,
1.076714038848877,
1.0770663022994995,
1.0767627954483032,
1.076439619064331,
1.076951265335083,
1.0769838094711304,
1.0764405727386475,
1.076390027999878,
1.0761821269989014,
1.0763723850250244,
1.0763423442840576,
1.0757219791412354,
1.0758110284805298,
1.0759344100952148,
1.075207233428955,
1.0755884647369385,
1.0745227336883545,
1.0733662843704224,
1.0749784708023071,
1.0751956701278687,
1.071548581123352,
1.07346773147583,
1.0747575759887695,
1.0727119445800781,
1.0743504762649536,
1.0742161273956299,
1.0738567113876343,
1.073786973953247,
1.0734835863113403,
1.073462963104248,
1.0734869241714478,
1.0727542638778687,
1.0728386640548706,
1.0731443166732788,
1.0728620290756226,
1.0730177164077759,
1.0732951164245605,
1.072052001953125,
1.0713505744934082,
1.0725618600845337,
1.0703691244125366,
1.0721189975738525,
1.0721577405929565,
1.0712807178497314,
1.071693778038025,
1.0716540813446045,
1.071342945098877,
1.0716520547866821,
1.0711594820022583,
1.0710453987121582,
1.0709459781646729,
1.0668134689331055,
1.0705194473266602,
1.0694215297698975,
1.0645074844360352,
1.0673943758010864,
1.069836139678955,
1.0680711269378662,
1.0666520595550537,
1.0659847259521484,
1.0677359104156494,
1.0690522193908691,
1.0688104629516602,
1.0681278705596924,
1.0677049160003662,
1.068538784980774,
1.0684245824813843,
1.0682587623596191,
1.0681105852127075,
1.0678067207336426,
1.06789231300354,
1.0660936832427979,
1.066232442855835,
1.0673329830169678,
1.0655711889266968,
1.0669142007827759,
1.065605640411377,
1.0657575130462646,
1.0659775733947754,
1.0662544965744019,
1.0655865669250488,
1.065946102142334,
1.065953016281128,
1.0651829242706299,
1.0655792951583862,
1.0654358863830566,
1.063420295715332,
1.0649346113204956,
1.0650063753128052,
1.0643904209136963,
1.0645371675491333,
1.0639761686325073,
1.063882827758789,
1.0636699199676514,
1.063099980354309,
1.0631910562515259,
1.0634441375732422,
1.0627442598342896,
1.0629328489303589,
1.062756061553955,
1.0618410110473633,
1.0621758699417114,
1.0621956586837769,
1.0613422393798828,
1.061859369277954,
1.0600383281707764,
1.0596542358398438,
1.0613386631011963,
1.0611493587493896,
1.0602424144744873,
1.0604209899902344,
1.0602556467056274,
1.060034990310669,
1.0600301027297974,
1.0593371391296387,
1.0591037273406982,
1.0578842163085938,
1.0568711757659912,
1.058529019355774,
1.057228446006775,
1.0563833713531494,
1.0580735206604004,
1.0579754114151,
1.0544500350952148,
1.0533145666122437,
1.0557734966278076,
1.056115746498108,
1.0566802024841309,
1.0569053888320923,
1.0562676191329956,
1.0561823844909668,
1.0557775497436523,
1.055880069732666,
1.0554118156433105,
1.0560946464538574,
1.055341362953186,
1.0557897090911865,
1.055610179901123,
1.0535447597503662,
1.0551570653915405,
1.054914951324463,
1.0494486093521118,
1.0542901754379272,
1.0538179874420166,
1.0539917945861816,
1.0538675785064697,
1.0528364181518555,
1.053336501121521,
1.0533965826034546,
1.0526528358459473,
1.0528615713119507,
1.052869200706482,
1.051802158355713,
1.0521364212036133,
1.051708459854126,
1.0510820150375366,
1.0502268075942993,
1.0488388538360596,
1.0494515895843506,
1.0506285429000854,
1.0499656200408936,
1.0487873554229736,
1.0485683679580688,
1.0491089820861816,
1.0491046905517578,
1.0491427183151245,
1.0483070611953735,
1.0444625616073608,
1.0483133792877197,
1.0474884510040283,
1.0480659008026123,
1.0477862358093262,
1.0468946695327759,
1.0468999147415161,
1.0464593172073364,
1.04611074924469,
1.0460537672042847,
1.045857310295105,
1.0456193685531616,
1.0453665256500244,
1.044738531112671,
1.0443724393844604,
1.0441606044769287,
1.0437378883361816,
1.0437252521514893,
1.042450189590454,
1.0424162149429321,
1.0379844903945923,
1.0425692796707153,
1.0418919324874878,
1.0419565439224243,
1.0415250062942505,
1.04102623462677,
1.0411490201950073,
1.0356767177581787,
1.0403478145599365,
1.0401910543441772,
1.0383301973342896,
1.039389967918396,
1.039063572883606,
1.0382778644561768,
1.0367999076843262,
1.0378897190093994,
1.0273656845092773,
1.0373218059539795,
1.0308469533920288,
1.034081220626831,
1.03659188747406,
1.0352566242218018,
1.035068392753601,
1.0353788137435913,
1.0344926118850708,
1.0343061685562134,
1.0242093801498413,
1.0174062252044678,
1.0209465026855469,
1.0305637121200562,
1.0285749435424805,
1.029883861541748,
1.031939148902893,
1.0303958654403687,
1.0301581621170044,
1.029700517654419,
1.0294862985610962,
1.0296375751495361,
1.0263019800186157,
1.0269813537597656,
1.0283929109573364,
1.027569055557251,
1.0269767045974731,
1.0269335508346558,
1.0262017250061035,
1.0245269536972046,
1.0256644487380981,
1.0122429132461548,
1.0225521326065063,
1.0240659713745117,
1.0229268074035645,
1.0226085186004639,
1.0223944187164307,
1.0219074487686157,
1.0209410190582275,
1.0204719305038452,
1.0195971727371216,
1.0199179649353027,
1.0191175937652588,
1.0189520120620728,
1.018474817276001,
1.0161898136138916,
1.0170092582702637,
1.0164786577224731,
1.0156571865081787,
1.015601396560669,
1.0146857500076294,
1.0136120319366455,
1.0134154558181763,
1.013260841369629,
1.0114741325378418,
1.0106953382492065,
1.0114428997039795,
1.0091536045074463,
1.0097874402999878,
1.0092493295669556,
1.0087687969207764,
1.0069575309753418,
1.0075312852859497,
1.0065799951553345,
1.005881667137146,
1.0061461925506592,
1.0040771961212158,
1.0046275854110718,
1.0039544105529785,
1.0031059980392456,
1.002652645111084,
1.0016928911209106,
1.0010735988616943,
1.0005781650543213,
0.9994674921035767,
0.9987086057662964,
0.998157262802124,
0.9966253638267517,
0.9964372515678406,
0.9950047731399536,
0.9941057562828064,
0.9939451813697815,
0.9935799241065979,
0.9901255369186401,
0.9896515011787415,
0.9915811419487,
0.9899767637252808,
0.9896330237388611,
0.9876146912574768,
0.985063374042511,
0.9870002269744873,
0.9866315126419067,
0.9850605726242065,
0.9848139882087708,
0.983902096748352,
0.9827278852462769,
0.9820777773857117,
0.9810326099395752,
0.9800301194190979,
0.9793825149536133,
0.9784888029098511,
0.9766189455986023,
0.9765612483024597,
0.9742134809494019,
0.9742777347564697,
0.9711989760398865,
0.9725584983825684,
0.9713283181190491,
0.9704510569572449,
0.969209611415863,
0.9681030511856079,
0.9671663641929626,
0.9652608633041382,
0.9647567868232727,
0.9623051881790161,
0.9614454507827759,
0.9615703225135803,
0.9605298042297363,
0.9592917561531067,
0.9580555558204651,
0.9571289420127869,
0.9553040266036987,
0.9544447064399719,
0.9532294869422913,
0.9514796137809753,
0.9500956535339355,
0.9489873051643372,
0.9472883343696594,
0.94557124376297,
0.9451332092285156,
0.9434855580329895,
0.9422163963317871,
0.9405731558799744,
0.9390571117401123,
0.9373767971992493,
0.9350267648696899,
0.9347244501113892,
0.9336223602294922,
0.9311222434043884,
0.9302760362625122,
0.9290996789932251,
0.9277363419532776,
0.9259392619132996,
0.9245522022247314,
0.923209547996521,
0.9216049909591675,
0.919696569442749,
0.9175760746002197,
0.9171960949897766,
0.9154608249664307,
0.9140902161598206,
0.9113240838050842,
0.9094318747520447,
0.9092832207679749,
0.9076189994812012,
0.9058387279510498,
0.903687596321106,
0.9030625820159912,
0.900693953037262,
0.8994244933128357,
0.8977527618408203,
0.8958736062049866,
0.8943100571632385,
0.8930922150611877,
0.8918206691741943,
0.8894961476325989,
0.8888841867446899,
0.8872401118278503,
0.885036826133728,
0.883528470993042,
0.8824496269226074,
0.8764498233795166,
0.8793525099754333,
0.877569317817688,
0.8755902051925659,
0.8739558458328247,
0.8721839785575867,
0.8704791069030762,
0.8679857850074768,
0.8669819831848145,
0.8651731610298157,
0.8637778162956238,
0.8621148467063904,
0.8599534630775452,
0.8578214049339294,
0.8563475608825684,
0.8542491793632507,
0.8529303669929504,
0.851182222366333,
0.8490315079689026,
0.8426922559738159,
0.8458135724067688,
0.8441515564918518,
0.8375617265701294,
0.8406900763511658,
0.839044988155365,
0.8367307186126709,
0.8304091095924377,
0.83364337682724,
0.8301359415054321,
0.8297007083892822,
0.8280675411224365,
0.8261294364929199,
0.8261294364929199,
0.8261294364929199,
0.0,
0.0,
0.0,
0.0,
0.0,
0.0,
0.0,
0.0,
0.0,
0.0,
0.0,
0.0,
0.0,
0.0,
0.0,
0.0,
0.0,
0.0,
0.0,
0.0,
0.0,
0.0,
0.0,
0.0,
0.0,
0.0,
0.0,
0.0,
0.0,
0.0,
0.0,
0.0,
0.0,
0.0,
0.0,
0.0,
0.0,
0.0,
0.0,
0.0,
0.0,
0.0,
0.0,
0.0,
0.0,
0.0,
0.0,
0.0,
0.0,
0.0,
0.0,
0.0,
0.0,
0.0,
0.0,
0.0,
0.0,
0.0,
0.0,
0.0,
0.0,
0.0,
0.0,
0.0,
0.0,
0.0,
0.0,
0.0,
0.0,
0.0,
0.0,
0.0,
0.0,
0.0,
0.0,
0.0,
0.0,
0.0,
0.0,
0.0,
0.0,
0.0,
0.0,
0.0,
0.0,
0.0,
0.0,
0.0,
0.0,
0.0,
0.0,
0.0,
0.0,
0.0,
0.0,
0.0,
0.0,
0.0,
0.0,
0.0,
0.0,
0.0,
0.0,
0.0,
0.0,
0.0,
0.0,
0.0,
0.0,
0.0,
0.0,
0.0,
0.0,
0.0,
0.0,
0.0,
0.0,
0.0,
0.0,
0.0,
0.0,
0.0,
0.0,
0.0,
0.0,
0.0,
0.0,
0.0,
0.0,
0.0,
0.0,
0.0,
0.0,
0.0,
0.0,
0.0,
0.0,
0.0,
0.0,
0.0,
0.0,
0.0,
0.0,
0.0,
0.0,
0.0,
0.0,
0.0,
0.0,
0.0,
0.0,
0.0,
0.0,
0.0,
0.0,
0.0,
0.0,
0.0,
0.0,
0.0,
0.0,
0.0,
0.0,
0.0,
0.0,
0.0,
0.0,
0.0,
0.0,
0.0,
0.0,
0.0,
0.0,
0.0,
0.0,
0.0,
0.0,
0.0,
0.0,
0.0,
0.0,
0.0,
0.0,
0.0,
0.0,
0.0,
0.0,
0.0,
0.0,
0.0,
0.0,
0.0,
0.0,
0.0,
0.0,
0.0,
0.0,
0.0,
0.0,
0.0,
0.0,
0.0,
0.0,
0.0,
0.0,
0.0,
0.0,
0.0,
0.0,
0.0,
0.0,
0.0,
0.0,
0.0,
0.0,
0.0,
0.0,
0.0,
0.0,
0.0,
0.0,
0.0,
0.0,
0.0,
0.0,
0.0,
0.0,
0.0,
0.0,
0.0,
0.0,
0.0,
0.0,
0.0,
0.0,
0.0,
0.0,
0.0,
0.0,
0.0,
0.0,
0.0,
0.0,
0.0,
0.0,
0.0,
0.0,
0.0,
0.0,
0.0,
0.0,
0.0,
0.0,
0.0,
0.0,
0.0,
0.0,
0.0,
0.0,
0.0,
0.0,
0.0,
0.0,
0.0,
0.0,
0.0,
0.0,
0.0,
0.0,
0.0,
0.0,
0.0,
0.0,
0.0,
0.0,
0.0,
0.0,
0.0,
0.0,
0.0,
0.0,
0.0,
0.0,
0.0,
0.0,
0.0,
0.0,
0.0,
0.0,
0.0,
0.0,
0.0,
0.0,
0.0,
0.0,
0.0,
0.0,
0.0,
0.0,
0.0,
0.0,
0.0,
0.0,
0.0,
0.0,
0.0,
0.0,
0.0,
0.0,
0.0,
0.0,
0.0,
0.0,
0.0,
0.0,
0.0,
0.0,
0.0,
0.0,
0.0,
0.0,
0.0,
0.0,
0.0,
0.0,
0.0,
0.0,
0.0,
0.0,
0.0,
0.0,
0.0,
0.0,
0.0,
0.0,
0.0,
0.0,
0.0,
0.0,
0.0,
0.0,
0.0,
0.0,
0.0,
0.0,
0.0,
0.0,
0.0,
0.0,
0.0,
0.0,
0.0,
0.0,
0.0,
0.0,
0.0,
0.0,
0.0,
0.0,
0.0,
0.0,
0.0,
0.0,
0.0,
0.0,
0.0,
0.0,
0.0,
0.0,
0.0,
0.0,
0.0,
0.0,
0.0,
0.0,
0.0,
0.0,
0.0,
0.0,
0.0,
0.0,
0.0,
0.0,
0.0,
0.0,
0.0,
0.0,
0.0,
0.0,
0.0,
0.0,
0.0,
0.0,
0.0,
0.0,
0.0,
0.0,
0.0,
0.0,
0.0,
0.0,
0.0,
0.0,
0.0,
0.0,
0.0,
0.0,
0.0,
0.0,
0.0,
0.0,
0.0,
0.0,
0.0,
0.0,
0.0,
0.0,
0.0,
0.0,
0.0,
0.0,
0.0,
0.0,
0.0,
0.0,
0.0,
0.0,
0.0,
0.0,
0.0,
0.0,
0.0,
0.0,
0.0,
0.0,
0.0,
0.0,
0.0,
0.0,
0.0,
0.0,
0.0,
0.0,
0.0,
0.0,
0.0,
0.0,
0.0,
0.0,
0.0,
0.0,
0.0,
0.0,
0.0,
0.0,
0.0,
0.0,
0.0,
0.0,
0.0,
0.0,
0.0,
0.0,
0.0,
0.0,
0.0,
0.0,
0.0,
0.0,
0.0,
0.0,
0.0,
0.0,
0.0,
0.0,
0.0,
0.0,
0.0,
0.0,
0.0,
0.0,
0.0,
0.0,
0.0,
0.0,
0.0,
0.0,
0.0,
0.0,
0.0,
0.0,
0.0,
0.0,
0.0,
0.0,
0.0,
0.0,
0.0,
0.0,
0.0,
0.0,
0.0,
0.0,
0.0,
0.0,
0.0,
0.0,
0.0,
0.0,
0.0,
0.0,
0.0,
0.0,
0.0,
0.0,
0.0,
0.0,
0.0,
0.0,
0.0,
0.0,
0.0,
0.0,
0.0,
0.0,
0.0,
0.0,
0.0,
0.0,
0.0,
0.0,
0.0,
0.0,
0.0,
0.0,
0.0,
0.0,
0.0,
0.0,
0.0,
0.0,
0.0,
0.0,
0.0,
0.0,
0.0,
0.0,
0.0,
0.0,
0.0,
0.0,
0.0,
0.0,
0.0,
0.0,
0.0,
0.0,
0.0,
0.0,
0.0,
0.0,
0.0,
0.0,
0.0,
0.0,
0.0,
0.0,
0.0,
0.0,
0.0,
0.0,
0.0,
0.0,
0.0,
0.0,
0.0,
0.0,
0.0,
0.0,
0.0,
0.0,
0.0,
0.0,
0.0,
0.0,
0.0,
0.0,
0.0,
0.0,
0.0,
0.0,
0.0,
0.0,
0.0,
0.0,
0.0,
0.0,
0.0,
0.0,
0.0,
0.0,
0.0,
0.0,
0.0,
0.0,
0.0,
0.0,
0.0,
0.0,
0.0,
0.0,
0.0,
0.0,
0.0,
0.0,
0.0,
0.0,
0.0,
0.0,
0.0,
0.0,
0.0,
0.0,
0.0,
0.0,
0.0,
0.0,
0.0,
0.0,
0.0,
0.0,
0.0,
0.0,
0.0,
0.0,
0.0,
0.0,
0.0,
0.0,
0.0,
0.0,
0.0,
0.0,
0.0,
0.0,
0.0,
0.0,
0.0,
0.0,
0.0,
0.0,
0.0,
0.0,
0.0,
0.0,
0.0,
0.0,
0.0,
0.0,
0.0,
0.0,
0.0,
0.0,
0.0,
0.0,
0.0,
0.0,
0.0,
0.0,
0.0,
0.0,
0.0,
0.0,
0.0,
0.0,
0.0,
0.0,
0.0,
0.0,
0.0,
0.0,
0.0,
0.0,
0.0,
0.0,
0.0,
0.0,
0.0,
0.0,
0.0,
0.0,
0.0,
0.0,
0.0,
0.0,
0.0,
0.0,
0.0,
0.0,
0.0,
0.0,
0.0,
0.0,
0.0,
0.0,
0.0,
0.0,
0.0,
0.0,
0.0,
0.0,
0.0,
0.0,
0.0,
0.0,
0.0,
0.0,
0.0,
0.0,
0.0,
0.0,
0.0,
0.0,
0.0,
0.0,
0.0,
0.0,
0.0,
0.0,
0.0,
0.0,
0.0,
0.0,
0.0,
0.0,
0.0,
0.0,
0.0,
0.0,
0.0,
0.0,
0.0,
0.0,
0.0,
0.0,
0.0,
0.0,
0.0,
0.0,
0.0,
0.0,
0.0,
0.0,
0.0,
0.0,
0.0,
0.0,
0.0,
0.0,
0.0,
0.0,
0.0,
0.0,
0.0,
0.0,
0.0,
0.0,
0.0,
0.0,
0.0,
0.0,
0.0,
0.0,
0.0,
0.0,
0.0,
0.0,
0.0,
0.0,
0.0,
0.0,
0.0,
0.0,
0.0,
0.0,
0.0,
0.0,
0.0,
0.0,
0.0,
0.0,
0.0,
0.0,
0.0,
0.0,
0.0,
0.0,
0.0,
0.0,
0.0,
0.0,
0.0,
0.0,
0.0,
0.0,
0.0,
0.0,
0.0,
0.0,
0.0,
0.0,
0.0,
0.0,
0.0,
0.0,
0.0,
0.0,
0.0,
0.0,
0.0,
0.0,
0.0,
0.0,
0.0,
0.0,
0.0,
0.0,
0.0,
0.0,
0.0,
0.0,
0.0,
0.0,
0.0,
0.0,
0.0,
0.0,
0.0,
0.0,
0.0,
0.0,
0.0,
0.0,
0.0,
0.0,
0.0,
0.0,
0.0,
0.0,
0.0,
0.0,
0.0,
0.0,
0.0,
0.0,
0.0,
0.0,
0.0,
0.0,
0.0,
0.0,
0.0,
0.0,
0.0,
0.0,
0.0,
0.0,
0.0,
0.0,
0.0,
0.0,
0.0,
0.0,
0.0,
0.0,
0.0,
0.0,
0.0,
0.0,
0.0,
0.0,
0.0,
0.0,
0.0,
0.0,
0.0,
0.0,
0.0,
0.0,
0.0,
0.0,
0.0,
0.0,
0.0,
0.0,
0.0,
0.0,
0.0,
0.0,
0.0,
0.0,
0.0,
0.0,
0.0,
0.0,
0.0,
0.0,
0.0,
0.0,
0.0,
0.0,
0.0,
0.0,
0.0,
0.0,
0.0,
0.0,
0.0,
0.0,
0.0,
0.0,
0.0,
0.0,
0.0,
0.0,
0.0,
0.0,
0.0,
0.0,
0.0,
0.0,
0.0,
0.0,
0.0,
0.0,
0.0,
0.0,
0.0,
0.0,
0.0,
0.0,
0.0,
0.0,
0.0,
0.0,
0.0,
0.0,
0.0,
0.0,
0.0,
0.0,
0.0,
0.0,
0.0,
0.0,
0.0,
0.0,
0.0,
0.0,
0.0,
0.0,
0.0,
0.0,
0.0,
0.0,
0.0,
0.0,
0.0,
0.0,
0.0,
0.0,
0.0,
0.0,
0.0,
0.0,
0.0,
0.0,
0.0,
0.0,
0.0,
0.0,
0.0,
0.0,
0.0,
0.0,
0.0,
0.0,
0.0,
0.0,
0.0,
0.0,
0.0,
0.0,
0.0,
0.0,
0.0,
0.0,
0.0,
0.0,
0.0,
0.0,
0.0,
0.0,
0.0,
0.0,
0.0,
0.0,
0.0,
0.0,
0.0,
0.0,
0.0,
0.0,
0.0,
0.0,
0.0,
0.0,
0.0,
0.0,
0.0,
0.0,
0.0,
0.0,
0.0,
0.0,
0.0,
0.0,
0.0,
0.0,
0.0,
0.0,
0.0,
0.0,
0.0,
0.0,
0.0,
0.0,
0.0,
0.0,
0.0,
0.0,
0.0,
0.0,
0.0,
0.0,
0.0,
0.0,
0.0,
0.0,
0.0,
0.0,
0.0,
0.0,
0.0,
0.0,
0.0,
0.0,
0.0,
0.0,
0.0,
0.0,
0.0,
0.0,
0.0,
0.0,
0.0,
0.0,
0.0,
0.0,
0.0,
0.0,
0.0,
0.0,
0.0,
0.0,
0.0,
0.0,
0.0,
0.0,
0.0,
0.0,
0.0,
0.0,
0.0,
0.0,
0.0,
0.0,
0.0,
0.0,
0.0,
0.0,
0.0,
0.0,
0.0,
0.0,
0.0,
0.0,
0.0,
0.0,
0.0,
0.0,
0.0,
0.0,
0.0,
0.0,
0.0,
0.0,
0.0,
0.0,
0.0,
0.0,
0.0,
0.0,
0.0,
0.0,
0.0,
0.0,
0.0,
0.0,
0.0,
0.0,
0.0,
0.0,
0.0,
0.0,
0.0,
0.0,
0.0,
0.0,
0.0,
0.0,
0.0,
0.0,
0.0,
0.0,
0.0,
0.0,
0.0,
0.0,
0.0,
0.0,
0.0,
0.0,
0.0,
0.0,
0.0,
0.0,
0.0,
0.0,
0.0,
0.0,
0.0,
0.0,
0.0,
0.0,
0.0,
0.0,
0.0,
0.0,
0.0,
0.0,
0.0,
0.0,
0.0,
0.0,
0.0,
0.0,
0.0,
0.0,
0.0,
0.0,
0.0,
0.0,
0.0,
0.0,
0.0,
0.0,
0.0,
0.0,
0.0,
0.0,
0.0,
0.0,
0.0,
0.0,
0.0,
0.0,
0.0,
0.0,
0.0,
0.0,
0.0,
0.0,
0.0,
0.0,
0.0,
0.0,
0.0,
0.0,
0.0,
0.0,
0.0,
0.0,
0.0,
0.0,
0.0,
0.0,
0.0,
0.0,
0.0,
0.0,
0.0,
0.0,
0.0,
0.0,
0.0,
0.0,
0.0,
0.0,
0.0,
0.0,
0.0,
0.0,
0.0,
0.0,
0.0,
0.0,
0.0,
0.0,
0.0,
0.0,
0.0,
0.0,
0.0,
0.0,
0.0,
0.0,
0.0,
0.0,
0.0,
0.0,
0.0,
0.0,
0.0,
0.0,
0.0,
0.0,
0.0,
0.0,
0.0,
0.0,
0.0,
0.0,
0.0,
0.0,
0.0,
0.0,
0.0,
0.0,
0.0,
0.0,
0.0,
0.0,
0.0,
0.0,
0.0,
0.0,
0.0,
0.0,
0.0,
0.0,
0.0,
0.0,
0.0,
0.0,
0.0,
0.0,
0.0,
0.0,
0.0,
0.0,
0.0,
0.0,
0.0,
0.0,
0.0,
0.0,
0.0,
0.0,
0.0,
0.0,
0.0,
0.0,
0.0,
0.0,
0.0,
0.0,
0.0,
0.0,
0.0,
0.0,
0.0,
0.0,
0.0,
0.0,
0.0,
0.0,
0.0,
0.0,
0.0,
0.0,
0.0,
0.0,
0.0,
0.0,
0.0,
0.0,
0.0,
0.0,
0.0,
0.0,
0.0,
0.0,
0.0,
0.0,
0.0,
0.0,
0.0,
0.0,
0.0,
0.0,
0.0,
0.0,
0.0,
0.0,
0.0,
0.0,
0.0,
0.0,
0.0,
0.0,
0.0,
0.0,
0.0,
0.0,
0.0,
0.0,
0.0,
0.0,
0.0,
0.0,
0.0,
0.0,
0.0,
0.0,
0.0,
0.0,
0.0,
0.0,
0.0,
0.0,
0.0,
0.0,
0.0,
0.0,
0.0,
0.0,
0.0,
0.0,
0.0,
0.0,
0.0,
0.0,
0.0,
0.0,
0.0,
0.0,
0.0,
0.0,
0.0,
0.0,
0.0,
0.0,
0.0,
0.0,
0.0,
0.0,
0.0,
0.0,
0.0,
0.0,
0.0,
0.0,
0.0,
0.0,
0.0,
0.0,
0.0,
0.0,
0.0,
0.0,
0.0,
0.0,
0.0,
0.0,
0.0,
0.0,
0.0,
0.0,
0.0,
0.0,
0.0,
0.0,
0.0,
0.0,
0.0,
0.0,
0.0,
0.0,
0.0,
0.0,
0.0,
0.0,
0.0,
0.0,
0.0,
0.0,
0.0,
0.0,
0.0,
0.0,
0.0,
0.0,
0.0,
0.0,
0.0,
0.0,
0.0,
0.0,
0.0,
0.0,
0.0,
0.0,
0.0,
0.0,
0.0,
0.0,
0.0,
0.0,
0.0,
0.0,
0.0,
0.0,
0.0,
0.0,
0.0,
0.0,
0.0,
0.0,
0.0,
0.0,
0.0,
0.0,
0.0,
0.0,
0.0,
0.0,
0.0,
0.0,
0.0,
0.0,
0.0,
0.0,
0.0,
0.0,
0.0,
0.0,
0.0,
0.0,
0.0,
0.0,
0.0,
0.0,
0.0,
0.0,
0.0,
0.0,
0.0,
0.0,
0.0,
0.0,
0.0,
0.0,
0.0,
0.0,
0.0,
0.0,
0.0,
0.0,
0.0,
0.0,
0.0,
0.0,
0.0,
0.0,
0.0,
0.0,
0.0,
0.0,
0.0,
0.0,
0.0,
0.0,
0.0,
0.0,
0.0,
0.0,
0.0,
0.0,
0.0,
0.0,
0.0,
0.0,
0.0,
0.0,
0.0,
0.0,
0.0,
0.0,
0.0,
0.0,
0.0,
0.0,
0.0,
0.0,
0.0,
0.0,
0.0,
0.0,
0.0,
0.0,
0.0,
0.0,
0.0,
0.0,
0.0,
0.0,
0.0,
0.0,
0.0,
0.0,
0.0,
0.0,
0.0,
0.0,
0.0,
0.0,
0.0,
0.0,
0.0,
0.0,
0.0,
0.0,
0.0,
0.0,
0.0,
0.0,
0.0,
0.0,
0.0,
0.0,
0.0,
0.0,
0.0,
0.0,
0.0,
0.0,
0.0,
0.0,
0.0,
0.0,
0.0,
0.0,
0.0,
0.0,
0.0,
0.0,
0.0,
0.0,
0.0,
0.0,
0.0,
0.0,
0.0,
0.0,
0.0,
0.0,
0.0,
0.0,
0.0,
0.0,
0.0,
0.0,
0.0,
0.0,
0.0,
0.0,
0.0,
0.0,
0.0,
0.0,
0.0,
0.0,
0.0,
0.0,
0.0,
0.0,
0.0,
0.0,
0.0,
0.0,
0.0,
0.0,
0.0,
0.0,
0.0,
0.0,
0.0,
0.0,
0.0,
0.0,
0.0,
0.0,
0.0,
0.0,
0.0,
0.0,
0.0,
0.0,
0.0,
0.0,
0.0,
0.0,
0.0,
0.0,
0.0,
0.0,
0.0,
0.0,
0.0,
0.0,
0.0,
0.0,
0.0,
0.0,
0.0,
0.0,
0.0,
0.0,
0.0,
0.0,
0.0,
0.0,
0.0,
0.0,
0.0,
0.0,
0.0,
0.0,
0.0,
0.0,
0.0,
0.0,
0.0,
0.0,
0.0,
0.0,
0.0,
0.0,
0.0,
0.0,
0.0,
0.0,
0.0,
0.0,
0.0,
0.0,
0.0,
0.0,
0.0,
0.0,
0.0,
0.0,
0.0,
0.0,
0.0,
0.0,
0.0,
0.0,
0.0,
0.0,
0.0,
0.0,
0.0,
0.0,
0.0,
0.0,
0.0,
0.0,
0.0,
0.0,
0.0,
0.0,
0.0,
0.0,
0.0,
0.0,
0.0,
0.0,
0.0,
0.0,
0.0,
0.0,
0.0,
0.0,
0.0,
0.0,
0.0,
0.0,
0.0,
0.0,
0.0,
0.0,
0.0,
0.0,
0.0,
0.0,
0.0,
0.0,
0.0,
0.0,
0.0,
0.0,
0.0,
0.0,
0.0,
0.0,
0.0,
0.0,
0.0,
0.0,
0.0,
0.0,
0.0,
0.0,
0.0,
0.0,
0.0,
0.0,
0.0,
0.0,
0.0,
0.0,
0.0,
0.0,
0.0,
0.0,
0.0,
0.0,
0.0,
0.0,
0.0,
