1.0661633014678955,
1.0704725980758667,
1.0717604160308838,
1.0724554061889648,
1.073250651359558,
1.073326587677002,
1.0735511779785156,
1.073892593383789,
1.0738956928253174,
1.0739754438400269,
1.0742946863174438,
1.0742788314819336,
1.0745759010314941,
1.074777603149414,
1.0748363733291626,
1.0752118825912476,
1.0750311613082886,
1.0750459432601929,
1.075249195098877,
1.0751644372940063,
1.075097680091858,
1.0754081010818481,
1.0751705169677734,
1.074960708618164,
1.075204849243164,
1.0750746726989746,
1.0751162767410278,
1.0754603147506714,
1.0752533674240112,
1.075075626373291,
1.0752754211425781,
1.0751802921295166,
1.0752257108688354,
1.0752453804016113,
1.0753124952316284,
1.07540762424469,
1.0754566192626953,
1.0753716230392456,
1.07550847530365,
1.0753546953201294,
1.0752993822097778,
1.0756582021713257,
1.0753159523010254,
1.075263261795044,
1.0755462646484375,
1.0752497911453247,
1.0750840902328491,
1.0753859281539917,
1.0751538276672363,
1.0751066207885742,
1.0753812789916992,
1.0753060579299927,
1.0751392841339111,
1.0751579999923706,
1.0749675035476685,
1.0750024318695068,
1.0749465227127075,
1.0747101306915283,
1.074960470199585,
1.0748387575149536,
1.0748111009597778,
1.0750809907913208,
1.074906349182129,
1.0746911764144897,
1.0750082731246948,
1.0747478008270264,
1.074718952178955,
1.07490074634552,
1.0745974779129028,
1.0744390487670898,
1.0746569633483887,
1.0743821859359741,
1.0742793083190918,
1.0744495391845703,
1.074390172958374,
1.0743364095687866,
1.074385643005371,
1.074121356010437,
1.0741876363754272,
1.0739692449569702,
1.0738986730575562,
1.0741325616836548,
1.0738756656646729,
1.07376229763031,
1.0741549730300903,
1.0739482641220093,
1.0737080574035645,
1.0739256143569946,
1.0736265182495117,
1.073684811592102,
1.0737509727478027,
1.0735864639282227,
1.0733691453933716,
1.0734333992004395,
1.0732437372207642,
1.0731163024902344,
1.0730425119400024,
1.0729663372039795,
1.073272943496704,
1.0730408430099487,
1.0730795860290527,
1.0729496479034424,
1.0726828575134277,
1.072592854499817,
1.07278573513031,
1.0725371837615967,
1.0724378824234009,
1.0725868940353394,
1.0724772214889526,
1.0725255012512207,
1.0726205110549927,
1.0723153352737427,
1.0721057653427124,
1.0722686052322388,
1.0721338987350464,
1.0719116926193237,
1.0719730854034424,
1.071747899055481,
1.0717405080795288,
1.0716021060943604,
1.0714284181594849,
1.071495771408081,
1.0713591575622559,
1.0713095664978027,
1.071433663368225,
1.0710811614990234,
1.070777416229248,
1.070974349975586,
1.070745587348938,
1.0706329345703125,
1.0707496404647827,
1.0705149173736572,
1.0704089403152466,
1.0705482959747314,
1.0702935457229614,
1.0700370073318481,
1.0701603889465332,
1.0699423551559448,
1.070051670074463,
1.0699149370193481,
1.069763422012329,
1.0698117017745972,
1.0695801973342896,
1.069411039352417,
1.0695090293884277,
1.0691657066345215,
1.0689359903335571,
1.0691931247711182,
1.068847417831421,
1.0687028169631958,
1.0687532424926758,
1.0684113502502441,
1.068210482597351,
1.0683094263076782,
1.0680174827575684,
1.0680663585662842,
1.068070888519287,
1.067939281463623,
1.068035364151001,
1.0678309202194214,
1.0676441192626953,
1.0676895380020142,
1.0674549341201782,
1.0673224925994873,
1.0674716234207153,
1.067124366760254,
1.0670534372329712,
1.0671896934509277,
1.0667784214019775,
1.0667043924331665,
1.0668001174926758,
1.0665206909179688,
1.0663398504257202,
1.0664116144180298,
1.0660401582717896,
1.0658085346221924,
1.065809726715088,
1.0656298398971558,
1.065606713294983,
1.0654995441436768,
1.0653527975082397,
1.0653425455093384,
1.0652321577072144,
1.064966082572937,
1.065094232559204,
1.0648376941680908,
1.064484715461731,
1.0647403001785278,
1.064396858215332,
1.0642441511154175,
1.0643221139907837,
1.063869833946228,
1.0637294054031372,
1.0637446641921997,
1.0635432004928589,
1.0634745359420776,
1.0633784532546997,
1.0630791187286377,
1.0628777742385864,
1.0627875328063965,
1.0626513957977295,
1.062705636024475,
1.0623486042022705,
1.062287449836731,
1.0622961521148682,
1.0620577335357666,
1.0618548393249512,
1.0619813203811646,
1.0616283416748047,
1.0614904165267944,
1.0614596605300903,
1.0610289573669434,
1.0609568357467651,
1.060930609703064,
1.0606803894042969,
1.0603513717651367,
1.0603129863739014,
1.060044288635254,
1.0598787069320679,
1.0598649978637695,
1.059623122215271,
1.059529185295105,
1.059332013130188,
1.0590860843658447,
1.0590487718582153,
1.0587339401245117,
1.0585567951202393,
1.0587207078933716,
1.058369517326355,
1.058226466178894,
1.0583454370498657,
1.057900071144104,
1.0577107667922974,
1.057739496231079,
1.0573047399520874,
1.0571975708007812,
1.057196021080017,
1.056906819343567,
1.056693196296692,
1.0565272569656372,
1.0561853647232056,
1.056161880493164,
1.0560004711151123,
1.0558555126190186,
1.0558302402496338,
1.0555446147918701,
1.0552178621292114,
1.0552996397018433,
1.05179762840271,
1.0527713298797607,
1.0531675815582275,
1.0531330108642578,
1.0530924797058105,
1.0532509088516235,
1.0530117750167847,
1.052860140800476,
1.0528827905654907,
1.0525630712509155,
1.0524519681930542,
1.052565336227417,
1.0523958206176758,
1.0521659851074219,
1.052140235900879,
1.0518836975097656,
1.051647424697876,
1.0515729188919067,
1.051302433013916,
1.0511727333068848,
1.0510309934616089,
1.0508712530136108,
1.0509181022644043,
1.050657868385315,
1.0504072904586792,
1.0504847764968872,
1.0500986576080322,
1.0498480796813965,
1.0499156713485718,
1.0494664907455444,
1.0492686033248901,
1.0493106842041016,
1.048930048942566,
1.0486804246902466,
1.0486286878585815,
1.048376202583313,
1.0483065843582153,
1.0481164455413818,
1.047792673110962,
1.0476356744766235,
1.047381043434143,
1.0470622777938843,
1.0470980405807495,
1.0467345714569092,
1.0464497804641724,
1.046595573425293,
1.0462111234664917,
1.04598867893219,
1.0459274053573608,
1.0455657243728638,
1.045301914215088,
1.0451990365982056,
1.0448668003082275,
1.044560194015503,
1.0444014072418213,
1.0440629720687866,
1.0438088178634644,
1.0436044931411743,
1.043386459350586,
1.043249487876892,
1.0429437160491943,
1.0426701307296753,
1.042565107345581,
1.0421262979507446,
1.0414841175079346,
1.0416744947433472,
1.0412678718566895,
1.0409091711044312,
1.040763258934021,
1.0404495000839233,
1.0400993824005127,
1.0399835109710693,
1.0396432876586914,
1.0393495559692383,
1.0389227867126465,
1.0387753248214722,
1.03850257396698,
1.0380384922027588,
1.0377384424209595,
1.0372833013534546,
1.0371640920639038,
1.036808967590332,
1.0364543199539185,
1.0361905097961426,
1.0358023643493652,
1.0356955528259277,
1.0351548194885254,
1.0347601175308228,
1.0345184803009033,
1.0337769985198975,
1.0338002443313599,
1.0333231687545776,
1.0330164432525635,
1.0327965021133423,
1.0324543714523315,
1.0320631265640259,
1.031903624534607,
1.0311301946640015,
1.0310499668121338,
1.0304735898971558,
1.0295820236206055,
1.0294581651687622,
1.0294567346572876,
1.0289719104766846,
1.0284141302108765,
1.0281809568405151,
1.0275638103485107,
1.0273559093475342,
1.0268820524215698,
1.0264137983322144,
1.025946021080017,
1.024963617324829,
1.0246996879577637,
1.024284839630127,
1.0233489274978638,
1.0233031511306763,
1.0224260091781616,
1.022003412246704,
1.021842360496521,
1.0211548805236816,
1.0211161375045776,
1.020337462425232,
1.0199105739593506,
1.0191664695739746,
1.0186376571655273,
1.0182788372039795,
1.0176072120666504,
1.017249584197998,
1.016486644744873,
1.0158568620681763,
1.0154685974121094,
1.014931082725525,
1.01422917842865,
1.0136858224868774,
1.0128326416015625,
1.0123131275177002,
1.0117202997207642,
1.0106089115142822,
1.0102843046188354,
1.0095263719558716,
1.009043574333191,
1.0083738565444946,
1.007990837097168,
1.0071499347686768,
1.0063982009887695,
1.0059452056884766,
1.00531005859375,
1.0046465396881104,
1.0038038492202759,
1.0027567148208618,
1.0023441314697266,
1.0016844272613525,
1.0008630752563477,
1.0002244710922241,
0.9992371797561646,
0.9983229041099548,
0.9978957176208496,
0.9968200922012329,
0.996063232421875,
0.9954176545143127,
0.9945342540740967,
0.9935395121574402,
0.9927462935447693,
0.9920108318328857,
0.9907387495040894,
0.9898770451545715,
0.9891383647918701,
0.9883809685707092,
0.9875134229660034,
0.9862803816795349,
0.9853097200393677,
0.9843948483467102,
0.9833429455757141,
0.9824573993682861,
0.9811758995056152,
0.9800944328308105,
0.9792585372924805,
0.9778567552566528,
0.9766888618469238,
0.9757735133171082,
0.9745659828186035,
0.9731840491294861,
0.9723434448242188,
0.9708715677261353,
0.9696782231330872,
0.9682937264442444,
0.9669597744941711,
0.9655952453613281,
0.9645524024963379,
0.963001012802124,
0.9617136716842651,
0.9604085683822632,
0.9589079022407532,
0.9574512243270874,
0.9561569690704346,
0.95463627576828,
0.9528177380561829,
0.951751172542572,
0.9499936103820801,
0.9484046101570129,
0.9469428062438965,
0.9453568458557129,
0.9432632923126221,
0.9419069886207581,
0.9400251507759094,
0.9382471442222595,
0.9368293881416321,
0.9350900650024414,
0.9332613945007324,
0.9316092729568481,
0.9296112656593323,
0.9278907179832458,
0.9260345101356506,
0.9242590069770813,
0.9225060939788818,
0.9208133220672607,
0.9187256693840027,
0.9169082045555115,
0.9151879549026489,
0.9133842587471008,
0.9116211533546448,
0.9098592400550842,
0.9079228639602661,
0.9058198928833008,
0.9041503667831421,
0.9021374583244324,
0.9006545543670654,
0.8986678123474121,
0.8968330025672913,
0.8949553966522217,
0.8932328224182129,
0.8915202617645264,
0.8895868062973022,
0.887690544128418,
0.8861358761787415,
0.8841833472251892,
0.882584810256958,
0.880473256111145,
0.8741980195045471,
0.8766675591468811,
0.8747912049293518,
0.8729309439659119,
0.8708891272544861,
0.869227945804596,
0.8671143054962158,
0.8654664158821106,
0.8636190891265869,
0.8617197871208191,
0.8597629070281982,
0.8577221035957336,
0.8556202054023743,
0.8534049391746521,
0.8514031767845154,
0.8497828245162964,
0.8476318120956421,
0.8457337021827698,
0.8438034057617188,
0.8419011235237122,
0.8396208882331848,
0.8377021551132202,
0.8357769846916199,
0.8333361148834229,
0.8316296339035034,
0.829391360282898,
0.8273844718933105,
0.8250394463539124,
0.8250394463539124,
0.8250394463539124,
0.0,
0.0,
0.0,
0.0,
0.0,
0.0,
0.0,
0.0,
0.0,
0.0,
0.0,
0.0,
0.0,
0.0,
0.0,
0.0,
0.0,
0.0,
0.0,
0.0,
0.0,
0.0,
0.0,
0.0,
0.0,
0.0,
0.0,
0.0,
0.0,
0.0,
0.0,
0.0,
0.0,
0.0,
0.0,
0.0,
0.0,
0.0,
0.0,
0.0,
0.0,
0.0,
0.0,
0.0,
0.0,
0.0,
0.0,
0.0,
0.0,
0.0,
0.0,
0.0,
0.0,
0.0,
0.0,
0.0,
0.0,
0.0,
0.0,
0.0,
0.0,
0.0,
0.0,
0.0,
0.0,
0.0,
0.0,
0.0,
0.0,
0.0,
0.0,
0.0,
0.0,
0.0,
0.0,
0.0,
0.0,
0.0,
0.0,
0.0,
0.0,
0.0,
0.0,
0.0,
0.0,
0.0,
0.0,
0.0,
0.0,
0.0,
0.0,
0.0,
0.0,
0.0,
0.0,
0.0,
0.0,
0.0,
0.0,
0.0,
0.0,
0.0,
0.0,
0.0,
0.0,
0.0,
0.0,
0.0,
0.0,
0.0,
0.0,
0.0,
0.0,
0.0,
0.0,
0.0,
0.0,
0.0,
0.0,
0.0,
0.0,
0.0,
0.0,
0.0,
0.0,
0.0,
0.0,
0.0,
0.0,
0.0,
0.0,
0.0,
0.0,
0.0,
0.0,
0.0,
0.0,
0.0,
0.0,
0.0,
0.0,
0.0,
0.0,
0.0,
0.0,
0.0,
0.0,
0.0,
0.0,
0.0,
0.0,
0.0,
0.0,
0.0,
0.0,
0.0,
0.0,
0.0,
0.0,
0.0,
0.0,
0.0,
0.0,
0.0,
0.0,
0.0,
0.0,
0.0,
0.0,
0.0,
0.0,
0.0,
0.0,
0.0,
0.0,
0.0,
0.0,
0.0,
0.0,
0.0,
0.0,
0.0,
0.0,
0.0,
0.0,
0.0,
0.0,
0.0,
0.0,
0.0,
0.0,
0.0,
0.0,
0.0,
0.0,
0.0,
0.0,
0.0,
0.0,
0.0,
0.0,
0.0,
0.0,
0.0,
0.0,
0.0,
0.0,
0.0,
0.0,
0.0,
0.0,
0.0,
0.0,
0.0,
0.0,
0.0,
0.0,
0.0,
0.0,
0.0,
0.0,
0.0,
0.0,
0.0,
0.0,
0.0,
0.0,
0.0,
0.0,
0.0,
0.0,
0.0,
0.0,
0.0,
0.0,
0.0,
0.0,
0.0,
0.0,
0.0,
0.0,
0.0,
0.0,
0.0,
0.0,
0.0,
0.0,
0.0,
0.0,
0.0,
0.0,
0.0,
0.0,
0.0,
0.0,
0.0,
0.0,
0.0,
0.0,
0.0,
0.0,
0.0,
0.0,
0.0,
0.0,
0.0,
0.0,
0.0,
0.0,
0.0,
0.0,
0.0,
0.0,
0.0,
0.0,
0.0,
0.0,
0.0,
0.0,
0.0,
0.0,
0.0,
0.0,
0.0,
0.0,
0.0,
0.0,
0.0,
0.0,
0.0,
0.0,
0.0,
0.0,
0.0,
0.0,
0.0,
0.0,
0.0,
0.0,
0.0,
0.0,
0.0,
0.0,
0.0,
0.0,
0.0,
0.0,
0.0,
0.0,
0.0,
0.0,
0.0,
0.0,
0.0,
0.0,
0.0,
0.0,
0.0,
0.0,
0.0,
0.0,
0.0,
0.0,
0.0,
0.0,
0.0,
0.0,
0.0,
0.0,
0.0,
0.0,
0.0,
0.0,
0.0,
0.0,
0.0,
0.0,
0.0,
0.0,
0.0,
0.0,
0.0,
0.0,
0.0,
0.0,
0.0,
0.0,
0.0,
0.0,
0.0,
0.0,
0.0,
0.0,
0.0,
0.0,
0.0,
0.0,
0.0,
0.0,
0.0,
0.0,
0.0,
0.0,
0.0,
0.0,
0.0,
0.0,
0.0,
0.0,
0.0,
0.0,
0.0,
0.0,
0.0,
0.0,
0.0,
0.0,
0.0,
0.0,
0.0,
0.0,
0.0,
0.0,
0.0,
0.0,
0.0,
0.0,
0.0,
0.0,
0.0,
0.0,
0.0,
0.0,
0.0,
0.0,
0.0,
0.0,
0.0,
0.0,
0.0,
0.0,
0.0,
0.0,
0.0,
0.0,
0.0,
0.0,
0.0,
0.0,
0.0,
0.0,
0.0,
0.0,
0.0,
0.0,
0.0,
0.0,
0.0,
0.0,
0.0,
0.0,
0.0,
0.0,
0.0,
0.0,
0.0,
0.0,
0.0,
0.0,
0.0,
0.0,
0.0,
0.0,
0.0,
0.0,
0.0,
0.0,
0.0,
0.0,
0.0,
0.0,
0.0,
0.0,
0.0,
0.0,
0.0,
0.0,
0.0,
0.0,
0.0,
0.0,
0.0,
0.0,
0.0,
0.0,
0.0,
0.0,
0.0,
0.0,
0.0,
0.0,
0.0,
0.0,
0.0,
0.0,
0.0,
0.0,
0.0,
0.0,
0.0,
0.0,
0.0,
0.0,
0.0,
0.0,
0.0,
0.0,
0.0,
0.0,
0.0,
0.0,
0.0,
0.0,
0.0,
0.0,
0.0,
0.0,
0.0,
0.0,
0.0,
0.0,
0.0,
0.0,
0.0,
0.0,
0.0,
0.0,
0.0,
0.0,
0.0,
0.0,
0.0,
0.0,
0.0,
0.0,
0.0,
0.0,
0.0,
0.0,
0.0,
0.0,
0.0,
0.0,
0.0,
0.0,
0.0,
0.0,
0.0,
0.0,
0.0,
0.0,
0.0,
0.0,
0.0,
0.0,
0.0,
0.0,
0.0,
0.0,
0.0,
0.0,
0.0,
0.0,
0.0,
0.0,
0.0,
0.0,
0.0,
0.0,
0.0,
0.0,
0.0,
0.0,
0.0,
0.0,
0.0,
0.0,
0.0,
0.0,
0.0,
0.0,
0.0,
0.0,
0.0,
0.0,
0.0,
0.0,
0.0,
0.0,
0.0,
0.0,
0.0,
0.0,
0.0,
0.0,
0.0,
0.0,
0.0,
0.0,
0.0,
0.0,
0.0,
0.0,
0.0,
0.0,
0.0,
0.0,
0.0,
0.0,
0.0,
0.0,
0.0,
0.0,
0.0,
0.0,
0.0,
0.0,
0.0,
0.0,
0.0,
0.0,
0.0,
0.0,
0.0,
0.0,
0.0,
0.0,
0.0,
0.0,
0.0,
0.0,
0.0,
0.0,
0.0,
0.0,
0.0,
0.0,
0.0,
0.0,
0.0,
0.0,
0.0,
0.0,
0.0,
0.0,
0.0,
0.0,
0.0,
0.0,
0.0,
0.0,
0.0,
0.0,
0.0,
0.0,
0.0,
0.0,
0.0,
0.0,
0.0,
0.0,
0.0,
0.0,
0.0,
0.0,
0.0,
0.0,
0.0,
0.0,
0.0,
0.0,
0.0,
0.0,
0.0,
0.0,
0.0,
0.0,
0.0,
0.0,
0.0,
0.0,
0.0,
0.0,
0.0,
0.0,
0.0,
0.0,
0.0,
0.0,
0.0,
0.0,
0.0,
0.0,
0.0,
0.0,
0.0,
0.0,
0.0,
0.0,
0.0,
0.0,
0.0,
0.0,
0.0,
0.0,
0.0,
0.0,
0.0,
0.0,
0.0,
0.0,
0.0,
0.0,
0.0,
0.0,
0.0,
0.0,
0.0,
0.0,
0.0,
0.0,
0.0,
0.0,
0.0,
0.0,
0.0,
0.0,
0.0,
0.0,
0.0,
0.0,
0.0,
0.0,
0.0,
0.0,
0.0,
0.0,
0.0,
0.0,
0.0,
0.0,
0.0,
0.0,
0.0,
0.0,
0.0,
0.0,
0.0,
0.0,
0.0,
0.0,
0.0,
0.0,
0.0,
0.0,
0.0,
0.0,
0.0,
0.0,
0.0,
0.0,
0.0,
0.0,
0.0,
0.0,
0.0,
0.0,
0.0,
0.0,
0.0,
0.0,
0.0,
0.0,
0.0,
0.0,
0.0,
0.0,
0.0,
0.0,
0.0,
0.0,
0.0,
0.0,
0.0,
0.0,
0.0,
0.0,
0.0,
0.0,
0.0,
0.0,
0.0,
0.0,
0.0,
0.0,
0.0,
0.0,
0.0,
0.0,
0.0,
0.0,
0.0,
0.0,
0.0,
0.0,
0.0,
0.0,
0.0,
0.0,
0.0,
0.0,
0.0,
0.0,
0.0,
0.0,
0.0,
0.0,
0.0,
0.0,
0.0,
0.0,
0.0,
0.0,
0.0,
0.0,
0.0,
0.0,
0.0,
0.0,
0.0,
0.0,
0.0,
0.0,
0.0,
0.0,
0.0,
0.0,
0.0,
0.0,
0.0,
0.0,
0.0,
0.0,
0.0,
0.0,
0.0,
0.0,
0.0,
0.0,
0.0,
0.0,
0.0,
0.0,
0.0,
0.0,
0.0,
0.0,
0.0,
0.0,
0.0,
0.0,
0.0,
0.0,
0.0,
0.0,
0.0,
0.0,
0.0,
0.0,
0.0,
0.0,
0.0,
0.0,
0.0,
0.0,
0.0,
0.0,
0.0,
0.0,
0.0,
0.0,
0.0,
0.0,
0.0,
0.0,
0.0,
0.0,
0.0,
0.0,
0.0,
0.0,
0.0,
0.0,
0.0,
0.0,
0.0,
0.0,
0.0,
0.0,
0.0,
0.0,
0.0,
0.0,
0.0,
0.0,
0.0,
0.0,
0.0,
0.0,
0.0,
0.0,
0.0,
0.0,
0.0,
0.0,
0.0,
0.0,
0.0,
0.0,
0.0,
0.0,
0.0,
0.0,
0.0,
0.0,
0.0,
0.0,
0.0,
0.0,
0.0,
0.0,
0.0,
0.0,
0.0,
0.0,
0.0,
0.0,
0.0,
0.0,
0.0,
0.0,
0.0,
0.0,
0.0,
0.0,
0.0,
0.0,
0.0,
0.0,
0.0,
0.0,
0.0,
0.0,
0.0,
0.0,
0.0,
0.0,
0.0,
0.0,
0.0,
0.0,
0.0,
0.0,
0.0,
0.0,
0.0,
0.0,
0.0,
0.0,
0.0,
0.0,
0.0,
0.0,
0.0,
0.0,
0.0,
0.0,
0.0,
0.0,
0.0,
0.0,
0.0,
0.0,
0.0,
0.0,
0.0,
0.0,
0.0,
0.0,
0.0,
0.0,
0.0,
0.0,
0.0,
0.0,
0.0,
0.0,
0.0,
0.0,
0.0,
0.0,
0.0,
0.0,
0.0,
0.0,
0.0,
0.0,
0.0,
0.0,
0.0,
0.0,
0.0,
0.0,
0.0,
0.0,
0.0,
0.0,
0.0,
0.0,
0.0,
0.0,
0.0,
0.0,
0.0,
0.0,
0.0,
0.0,
0.0,
0.0,
0.0,
0.0,
0.0,
0.0,
0.0,
0.0,
0.0,
0.0,
0.0,
0.0,
0.0,
0.0,
0.0,
0.0,
0.0,
0.0,
0.0,
0.0,
0.0,
0.0,
0.0,
0.0,
0.0,
0.0,
0.0,
0.0,
0.0,
0.0,
0.0,
0.0,
0.0,
0.0,
0.0,
0.0,
0.0,
0.0,
0.0,
0.0,
0.0,
0.0,
0.0,
0.0,
0.0,
0.0,
0.0,
0.0,
0.0,
0.0,
0.0,
0.0,
0.0,
0.0,
0.0,
0.0,
0.0,
0.0,
0.0,
0.0,
0.0,
0.0,
0.0,
0.0,
0.0,
0.0,
0.0,
0.0,
0.0,
0.0,
0.0,
0.0,
0.0,
0.0,
0.0,
0.0,
0.0,
0.0,
0.0,
0.0,
0.0,
0.0,
0.0,
0.0,
0.0,
0.0,
0.0,
0.0,
0.0,
0.0,
0.0,
0.0,
0.0,
0.0,
0.0,
0.0,
0.0,
0.0,
0.0,
0.0,
0.0,
0.0,
0.0,
0.0,
0.0,
0.0,
0.0,
0.0,
0.0,
0.0,
0.0,
0.0,
0.0,
0.0,
0.0,
0.0,
0.0,
0.0,
0.0,
0.0,
0.0,
0.0,
0.0,
0.0,
0.0,
0.0,
0.0,
0.0,
0.0,
0.0,
0.0,
0.0,
0.0,
0.0,
0.0,
0.0,
0.0,
0.0,
0.0,
0.0,
0.0,
0.0,
0.0,
0.0,
0.0,
0.0,
0.0,
0.0,
0.0,
0.0,
0.0,
0.0,
0.0,
0.0,
0.0,
0.0,
0.0,
0.0,
0.0,
0.0,
0.0,
0.0,
0.0,
0.0,
0.0,
0.0,
0.0,
0.0,
0.0,
0.0,
0.0,
0.0,
0.0,
0.0,
0.0,
0.0,
0.0,
0.0,
0.0,
0.0,
0.0,
0.0,
0.0,
0.0,
0.0,
0.0,
0.0,
0.0,
0.0,
0.0,
0.0,
0.0,
0.0,
0.0,
0.0,
0.0,
0.0,
0.0,
0.0,
0.0,
0.0,
0.0,
0.0,
0.0,
0.0,
0.0,
0.0,
0.0,
0.0,
0.0,
0.0,
0.0,
0.0,
0.0,
0.0,
0.0,
0.0,
0.0,
0.0,
0.0,
0.0,
0.0,
0.0,
0.0,
0.0,
0.0,
0.0,
0.0,
0.0,
0.0,
0.0,
0.0,
0.0,
0.0,
0.0,
0.0,
0.0,
0.0,
0.0,
0.0,
0.0,
0.0,
0.0,
0.0,
0.0,
0.0,
0.0,
0.0,
0.0,
0.0,
0.0,
0.0,
0.0,
0.0,
0.0,
0.0,
0.0,
0.0,
0.0,
0.0,
0.0,
0.0,
0.0,
0.0,
0.0,
0.0,
0.0,
0.0,
0.0,
0.0,
0.0,
0.0,
0.0,
0.0,
0.0,
0.0,
0.0,
0.0,
0.0,
0.0,
0.0,
0.0,
0.0,
0.0,
0.0,
0.0,
0.0,
0.0,
0.0,
0.0,
0.0,
0.0,
0.0,
0.0,
0.0,
0.0,
0.0,
0.0,
0.0,
0.0,
0.0,
0.0,
0.0,
0.0,
0.0,
0.0,
0.0,
0.0,
0.0,
0.0,
0.0,
0.0,
0.0,
0.0,
0.0,
0.0,
0.0,
0.0,
0.0,
0.0,
0.0,
0.0,
0.0,
0.0,
0.0,
0.0,
0.0,
0.0,
0.0,
0.0,
0.0,
0.0,
0.0,
0.0,
0.0,
0.0,
0.0,
0.0,
0.0,
0.0,
0.0,
0.0,
0.0,
0.0,
0.0,
0.0,
0.0,
0.0,
0.0,
0.0,
0.0,
0.0,
0.0,
0.0,
0.0,
0.0,
0.0,
0.0,
0.0,
0.0,
0.0,
0.0,
0.0,
0.0,
0.0,
0.0,
0.0,
0.0,
0.0,
0.0,
0.0,
0.0,
0.0,
0.0,
0.0,
0.0,
0.0,
0.0,
0.0,
0.0,
0.0,
0.0,
0.0,
0.0,
0.0,
0.0,
0.0,
0.0,
0.0,
0.0,
0.0,
0.0,
0.0,
0.0,
0.0,
0.0,
0.0,
0.0,
0.0,
0.0,
0.0,
0.0,
0.0,
0.0,
0.0,
0.0,
0.0,
0.0,
0.0,
0.0,
0.0,
0.0,
0.0,
0.0,
0.0,
0.0,
0.0,
0.0,
0.0,
0.0,
0.0,
0.0,
0.0,
0.0,
0.0,
0.0,
0.0,
0.0,
0.0,
0.0,
0.0,
0.0,
0.0,
0.0,
0.0,
0.0,
0.0,
0.0,
0.0,
0.0,
0.0,
0.0,
0.0,
0.0,
0.0,
0.0,
0.0,
0.0,
0.0,
0.0,
0.0,
0.0,
0.0,
0.0,
0.0,
0.0,
0.0,
0.0,
0.0,
0.0,
0.0,
0.0,
0.0,
0.0,
0.0,
0.0,
0.0,
0.0,
0.0,
0.0,
0.0,
0.0,
0.0,
0.0,
0.0,
0.0,
0.0,
0.0,
0.0,
0.0,
0.0,
0.0,
0.0,
0.0,
0.0,
0.0,
0.0,
0.0,
0.0,
0.0,
0.0,
0.0,
0.0,
0.0,
0.0,
0.0,
0.0,
0.0,
0.0,
0.0,
0.0,
0.0,
0.0,
0.0,
0.0,
0.0,
0.0,
0.0,
0.0,
0.0,
0.0,
0.0,
0.0,
0.0,
0.0,
0.0,
0.0,
0.0,
0.0,
0.0,
0.0,
0.0,
0.0,
0.0,
0.0,
0.0,
0.0,
0.0,
0.0,
0.0,
0.0,
0.0,
0.0,
0.0,
0.0,
0.0,
0.0,
0.0,
0.0,
0.0,
0.0,
0.0,
0.0,
0.0,
0.0,
0.0,
0.0,
0.0,
0.0,
0.0,
0.0,
0.0,
0.0,
0.0,
0.0,
0.0,
0.0,
0.0,
0.0,
0.0,
0.0,
0.0,
0.0,
0.0,
0.0,
0.0,
0.0,
0.0,
0.0,
0.0,
0.0,
0.0,
0.0,
0.0,
0.0,
0.0,
0.0,
0.0,
0.0,
0.0,
0.0,
0.0,
0.0,
0.0,
0.0,
0.0,
0.0,
0.0,
0.0,
0.0,
0.0,
0.0,
0.0,
0.0,
0.0,
0.0,
0.0,
0.0,
0.0,
0.0,
0.0,
0.0,
0.0,
0.0,
0.0,
0.0,
0.0,
0.0,
0.0,
0.0,
0.0,
0.0,
0.0,
0.0,
0.0,
0.0,
0.0,
0.0,
0.0,
0.0,
0.0,
0.0,
0.0,
0.0,
0.0,
0.0,
0.0,
0.0,
0.0,
0.0,
0.0,
0.0,
0.0,
0.0,
0.0,
0.0,
0.0,
0.0,
0.0,
0.0,
0.0,
0.0,
0.0,
0.0,
0.0,
0.0,
0.0,
0.0,
0.0,
0.0,
0.0,
0.0,
0.0,
0.0,
0.0,
0.0,
0.0,
0.0,
0.0,
0.0,
0.0,
0.0,
0.0,
0.0,
0.0,
0.0,
0.0,
0.0,
0.0,
0.0,
0.0,
0.0,
0.0,
0.0,
0.0,
0.0,
0.0,
0.0,
0.0,
0.0,
0.0,
0.0,
0.0,
0.0,
0.0,
0.0,
0.0,
0.0,
0.0,
0.0,
0.0,
0.0,
0.0,
0.0,
0.0,
0.0,
0.0,
0.0,
0.0,
0.0,
0.0,
0.0,
0.0,
0.0,
0.0,
0.0,
0.0,
0.0,
0.0,
0.0,
0.0,
0.0,
0.0,
0.0,
0.0,
0.0,
0.0,
0.0,
0.0,
0.0,
0.0,
0.0,
0.0,
0.0,
0.0,
0.0,
0.0,
0.0,
0.0,
0.0,
0.0,
0.0,
0.0,
0.0,
0.0,
0.0,
0.0,
0.0,
0.0,
0.0,
0.0,
0.0,
0.0,
0.0,
0.0,
0.0,
0.0,
0.0,
0.0,
0.0,
0.0,
0.0,
0.0,
0.0,
0.0,
0.0,
0.0,
0.0,
0.0,
0.0,
0.0,
0.0,
0.0,
0.0,
0.0,
0.0,
0.0,
0.0,
0.0,
0.0,
0.0,
0.0,
0.0,
0.0,
0.0,
0.0,
0.0,
0.0,
0.0,
0.0,
0.0,
0.0,
0.0,
0.0,
0.0,
0.0,
0.0,
0.0,
0.0,
0.0,
0.0,
