1.0746049880981445,
1.078023910522461,
1.0798020362854004,
1.080757737159729,
1.081098198890686,
1.0813673734664917,
1.0816349983215332,
1.081380844116211,
1.0817712545394897,
1.0820978879928589,
1.0819271802902222,
1.082162618637085,
1.0824353694915771,
1.082453966140747,
1.0826247930526733,
1.0826764106750488,
1.082951545715332,
1.083055853843689,
1.0829142332077026,
1.0832079648971558,
1.0834366083145142,
1.08323073387146,
1.0832175016403198,
1.0833029747009277,
1.083067536354065,
1.0835464000701904,
1.0837057828903198,
1.08335542678833,
1.0835785865783691,
1.083735704421997,
1.0834587812423706,
1.0835293531417847,
1.083446979522705,
1.0834163427352905,
1.0832171440124512,
1.083396553993225,
1.0836862325668335,
1.0838630199432373,
1.0839520692825317,
1.08403742313385,
1.0841106176376343,
1.0836917161941528,
1.083867073059082,
1.0839486122131348,
1.0836403369903564,
1.0838838815689087,
1.084073543548584,
1.083448052406311,
1.0836968421936035,
1.0837798118591309,
1.0837671756744385,
1.0837335586547852,
1.0837411880493164,
1.0836931467056274,
1.0838016271591187,
1.0835440158843994,
1.0834087133407593,
1.0834219455718994,
1.0833836793899536,
1.0835481882095337,
1.0837502479553223,
1.0834944248199463,
1.0835187435150146,
1.0834449529647827,
1.083505392074585,
1.083849310874939,
1.0838783979415894,
1.0836085081100464,
1.0837228298187256,
1.0838240385055542,
1.0835349559783936,
1.0836116075515747,
1.083517074584961,
1.0836018323898315,
1.0836354494094849,
1.0834617614746094,
1.0834230184555054,
1.0832440853118896,
1.0831716060638428,
1.0832507610321045,
1.0833958387374878,
1.0830116271972656,
1.083042025566101,
1.0831362009048462,
1.0832449197769165,
1.0834791660308838,
1.0829359292984009,
1.082981824874878,
1.0829899311065674,
1.08330500125885,
1.0829743146896362,
1.0832945108413696,
1.0827858448028564,
1.0828957557678223,
1.082937240600586,
1.0825937986373901,
1.0826947689056396,
1.0826269388198853,
1.0823732614517212,
1.0826159715652466,
1.0827909708023071,
1.0823017358779907,
1.0824779272079468,
1.0823912620544434,
1.0818829536437988,
1.0821789503097534,
1.082373857498169,
1.081973910331726,
1.082013487815857,
1.0822150707244873,
1.0821551084518433,
1.0824397802352905,
1.081984281539917,
1.0820060968399048,
1.081695556640625,
1.0816789865493774,
1.0817705392837524,
1.0818440914154053,
1.0813839435577393,
1.0815157890319824,
1.0815078020095825,
1.0813151597976685,
1.0814247131347656,
1.081372857093811,
1.0811822414398193,
1.0808463096618652,
1.0811930894851685,
1.081071138381958,
1.0811736583709717,
1.0809664726257324,
1.0807549953460693,
1.0804356336593628,
1.0809848308563232,
1.0807570219039917,
1.0804474353790283,
1.0803170204162598,
1.0803812742233276,
1.080420732498169,
1.0801619291305542,
1.0803172588348389,
1.0803378820419312,
1.0797722339630127,
1.079897403717041,
1.0799545049667358,
1.0797358751296997,
1.0796033143997192,
1.0795222520828247,
1.0795036554336548,
1.0793430805206299,
1.0790660381317139,
1.0791751146316528,
1.0788179636001587,
1.0786917209625244,
1.0788071155548096,
1.0784988403320312,
1.0784536600112915,
1.0786813497543335,
1.0784507989883423,
1.0783944129943848,
1.078460931777954,
1.0785249471664429,
1.0781902074813843,
1.0781757831573486,
1.07789945602417,
1.0779699087142944,
1.077728033065796,
1.0775017738342285,
1.0775729417800903,
1.0774040222167969,
1.0773420333862305,
1.077427864074707,
1.0774258375167847,
1.0769325494766235,
1.0769259929656982,
1.07688570022583,
1.0765818357467651,
1.0767345428466797,
1.0767639875411987,
1.0762852430343628,
1.0762202739715576,
1.0761157274246216,
1.0761421918869019,
1.07602858543396,
1.0760031938552856,
1.0757321119308472,
1.0755248069763184,
1.0755690336227417,
1.0756781101226807,
1.0756690502166748,
1.07511305809021,
1.0750974416732788,
1.0748517513275146,
1.0747103691101074,
1.074872374534607,
1.0749483108520508,
1.074505090713501,
1.0745280981063843,
1.0742264986038208,
1.0739539861679077,
1.0739378929138184,
1.0738255977630615,
1.0734909772872925,
1.0732829570770264,
1.073459267616272,
1.0735361576080322,
1.0734819173812866,
1.0730586051940918,
1.0730034112930298,
1.0729966163635254,
1.0726417303085327,
1.072766900062561,
1.072479486465454,
1.0721272230148315,
1.072015404701233,
1.0719144344329834,
1.071594476699829,
1.071405291557312,
1.0712916851043701,
1.0711352825164795,
1.071250319480896,
1.0711536407470703,
1.0708436965942383,
1.0706443786621094,
1.0702444314956665,
1.0702484846115112,
1.0702147483825684,
1.0697755813598633,
1.0698773860931396,
1.0695254802703857,
1.0694588422775269,
1.069556713104248,
1.0693813562393188,
1.0690866708755493,
1.068678855895996,
1.0686103105545044,
1.0685621500015259,
1.068551778793335,
1.0682528018951416,
1.0679538249969482,
1.067460298538208,
1.0672932863235474,
1.0672119855880737,
1.0671664476394653,
1.066808819770813,
1.06680166721344,
1.0662384033203125,
1.0662384033203125,
1.0627774000167847,
1.0641508102416992,
1.0645438432693481,
1.0647417306900024,
1.0647540092468262,
1.0644294023513794,
1.064372181892395,
1.0642491579055786,
1.0641112327575684,
1.0641133785247803,
1.0639677047729492,
1.0638196468353271,
1.063568353652954,
1.063514232635498,
1.0632787942886353,
1.0629630088806152,
1.0626920461654663,
1.0626531839370728,
1.0623854398727417,
1.0621981620788574,
1.0622217655181885,
1.0619409084320068,
1.061650037765503,
1.06173837184906,
1.0615007877349854,
1.0611896514892578,
1.0611295700073242,
1.0607590675354004,
1.0605117082595825,
1.0600972175598145,
1.0600700378417969,
1.059869408607483,
1.0597388744354248,
1.059125542640686,
1.0590251684188843,
1.0587096214294434,
1.0585590600967407,
1.058356761932373,
1.0579640865325928,
1.0577914714813232,
1.057482123374939,
1.0570688247680664,
1.0569461584091187,
1.056809663772583,
1.0564444065093994,
1.0563828945159912,
1.0561373233795166,
1.0558178424835205,
1.05531907081604,
1.0548573732376099,
1.0546598434448242,
1.0544930696487427,
1.054099678993225,
1.0538444519042969,
1.05376136302948,
1.0533638000488281,
1.052757740020752,
1.0524311065673828,
1.052092432975769,
1.0520769357681274,
1.0518783330917358,
1.0514284372329712,
1.050987720489502,
1.0506829023361206,
1.0501580238342285,
1.0498664379119873,
1.0492864847183228,
1.0490838289260864,
1.0489273071289062,
1.0484442710876465,
1.0482165813446045,
1.0479426383972168,
1.0475338697433472,
1.047157645225525,
1.0467783212661743,
1.0462207794189453,
1.0459909439086914,
1.0455167293548584,
1.0449519157409668,
1.0447957515716553,
1.0444021224975586,
1.0437527894973755,
1.0436105728149414,
1.0430636405944824,
1.0425565242767334,
1.0420770645141602,
1.0415911674499512,
1.0410010814666748,
1.040306568145752,
1.0400981903076172,
1.0394943952560425,
1.0389349460601807,
1.038751244544983,
1.0383285284042358,
1.0379716157913208,
1.0369794368743896,
1.0366933345794678,
1.0362801551818848,
1.0356171131134033,
1.0354000329971313,
1.0347353219985962,
1.0339219570159912,
1.0335208177566528,
1.0329785346984863,
1.0317559242248535,
1.0314451456069946,
1.031043291091919,
1.0301679372787476,
1.0300341844558716,
1.0289212465286255,
1.0284305810928345,
1.0277644395828247,
1.0269038677215576,
1.0262856483459473,
1.0255343914031982,
1.0246655941009521,
1.0244133472442627,
1.023895263671875,
1.0232183933258057,
1.0225623846054077,
1.0215184688568115,
1.020630955696106,
1.019913673400879,
1.019606590270996,
1.0186153650283813,
1.0178680419921875,
1.016856074333191,
1.0161774158477783,
1.015639305114746,
1.0146845579147339,
1.013960599899292,
1.0129579305648804,
1.011874794960022,
1.0112926959991455,
1.0103495121002197,
1.0089279413223267,
1.0079880952835083,
1.0071169137954712,
1.005922794342041,
1.0050235986709595,
1.0042471885681152,
1.0032546520233154,
1.002081274986267,
1.00111985206604,
0.9998732805252075,
0.9987831711769104,
0.9975461363792419,
0.9963141679763794,
0.9949979782104492,
0.9939162135124207,
0.9927749037742615,
0.9913964867591858,
0.9898715019226074,
0.9885805249214172,
0.9874039888381958,
0.9858771562576294,
0.9845714569091797,
0.9832104444503784,
0.9816948771476746,
0.9804045557975769,
0.9788928627967834,
0.9774692058563232,
0.9757567644119263,
0.9739799499511719,
0.9724425077438354,
0.9710522890090942,
0.969387948513031,
0.9679903388023376,
0.9662466049194336,
0.9646210670471191,
0.9628063440322876,
0.9615419507026672,
0.9597342610359192,
0.9579319357872009,
0.9561160206794739,
0.9547044038772583,
0.9530022144317627,
0.9509778022766113,
0.9493301510810852,
0.9474486708641052,
0.9459503293037415,
0.9441177845001221,
0.9424249529838562,
0.9407237768173218,
0.9388092756271362,
0.9371286034584045,
0.9352003335952759,
0.9335492253303528,
0.9317232966423035,
0.9301369786262512,
0.9284431338310242,
0.926561176776886,
0.9247183203697205,
0.9230817556381226,
0.9214999079704285,
0.9197431206703186,
0.9176270961761475,
0.9157992601394653,
0.9142218232154846,
0.9123240113258362,
0.910530149936676,
0.9087335467338562,
0.9070084095001221,
0.9051868319511414,
0.903533399105072,
0.9016990065574646,
0.899890661239624,
0.8982213735580444,
0.8963404297828674,
0.8943458795547485,
0.8927139639854431,
0.8906940817832947,
0.8888305425643921,
0.8873483538627625,
0.8854877352714539,
0.8835696578025818,
0.881743311882019,
0.8802374005317688,
0.8782355785369873,
0.8761675357818604,
0.8742228150367737,
0.8723213076591492,
0.8699871897697449,
0.8684463500976562,
0.8665881752967834,
0.8649159073829651,
0.8627102375030518,
0.8607224225997925,
0.8577144145965576,
0.8569375276565552,
0.8549002408981323,
0.8529916405677795,
0.8506746888160706,
0.8488456606864929,
0.8466196060180664,
0.8447209000587463,
0.8424047827720642,
0.8404144644737244,
0.8382748365402222,
0.8365233540534973,
0.8342110514640808,
0.8325302600860596,
0.8302488327026367,
0.8284299373626709,
0.8260218501091003,
0.8260218501091003,
0.0,
0.0,
0.0,
0.0,
0.0,
0.0,
0.0,
0.0,
0.0,
0.0,
0.0,
0.0,
0.0,
0.0,
0.0,
0.0,
0.0,
0.0,
0.0,
0.0,
0.0,
0.0,
0.0,
0.0,
0.0,
0.0,
0.0,
0.0,
0.0,
0.0,
0.0,
0.0,
0.0,
0.0,
0.0,
0.0,
0.0,
0.0,
0.0,
0.0,
0.0,
0.0,
0.0,
0.0,
0.0,
0.0,
0.0,
0.0,
0.0,
0.0,
0.0,
0.0,
0.0,
0.0,
0.0,
0.0,
0.0,
0.0,
0.0,
0.0,
0.0,
0.0,
0.0,
0.0,
0.0,
0.0,
0.0,
0.0,
0.0,
0.0,
0.0,
0.0,
0.0,
0.0,
0.0,
0.0,
0.0,
0.0,
0.0,
0.0,
0.0,
0.0,
0.0,
0.0,
0.0,
0.0,
0.0,
0.0,
0.0,
0.0,
0.0,
0.0,
0.0,
0.0,
0.0,
0.0,
0.0,
0.0,
0.0,
0.0,
0.0,
0.0,
0.0,
0.0,
0.0,
0.0,
0.0,
0.0,
0.0,
0.0,
0.0,
0.0,
0.0,
0.0,
0.0,
0.0,
0.0,
0.0,
0.0,
0.0,
0.0,
0.0,
0.0,
0.0,
0.0,
0.0,
0.0,
0.0,
0.0,
0.0,
0.0,
0.0,
0.0,
0.0,
0.0,
0.0,
0.0,
0.0,
0.0,
0.0,
0.0,
0.0,
0.0,
0.0,
0.0,
0.0,
0.0,
0.0,
0.0,
0.0,
0.0,
0.0,
0.0,
0.0,
0.0,
0.0,
0.0,
0.0,
0.0,
0.0,
0.0,
0.0,
0.0,
0.0,
0.0,
0.0,
0.0,
0.0,
0.0,
0.0,
0.0,
0.0,
0.0,
0.0,
0.0,
0.0,
0.0,
0.0,
0.0,
0.0,
0.0,
0.0,
0.0,
0.0,
0.0,
0.0,
0.0,
0.0,
0.0,
0.0,
0.0,
0.0,
0.0,
0.0,
0.0,
0.0,
0.0,
0.0,
0.0,
0.0,
0.0,
0.0,
0.0,
0.0,
0.0,
0.0,
0.0,
0.0,
0.0,
0.0,
0.0,
0.0,
0.0,
0.0,
0.0,
0.0,
0.0,
0.0,
0.0,
0.0,
0.0,
0.0,
0.0,
0.0,
0.0,
0.0,
0.0,
0.0,
0.0,
0.0,
0.0,
0.0,
0.0,
0.0,
0.0,
0.0,
0.0,
0.0,
0.0,
0.0,
0.0,
0.0,
0.0,
0.0,
0.0,
0.0,
0.0,
0.0,
0.0,
0.0,
0.0,
0.0,
0.0,
0.0,
0.0,
0.0,
0.0,
0.0,
0.0,
0.0,
0.0,
0.0,
0.0,
0.0,
0.0,
0.0,
0.0,
0.0,
0.0,
0.0,
0.0,
0.0,
0.0,
0.0,
0.0,
0.0,
0.0,
0.0,
0.0,
0.0,
0.0,
0.0,
0.0,
0.0,
0.0,
0.0,
0.0,
0.0,
0.0,
0.0,
0.0,
0.0,
0.0,
0.0,
0.0,
0.0,
0.0,
0.0,
0.0,
0.0,
0.0,
0.0,
0.0,
0.0,
0.0,
0.0,
0.0,
0.0,
0.0,
0.0,
0.0,
0.0,
0.0,
0.0,
0.0,
0.0,
0.0,
0.0,
0.0,
0.0,
0.0,
0.0,
0.0,
0.0,
0.0,
0.0,
0.0,
0.0,
0.0,
0.0,
0.0,
0.0,
0.0,
0.0,
0.0,
0.0,
0.0,
0.0,
0.0,
0.0,
0.0,
0.0,
0.0,
0.0,
0.0,
0.0,
0.0,
0.0,
0.0,
0.0,
0.0,
0.0,
0.0,
0.0,
0.0,
0.0,
0.0,
0.0,
0.0,
0.0,
0.0,
0.0,
0.0,
0.0,
0.0,
0.0,
0.0,
0.0,
0.0,
0.0,
0.0,
0.0,
0.0,
0.0,
0.0,
0.0,
0.0,
0.0,
0.0,
0.0,
0.0,
0.0,
0.0,
0.0,
0.0,
0.0,
0.0,
0.0,
0.0,
0.0,
0.0,
0.0,
0.0,
0.0,
0.0,
0.0,
0.0,
0.0,
0.0,
0.0,
0.0,
0.0,
0.0,
0.0,
0.0,
0.0,
0.0,
0.0,
0.0,
0.0,
0.0,
0.0,
0.0,
0.0,
0.0,
0.0,
0.0,
0.0,
0.0,
0.0,
0.0,
0.0,
0.0,
0.0,
0.0,
0.0,
0.0,
0.0,
0.0,
0.0,
0.0,
0.0,
0.0,
0.0,
0.0,
0.0,
0.0,
0.0,
0.0,
0.0,
0.0,
0.0,
0.0,
0.0,
0.0,
0.0,
0.0,
0.0,
0.0,
0.0,
0.0,
0.0,
0.0,
0.0,
0.0,
0.0,
0.0,
0.0,
0.0,
0.0,
0.0,
0.0,
0.0,
0.0,
0.0,
0.0,
0.0,
0.0,
0.0,
0.0,
0.0,
0.0,
0.0,
0.0,
0.0,
0.0,
0.0,
0.0,
0.0,
0.0,
0.0,
0.0,
0.0,
0.0,
0.0,
0.0,
0.0,
0.0,
0.0,
0.0,
0.0,
0.0,
0.0,
0.0,
0.0,
0.0,
0.0,
0.0,
0.0,
0.0,
0.0,
0.0,
0.0,
0.0,
0.0,
0.0,
0.0,
0.0,
0.0,
0.0,
0.0,
0.0,
0.0,
0.0,
0.0,
0.0,
0.0,
0.0,
0.0,
0.0,
0.0,
0.0,
0.0,
0.0,
0.0,
0.0,
0.0,
0.0,
0.0,
0.0,
0.0,
0.0,
0.0,
0.0,
0.0,
0.0,
0.0,
0.0,
0.0,
0.0,
0.0,
0.0,
0.0,
0.0,
0.0,
0.0,
0.0,
0.0,
0.0,
0.0,
0.0,
0.0,
0.0,
0.0,
0.0,
0.0,
0.0,
0.0,
0.0,
0.0,
0.0,
0.0,
0.0,
0.0,
0.0,
0.0,
0.0,
0.0,
0.0,
0.0,
0.0,
0.0,
0.0,
0.0,
0.0,
0.0,
0.0,
0.0,
0.0,
0.0,
0.0,
0.0,
0.0,
0.0,
0.0,
0.0,
0.0,
0.0,
0.0,
0.0,
0.0,
0.0,
0.0,
0.0,
0.0,
0.0,
0.0,
0.0,
0.0,
0.0,
0.0,
0.0,
0.0,
0.0,
0.0,
0.0,
0.0,
0.0,
0.0,
0.0,
0.0,
0.0,
0.0,
0.0,
0.0,
0.0,
0.0,
0.0,
0.0,
0.0,
0.0,
0.0,
0.0,
0.0,
0.0,
0.0,
0.0,
0.0,
0.0,
0.0,
0.0,
0.0,
0.0,
0.0,
0.0,
0.0,
0.0,
0.0,
0.0,
0.0,
0.0,
0.0,
0.0,
0.0,
0.0,
0.0,
0.0,
0.0,
0.0,
0.0,
0.0,
0.0,
0.0,
0.0,
0.0,
0.0,
0.0,
0.0,
0.0,
0.0,
0.0,
0.0,
0.0,
0.0,
0.0,
0.0,
0.0,
0.0,
0.0,
0.0,
0.0,
0.0,
0.0,
0.0,
0.0,
0.0,
0.0,
0.0,
0.0,
0.0,
0.0,
0.0,
0.0,
0.0,
0.0,
0.0,
0.0,
0.0,
0.0,
0.0,
0.0,
0.0,
0.0,
0.0,
0.0,
0.0,
0.0,
0.0,
0.0,
0.0,
0.0,
0.0,
0.0,
0.0,
0.0,
0.0,
0.0,
0.0,
0.0,
0.0,
0.0,
0.0,
0.0,
0.0,
0.0,
0.0,
0.0,
0.0,
0.0,
0.0,
0.0,
0.0,
0.0,
0.0,
0.0,
0.0,
0.0,
0.0,
0.0,
0.0,
0.0,
0.0,
0.0,
0.0,
0.0,
0.0,
0.0,
0.0,
0.0,
0.0,
0.0,
0.0,
0.0,
0.0,
0.0,
0.0,
0.0,
0.0,
0.0,
0.0,
0.0,
0.0,
0.0,
0.0,
0.0,
0.0,
0.0,
0.0,
0.0,
0.0,
0.0,
0.0,
0.0,
0.0,
0.0,
0.0,
0.0,
0.0,
0.0,
0.0,
0.0,
0.0,
0.0,
0.0,
0.0,
0.0,
0.0,
0.0,
0.0,
0.0,
0.0,
0.0,
0.0,
0.0,
0.0,
0.0,
0.0,
0.0,
0.0,
0.0,
0.0,
0.0,
0.0,
0.0,
0.0,
0.0,
0.0,
0.0,
0.0,
0.0,
0.0,
0.0,
0.0,
0.0,
0.0,
0.0,
0.0,
0.0,
0.0,
0.0,
0.0,
0.0,
0.0,
0.0,
0.0,
0.0,
0.0,
0.0,
0.0,
0.0,
0.0,
0.0,
0.0,
0.0,
0.0,
0.0,
0.0,
0.0,
0.0,
0.0,
0.0,
0.0,
0.0,
0.0,
0.0,
0.0,
0.0,
0.0,
0.0,
0.0,
0.0,
0.0,
0.0,
0.0,
0.0,
0.0,
0.0,
0.0,
0.0,
0.0,
0.0,
0.0,
0.0,
0.0,
0.0,
0.0,
0.0,
0.0,
0.0,
0.0,
0.0,
0.0,
0.0,
0.0,
0.0,
0.0,
0.0,
0.0,
0.0,
0.0,
0.0,
0.0,
0.0,
0.0,
0.0,
0.0,
0.0,
0.0,
0.0,
0.0,
0.0,
0.0,
0.0,
0.0,
0.0,
0.0,
0.0,
0.0,
0.0,
0.0,
0.0,
0.0,
0.0,
0.0,
0.0,
0.0,
0.0,
0.0,
0.0,
0.0,
0.0,
0.0,
0.0,
0.0,
0.0,
0.0,
0.0,
0.0,
0.0,
0.0,
0.0,
0.0,
0.0,
0.0,
0.0,
0.0,
0.0,
0.0,
0.0,
0.0,
0.0,
0.0,
0.0,
0.0,
0.0,
0.0,
0.0,
0.0,
0.0,
0.0,
0.0,
0.0,
0.0,
0.0,
0.0,
0.0,
0.0,
0.0,
0.0,
0.0,
0.0,
0.0,
0.0,
0.0,
0.0,
0.0,
0.0,
0.0,
0.0,
0.0,
0.0,
0.0,
0.0,
0.0,
0.0,
0.0,
0.0,
0.0,
0.0,
0.0,
0.0,
0.0,
0.0,
0.0,
0.0,
0.0,
0.0,
0.0,
0.0,
0.0,
0.0,
0.0,
0.0,
0.0,
0.0,
0.0,
0.0,
0.0,
0.0,
0.0,
0.0,
0.0,
0.0,
0.0,
0.0,
0.0,
0.0,
0.0,
0.0,
0.0,
0.0,
0.0,
0.0,
0.0,
0.0,
0.0,
0.0,
0.0,
0.0,
0.0,
0.0,
0.0,
0.0,
0.0,
0.0,
0.0,
0.0,
0.0,
0.0,
0.0,
0.0,
0.0,
0.0,
0.0,
0.0,
0.0,
0.0,
0.0,
0.0,
0.0,
0.0,
0.0,
0.0,
0.0,
0.0,
0.0,
0.0,
0.0,
0.0,
0.0,
0.0,
0.0,
0.0,
0.0,
0.0,
0.0,
0.0,
0.0,
0.0,
0.0,
0.0,
0.0,
0.0,
0.0,
0.0,
0.0,
0.0,
0.0,
0.0,
0.0,
0.0,
0.0,
0.0,
0.0,
0.0,
0.0,
0.0,
0.0,
0.0,
0.0,
0.0,
0.0,
0.0,
0.0,
0.0,
0.0,
0.0,
0.0,
0.0,
0.0,
0.0,
0.0,
0.0,
0.0,
0.0,
0.0,
0.0,
0.0,
0.0,
0.0,
0.0,
0.0,
0.0,
0.0,
0.0,
0.0,
0.0,
0.0,
0.0,
0.0,
0.0,
0.0,
0.0,
0.0,
0.0,
0.0,
0.0,
0.0,
0.0,
0.0,
0.0,
0.0,
0.0,
0.0,
0.0,
0.0,
0.0,
0.0,
0.0,
0.0,
0.0,
0.0,
0.0,
0.0,
0.0,
0.0,
0.0,
0.0,
0.0,
0.0,
0.0,
0.0,
0.0,
0.0,
0.0,
0.0,
0.0,
0.0,
0.0,
0.0,
0.0,
0.0,
0.0,
0.0,
0.0,
0.0,
0.0,
0.0,
0.0,
0.0,
0.0,
0.0,
0.0,
0.0,
0.0,
0.0,
0.0,
0.0,
0.0,
0.0,
0.0,
0.0,
0.0,
0.0,
0.0,
0.0,
0.0,
0.0,
0.0,
0.0,
0.0,
0.0,
0.0,
0.0,
0.0,
0.0,
0.0,
0.0,
0.0,
0.0,
0.0,
0.0,
0.0,
0.0,
0.0,
0.0,
0.0,
0.0,
0.0,
0.0,
0.0,
0.0,
0.0,
0.0,
0.0,
0.0,
0.0,
0.0,
0.0,
0.0,
0.0,
0.0,
0.0,
0.0,
0.0,
0.0,
0.0,
0.0,
0.0,
0.0,
0.0,
0.0,
0.0,
0.0,
0.0,
0.0,
0.0,
0.0,
0.0,
0.0,
0.0,
0.0,
0.0,
0.0,
0.0,
0.0,
0.0,
0.0,
0.0,
0.0,
0.0,
0.0,
0.0,
0.0,
0.0,
0.0,
0.0,
0.0,
0.0,
0.0,
0.0,
0.0,
0.0,
0.0,
0.0,
0.0,
0.0,
0.0,
0.0,
0.0,
0.0,
0.0,
0.0,
0.0,
0.0,
0.0,
0.0,
0.0,
0.0,
0.0,
0.0,
0.0,
0.0,
0.0,
0.0,
0.0,
0.0,
0.0,
0.0,
0.0,
0.0,
0.0,
0.0,
0.0,
0.0,
0.0,
0.0,
0.0,
0.0,
0.0,
0.0,
0.0,
0.0,
0.0,
0.0,
0.0,
0.0,
0.0,
0.0,
0.0,
0.0,
0.0,
0.0,
0.0,
0.0,
0.0,
0.0,
0.0,
0.0,
0.0,
0.0,
0.0,
0.0,
0.0,
0.0,
0.0,
0.0,
0.0,
0.0,
0.0,
0.0,
0.0,
0.0,
0.0,
0.0,
0.0,
0.0,
0.0,
0.0,
0.0,
0.0,
0.0,
0.0,
0.0,
0.0,
0.0,
0.0,
0.0,
0.0,
0.0,
0.0,
0.0,
0.0,
0.0,
0.0,
0.0,
0.0,
0.0,
0.0,
0.0,
0.0,
0.0,
0.0,
0.0,
0.0,
0.0,
0.0,
0.0,
0.0,
0.0,
0.0,
0.0,
0.0,
0.0,
0.0,
0.0,
0.0,
0.0,
0.0,
0.0,
0.0,
0.0,
0.0,
0.0,
0.0,
0.0,
0.0,
0.0,
0.0,
0.0,
0.0,
0.0,
0.0,
0.0,
0.0,
0.0,
0.0,
0.0,
0.0,
0.0,
0.0,
0.0,
0.0,
0.0,
0.0,
0.0,
0.0,
0.0,
0.0,
0.0,
0.0,
0.0,
0.0,
0.0,
0.0,
0.0,
0.0,
0.0,
0.0,
0.0,
0.0,
0.0,
0.0,
0.0,
0.0,
0.0,
0.0,
0.0,
0.0,
0.0,
0.0,
0.0,
0.0,
0.0,
0.0,
0.0,
0.0,
0.0,
0.0,
0.0,
0.0,
0.0,
0.0,
0.0,
0.0,
0.0,
0.0,
0.0,
0.0,
0.0,
0.0,
0.0,
0.0,
0.0,
0.0,
0.0,
0.0,
0.0,
0.0,
0.0,
0.0,
0.0,
0.0,
0.0,
0.0,
0.0,
0.0,
0.0,
0.0,
0.0,
0.0,
0.0,
0.0,
0.0,
0.0,
0.0,
0.0,
0.0,
0.0,
0.0,
0.0,
0.0,
0.0,
0.0,
0.0,
0.0,
0.0,
0.0,
0.0,
0.0,
0.0,
0.0,
0.0,
0.0,
0.0,
0.0,
0.0,
0.0,
0.0,
0.0,
0.0,
0.0,
0.0,
0.0,
0.0,
0.0,
0.0,
0.0,
0.0,
0.0,
0.0,
0.0,
0.0,
0.0,
0.0,
0.0,
0.0,
0.0,
0.0,
0.0,
0.0,
0.0,
0.0,
0.0,
0.0,
0.0,
0.0,
0.0,
0.0,
0.0,
0.0,
0.0,
0.0,
0.0,
0.0,
0.0,
0.0,
0.0,
0.0,
0.0,
0.0,
0.0,
0.0,
0.0,
0.0,
0.0,
0.0,
0.0,
0.0,
0.0,
0.0,
0.0,
0.0,
0.0,
0.0,
0.0,
0.0,
0.0,
0.0,
0.0,
0.0,
0.0,
0.0,
0.0,
0.0,
0.0,
0.0,
0.0,
0.0,
0.0,
0.0,
0.0,
0.0,
0.0,
0.0,
0.0,
0.0,
0.0,
0.0,
0.0,
0.0,
0.0,
0.0,
0.0,
0.0,
0.0,
0.0,
0.0,
0.0,
0.0,
0.0,
0.0,
0.0,
0.0,
0.0,
0.0,
0.0,
0.0,
0.0,
0.0,
0.0,
0.0,
0.0,
0.0,
0.0,
0.0,
0.0,
0.0,
0.0,
0.0,
0.0,
0.0,
0.0,
0.0,
0.0,
0.0,
0.0,
0.0,
0.0,
0.0,
0.0,
0.0,
0.0,
0.0,
0.0,
0.0,
0.0,
0.0,
0.0,
0.0,
0.0,
0.0,
0.0,
0.0,
0.0,
0.0,
0.0,
0.0,
0.0,
0.0,
0.0,
0.0,
0.0,
0.0,
0.0,
0.0,
0.0,
0.0,
0.0,
0.0,
0.0,
0.0,
0.0,
0.0,
0.0,
0.0,
0.0,
0.0,
0.0,
0.0,
0.0,
0.0,
0.0,
0.0,
0.0,
0.0,
0.0,
0.0,
0.0,
0.0,
0.0,
0.0,
0.0,
0.0,
0.0,
0.0,
0.0,
0.0,
0.0,
0.0,
0.0,
0.0,
0.0,
0.0,
0.0,
0.0,
0.0,
0.0,
0.0,
0.0,
0.0,
0.0,
0.0,
0.0,
0.0,
0.0,
0.0,
0.0,
0.0,
0.0,
0.0,
0.0,
0.0,
0.0,
0.0,
0.0,
0.0,
0.0,
0.0,
0.0,
0.0,
0.0,
0.0,
0.0,
0.0,
0.0,
0.0,
0.0,
0.0,
0.0,
0.0,
0.0,
0.0,
0.0,
0.0,
0.0,
0.0,
0.0,
0.0,
0.0,
0.0,
0.0,
0.0,
0.0,
0.0,
0.0,
0.0,
0.0,
0.0,
0.0,
0.0,
0.0,
0.0,
0.0,
0.0,
0.0,
0.0,
0.0,
0.0,
0.0,
0.0,
0.0,
0.0,
0.0,
0.0,
0.0,
0.0,
0.0,
0.0,
0.0,
0.0,
0.0,
0.0,
0.0,
0.0,
0.0,
0.0,
0.0,
0.0,
0.0,
0.0,
0.0,
0.0,
0.0,
0.0,
0.0,
0.0,
0.0,
0.0,
0.0,
0.0,
0.0,
0.0,
0.0,
0.0,
0.0,
0.0,
0.0,
0.0,
0.0,
0.0,
0.0,
0.0,
0.0,
0.0,
0.0,
0.0,
0.0,
0.0,
0.0,
0.0,
0.0,
0.0,
0.0,
0.0,
0.0,
0.0,
0.0,
0.0,
0.0,
0.0,
0.0,
0.0,
0.0,
0.0,
0.0,
0.0,
0.0,
0.0,
0.0,
0.0,
0.0,
0.0,
0.0,
0.0,
0.0,
0.0,
0.0,
0.0,
0.0,
0.0,
0.0,
0.0,
0.0,
0.0,
0.0,
0.0,
0.0,
0.0,
0.0,
0.0,
