1.0691837072372437,
1.0735646486282349,
1.0753698348999023,
1.076287031173706,
1.076982021331787,
1.0773228406906128,
1.077720046043396,
1.0778807401657104,
1.0780893564224243,
1.0782986879348755,
1.078420639038086,
1.0786415338516235,
1.0790627002716064,
1.0791667699813843,
1.0792841911315918,
1.0796821117401123,
1.0795540809631348,
1.0797340869903564,
1.0797613859176636,
1.0797926187515259,
1.0798876285552979,
1.080008625984192,
1.0797799825668335,
1.0798269510269165,
1.0797849893569946,
1.0799508094787598,
1.0800354480743408,
1.0801124572753906,
1.0801540613174438,
1.0801012516021729,
1.0799590349197388,
1.0800788402557373,
1.0802379846572876,
1.0800302028656006,
1.0802034139633179,
1.0803743600845337,
1.0804246664047241,
1.0806399583816528,
1.080588936805725,
1.080449104309082,
1.0803091526031494,
1.0804063081741333,
1.0803627967834473,
1.080575704574585,
1.0803849697113037,
1.0804039239883423,
1.0804314613342285,
1.0800572633743286,
1.0802242755889893,
1.0803803205490112,
1.0802096128463745,
1.080296516418457,
1.08053719997406,
1.0802001953125,
1.0802195072174072,
1.080269455909729,
1.0800193548202515,
1.080188274383545,
1.080056071281433,
1.0800565481185913,
1.08027184009552,
1.080305576324463,
1.0801808834075928,
1.0802794694900513,
1.080247402191162,
1.0802478790283203,
1.0802185535430908,
1.0801032781600952,
1.0802159309387207,
1.080305576324463,
1.0800378322601318,
1.080020546913147,
1.080153226852417,
1.0799425840377808,
1.080032229423523,
1.08005952835083,
1.0798441171646118,
1.0798372030258179,
1.0798938274383545,
1.0797637701034546,
1.0798038244247437,
1.0795937776565552,
1.0794745683670044,
1.0794047117233276,
1.0796217918395996,
1.079535722732544,
1.0796236991882324,
1.0795122385025024,
1.0795929431915283,
1.0794727802276611,
1.0793304443359375,
1.0792737007141113,
1.0791585445404053,
1.0791425704956055,
1.0791980028152466,
1.0790730714797974,
1.0789086818695068,
1.0790796279907227,
1.0791457891464233,
1.0790776014328003,
1.078843593597412,
1.0786768198013306,
1.078660249710083,
1.0788034200668335,
1.0784084796905518,
1.0785175561904907,
1.0784327983856201,
1.0783703327178955,
1.0785412788391113,
1.078477144241333,
1.0783836841583252,
1.0783774852752686,
1.0786083936691284,
1.0782923698425293,
1.078338623046875,
1.0780673027038574,
1.0778913497924805,
1.0777994394302368,
1.0778913497924805,
1.0776910781860352,
1.0776481628417969,
1.077642560005188,
1.077578067779541,
1.077578067779541,
1.0774039030075073,
1.0771031379699707,
1.076887607574463,
1.0769658088684082,
1.076991319656372,
1.0770777463912964,
1.0768556594848633,
1.0767213106155396,
1.07685387134552,
1.076839804649353,
1.076650619506836,
1.0766570568084717,
1.0764615535736084,
1.0762883424758911,
1.0764975547790527,
1.076313853263855,
1.0763423442840576,
1.0760456323623657,
1.0758155584335327,
1.0758846998214722,
1.0757362842559814,
1.0755311250686646,
1.075317144393921,
1.0753254890441895,
1.0753041505813599,
1.0752143859863281,
1.074999451637268,
1.0748555660247803,
1.0747404098510742,
1.0746859312057495,
1.074536681175232,
1.0745787620544434,
1.0746400356292725,
1.0745595693588257,
1.0747884511947632,
1.074481725692749,
1.0744210481643677,
1.0741945505142212,
1.074090838432312,
1.0740232467651367,
1.0738816261291504,
1.0737388134002686,
1.0736883878707886,
1.0734695196151733,
1.0733577013015747,
1.0734623670578003,
1.0732944011688232,
1.0733511447906494,
1.0732526779174805,
1.0729836225509644,
1.0729730129241943,
1.0728018283843994,
1.0725617408752441,
1.0725021362304688,
1.0724573135375977,
1.0722038745880127,
1.0722508430480957,
1.0722627639770508,
1.0721485614776611,
1.0720118284225464,
1.0718449354171753,
1.071810007095337,
1.0715407133102417,
1.0714690685272217,
1.0714681148529053,
1.0714128017425537,
1.071323275566101,
1.0711069107055664,
1.0707250833511353,
1.070677399635315,
1.070635437965393,
1.0705729722976685,
1.070481300354004,
1.070416808128357,
1.0700452327728271,
1.0699414014816284,
1.0697768926620483,
1.069567322731018,
1.0694551467895508,
1.069114089012146,
1.0691767930984497,
1.0691239833831787,
1.0691313743591309,
1.0688613653182983,
1.0687628984451294,
1.0684465169906616,
1.068286418914795,
1.0682868957519531,
1.0682708024978638,
1.0680673122406006,
1.067918300628662,
1.06756591796875,
1.0673061609268188,
1.0670182704925537,
1.0669536590576172,
1.0668917894363403,
1.0665955543518066,
1.066402554512024,
1.0663602352142334,
1.0662391185760498,
1.0658588409423828,
1.065683364868164,
1.0655287504196167,
1.0653321743011475,
1.0654120445251465,
1.065223217010498,
1.0649372339248657,
1.065022349357605,
1.0646785497665405,
1.0646041631698608,
1.0644230842590332,
1.0640472173690796,
1.0638974905014038,
1.0635327100753784,
1.0633049011230469,
1.0631979703903198,
1.0630401372909546,
1.0627342462539673,
1.0626757144927979,
1.0624390840530396,
1.062252402305603,
1.062114953994751,
1.061976432800293,
1.058171033859253,
1.058951497077942,
1.0593575239181519,
1.059693694114685,
1.0597004890441895,
1.0597825050354004,
1.0597360134124756,
1.0595499277114868,
1.059491753578186,
1.0592302083969116,
1.0592230558395386,
1.0590101480484009,
1.0589728355407715,
1.0587950944900513,
1.0584698915481567,
1.0583430528640747,
1.0582427978515625,
1.0577855110168457,
1.0577181577682495,
1.057450771331787,
1.0572148561477661,
1.0572764873504639,
1.0571035146713257,
1.056831955909729,
1.056789517402649,
1.0564686059951782,
1.0561738014221191,
1.0561656951904297,
1.0557318925857544,
1.0556020736694336,
1.0551992654800415,
1.0548529624938965,
1.0547640323638916,
1.054648518562317,
1.054153561592102,
1.0540380477905273,
1.053728699684143,
1.0534557104110718,
1.0531365871429443,
1.0528647899627686,
1.052398443222046,
1.0521992444992065,
1.0519975423812866,
1.0517935752868652,
1.0516647100448608,
1.0511012077331543,
1.050986647605896,
1.050663709640503,
1.0502245426177979,
1.0500911474227905,
1.0497169494628906,
1.0493957996368408,
1.049220323562622,
1.0488426685333252,
1.0486470460891724,
1.0483728647232056,
1.0477041006088257,
1.0472609996795654,
1.0470619201660156,
1.0467884540557861,
1.046594262123108,
1.0464133024215698,
1.045562744140625,
1.045113444328308,
1.0450600385665894,
1.0444703102111816,
1.0441802740097046,
1.0437825918197632,
1.0434175729751587,
1.0432103872299194,
1.0427619218826294,
1.0423569679260254,
1.042028546333313,
1.0413014888763428,
1.0410772562026978,
1.0405428409576416,
1.0402597188949585,
1.0399020910263062,
1.0393781661987305,
1.038779616355896,
1.0382448434829712,
1.0380170345306396,
1.037519931793213,
1.0370421409606934,
1.0366451740264893,
1.0359030961990356,
1.0352997779846191,
1.0350261926651,
1.0344531536102295,
1.0337311029434204,
1.0332458019256592,
1.0329771041870117,
1.0325119495391846,
1.0318536758422852,
1.0314319133758545,
1.0308566093444824,
1.0302320718765259,
1.029653549194336,
1.0294817686080933,
1.0287028551101685,
1.028121829032898,
1.0276868343353271,
1.0271494388580322,
1.026731252670288,
1.0260231494903564,
1.0253647565841675,
1.024556040763855,
1.0240756273269653,
1.0233365297317505,
1.0228514671325684,
1.022002100944519,
1.0215307474136353,
1.020978331565857,
1.0199711322784424,
1.0195115804672241,
1.0187854766845703,
1.0181846618652344,
1.017462968826294,
1.0167878866195679,
1.0162324905395508,
1.0156023502349854,
1.0148447751998901,
1.0137734413146973,
1.0132737159729004,
1.0121591091156006,
1.0115190744400024,
1.0108563899993896,
1.009872555732727,
1.0092241764068604,
1.008692741394043,
1.0074753761291504,
1.006748914718628,
1.0058059692382812,
1.0046138763427734,
1.0036803483963013,
1.0029213428497314,
1.0019340515136719,
1.0008214712142944,
1.0001139640808105,
0.9990223050117493,
0.9977360963821411,
0.9970544576644897,
0.9960908889770508,
0.9950610399246216,
0.9939530491828918,
0.99285489320755,
0.9916528463363647,
0.9903776049613953,
0.9890879988670349,
0.9881011247634888,
0.9866822361946106,
0.9853988885879517,
0.9840848445892334,
0.9826717376708984,
0.981391966342926,
0.9801214933395386,
0.9786909222602844,
0.9773328900337219,
0.9758579134941101,
0.9742980003356934,
0.9728935956954956,
0.9713499546051025,
0.9695478677749634,
0.9678711891174316,
0.9666688442230225,
0.9650508761405945,
0.9636845588684082,
0.962083101272583,
0.9603217840194702,
0.9587958455085754,
0.9569408893585205,
0.9553852081298828,
0.9534319043159485,
0.9517776966094971,
0.9503306150436401,
0.9487451910972595,
0.9466670155525208,
0.9451151490211487,
0.9435561895370483,
0.9416629076004028,
0.9400171637535095,
0.9383524656295776,
0.9365589022636414,
0.9345381259918213,
0.9329529404640198,
0.9311114549636841,
0.9293772578239441,
0.9276773929595947,
0.925736129283905,
0.9241078495979309,
0.9223834276199341,
0.920464277267456,
0.9185582995414734,
0.9171635508537292,
0.9151528477668762,
0.9132591485977173,
0.9116855263710022,
0.9098783731460571,
0.9081895351409912,
0.9062114953994751,
0.9042865037918091,
0.902751088142395,
0.9008103609085083,
0.8987627625465393,
0.8969563841819763,
0.8948702812194824,
0.8932939767837524,
0.89129239320755,
0.8896335959434509,
0.8876932859420776,
0.8856396079063416,
0.8841191530227661,
0.8824830651283264,
0.8802741765975952,
0.8783950209617615,
0.8762416243553162,
0.874235212802887,
0.8715661764144897,
0.8705823421478271,
0.8681973218917847,
0.8662889003753662,
0.8642861247062683,
0.8621639013290405,
0.8605268597602844,
0.8582640886306763,
0.8559245467185974,
0.8540171980857849,
0.8521105647087097,
0.8495737910270691,
0.8475272059440613,
0.8455466628074646,
0.8432015776634216,
0.8409645557403564,
0.8393000364303589,
0.8367781639099121,
0.8347047567367554,
0.831601619720459,
0.830381453037262,
0.8281420469284058,
0.826055109500885,
0.826055109500885,
0.826055109500885,
0.0,
0.0,
0.0,
0.0,
0.0,
0.0,
0.0,
0.0,
0.0,
0.0,
0.0,
0.0,
0.0,
0.0,
0.0,
0.0,
0.0,
0.0,
0.0,
0.0,
0.0,
0.0,
0.0,
0.0,
0.0,
0.0,
0.0,
0.0,
0.0,
0.0,
0.0,
0.0,
0.0,
0.0,
0.0,
0.0,
0.0,
0.0,
0.0,
0.0,
0.0,
0.0,
0.0,
0.0,
0.0,
0.0,
0.0,
0.0,
0.0,
0.0,
0.0,
0.0,
0.0,
0.0,
0.0,
0.0,
0.0,
0.0,
0.0,
0.0,
0.0,
0.0,
0.0,
0.0,
0.0,
0.0,
0.0,
0.0,
0.0,
0.0,
0.0,
0.0,
0.0,
0.0,
0.0,
0.0,
0.0,
0.0,
0.0,
0.0,
0.0,
0.0,
0.0,
0.0,
0.0,
0.0,
0.0,
0.0,
0.0,
0.0,
0.0,
0.0,
0.0,
0.0,
0.0,
0.0,
0.0,
0.0,
0.0,
0.0,
0.0,
0.0,
0.0,
0.0,
0.0,
0.0,
0.0,
0.0,
0.0,
0.0,
0.0,
0.0,
0.0,
0.0,
0.0,
0.0,
0.0,
0.0,
0.0,
0.0,
0.0,
0.0,
0.0,
0.0,
0.0,
0.0,
0.0,
0.0,
0.0,
0.0,
0.0,
0.0,
0.0,
0.0,
0.0,
0.0,
0.0,
0.0,
0.0,
0.0,
0.0,
0.0,
0.0,
0.0,
0.0,
0.0,
0.0,
0.0,
0.0,
0.0,
0.0,
0.0,
0.0,
0.0,
0.0,
0.0,
0.0,
0.0,
0.0,
0.0,
0.0,
0.0,
0.0,
0.0,
0.0,
0.0,
0.0,
0.0,
0.0,
0.0,
0.0,
0.0,
0.0,
0.0,
0.0,
0.0,
0.0,
0.0,
0.0,
0.0,
0.0,
0.0,
0.0,
0.0,
0.0,
0.0,
0.0,
0.0,
0.0,
0.0,
0.0,
0.0,
0.0,
0.0,
0.0,
0.0,
0.0,
0.0,
0.0,
0.0,
0.0,
0.0,
0.0,
0.0,
0.0,
0.0,
0.0,
0.0,
0.0,
0.0,
0.0,
0.0,
0.0,
0.0,
0.0,
0.0,
0.0,
0.0,
0.0,
0.0,
0.0,
0.0,
0.0,
0.0,
0.0,
0.0,
0.0,
0.0,
0.0,
0.0,
0.0,
0.0,
0.0,
0.0,
0.0,
0.0,
0.0,
0.0,
0.0,
0.0,
0.0,
0.0,
0.0,
0.0,
0.0,
0.0,
0.0,
0.0,
0.0,
0.0,
0.0,
0.0,
0.0,
0.0,
0.0,
0.0,
0.0,
0.0,
0.0,
0.0,
0.0,
0.0,
0.0,
0.0,
0.0,
0.0,
0.0,
0.0,
0.0,
0.0,
0.0,
0.0,
0.0,
0.0,
0.0,
0.0,
0.0,
0.0,
0.0,
0.0,
0.0,
0.0,
0.0,
0.0,
0.0,
0.0,
0.0,
0.0,
0.0,
0.0,
0.0,
0.0,
0.0,
0.0,
0.0,
0.0,
0.0,
0.0,
0.0,
0.0,
0.0,
0.0,
0.0,
0.0,
0.0,
0.0,
0.0,
0.0,
0.0,
0.0,
0.0,
0.0,
0.0,
0.0,
0.0,
0.0,
0.0,
0.0,
0.0,
0.0,
0.0,
0.0,
0.0,
0.0,
0.0,
0.0,
0.0,
0.0,
0.0,
0.0,
0.0,
0.0,
0.0,
0.0,
0.0,
0.0,
0.0,
0.0,
0.0,
0.0,
0.0,
0.0,
0.0,
0.0,
0.0,
0.0,
0.0,
0.0,
0.0,
0.0,
0.0,
0.0,
0.0,
0.0,
0.0,
0.0,
0.0,
0.0,
0.0,
0.0,
0.0,
0.0,
0.0,
0.0,
0.0,
0.0,
0.0,
0.0,
0.0,
0.0,
0.0,
0.0,
0.0,
0.0,
0.0,
0.0,
0.0,
0.0,
0.0,
0.0,
0.0,
0.0,
0.0,
0.0,
0.0,
0.0,
0.0,
0.0,
0.0,
0.0,
0.0,
0.0,
0.0,
0.0,
0.0,
0.0,
0.0,
0.0,
0.0,
0.0,
0.0,
0.0,
0.0,
0.0,
0.0,
0.0,
0.0,
0.0,
0.0,
0.0,
0.0,
0.0,
0.0,
0.0,
0.0,
0.0,
0.0,
0.0,
0.0,
0.0,
0.0,
0.0,
0.0,
0.0,
0.0,
0.0,
0.0,
0.0,
0.0,
0.0,
0.0,
0.0,
0.0,
0.0,
0.0,
0.0,
0.0,
0.0,
0.0,
0.0,
0.0,
0.0,
0.0,
0.0,
0.0,
0.0,
0.0,
0.0,
0.0,
0.0,
0.0,
0.0,
0.0,
0.0,
0.0,
0.0,
0.0,
0.0,
0.0,
0.0,
0.0,
0.0,
0.0,
0.0,
0.0,
0.0,
0.0,
0.0,
0.0,
0.0,
0.0,
0.0,
0.0,
0.0,
0.0,
0.0,
0.0,
0.0,
0.0,
0.0,
0.0,
0.0,
0.0,
0.0,
0.0,
0.0,
0.0,
0.0,
0.0,
0.0,
0.0,
0.0,
0.0,
0.0,
0.0,
0.0,
0.0,
0.0,
0.0,
0.0,
0.0,
0.0,
0.0,
0.0,
0.0,
0.0,
0.0,
0.0,
0.0,
0.0,
0.0,
0.0,
0.0,
0.0,
0.0,
0.0,
0.0,
0.0,
0.0,
0.0,
0.0,
0.0,
0.0,
0.0,
0.0,
0.0,
0.0,
0.0,
0.0,
0.0,
0.0,
0.0,
0.0,
0.0,
0.0,
0.0,
0.0,
0.0,
0.0,
0.0,
0.0,
0.0,
0.0,
0.0,
0.0,
0.0,
0.0,
0.0,
0.0,
0.0,
0.0,
0.0,
0.0,
0.0,
0.0,
0.0,
0.0,
0.0,
0.0,
0.0,
0.0,
0.0,
0.0,
0.0,
0.0,
0.0,
0.0,
0.0,
0.0,
0.0,
0.0,
0.0,
0.0,
0.0,
0.0,
0.0,
0.0,
0.0,
0.0,
0.0,
0.0,
0.0,
0.0,
0.0,
0.0,
0.0,
0.0,
0.0,
0.0,
0.0,
0.0,
0.0,
0.0,
0.0,
0.0,
0.0,
0.0,
0.0,
0.0,
0.0,
0.0,
0.0,
0.0,
0.0,
0.0,
0.0,
0.0,
0.0,
0.0,
0.0,
0.0,
0.0,
0.0,
0.0,
0.0,
0.0,
0.0,
0.0,
0.0,
0.0,
0.0,
0.0,
0.0,
0.0,
0.0,
0.0,
0.0,
0.0,
0.0,
0.0,
0.0,
0.0,
0.0,
0.0,
0.0,
0.0,
0.0,
0.0,
0.0,
0.0,
0.0,
0.0,
0.0,
0.0,
0.0,
0.0,
0.0,
0.0,
0.0,
0.0,
0.0,
0.0,
0.0,
0.0,
0.0,
0.0,
0.0,
0.0,
0.0,
0.0,
0.0,
0.0,
0.0,
0.0,
0.0,
0.0,
0.0,
0.0,
0.0,
0.0,
0.0,
0.0,
0.0,
0.0,
0.0,
0.0,
0.0,
0.0,
0.0,
0.0,
0.0,
0.0,
0.0,
0.0,
0.0,
0.0,
0.0,
0.0,
0.0,
0.0,
0.0,
0.0,
0.0,
0.0,
0.0,
0.0,
0.0,
0.0,
0.0,
0.0,
0.0,
0.0,
0.0,
0.0,
0.0,
0.0,
0.0,
0.0,
0.0,
0.0,
0.0,
0.0,
0.0,
0.0,
0.0,
0.0,
0.0,
0.0,
0.0,
0.0,
0.0,
0.0,
0.0,
0.0,
0.0,
0.0,
0.0,
0.0,
0.0,
0.0,
0.0,
0.0,
0.0,
0.0,
0.0,
0.0,
0.0,
0.0,
0.0,
0.0,
0.0,
0.0,
0.0,
0.0,
0.0,
0.0,
0.0,
0.0,
0.0,
0.0,
0.0,
0.0,
0.0,
0.0,
0.0,
0.0,
0.0,
0.0,
0.0,
0.0,
0.0,
0.0,
0.0,
0.0,
0.0,
0.0,
0.0,
0.0,
0.0,
0.0,
0.0,
0.0,
0.0,
0.0,
0.0,
0.0,
0.0,
0.0,
0.0,
0.0,
0.0,
0.0,
0.0,
0.0,
0.0,
0.0,
0.0,
0.0,
0.0,
0.0,
0.0,
0.0,
0.0,
0.0,
0.0,
0.0,
0.0,
0.0,
0.0,
0.0,
0.0,
0.0,
0.0,
0.0,
0.0,
0.0,
0.0,
0.0,
0.0,
0.0,
0.0,
0.0,
0.0,
0.0,
0.0,
0.0,
0.0,
0.0,
0.0,
0.0,
0.0,
0.0,
0.0,
0.0,
0.0,
0.0,
0.0,
0.0,
0.0,
0.0,
0.0,
0.0,
0.0,
0.0,
0.0,
0.0,
0.0,
0.0,
0.0,
0.0,
0.0,
0.0,
0.0,
0.0,
0.0,
0.0,
0.0,
0.0,
0.0,
0.0,
0.0,
0.0,
0.0,
0.0,
0.0,
0.0,
0.0,
0.0,
0.0,
0.0,
0.0,
0.0,
0.0,
0.0,
0.0,
0.0,
0.0,
0.0,
0.0,
0.0,
0.0,
0.0,
0.0,
0.0,
0.0,
0.0,
0.0,
0.0,
0.0,
0.0,
0.0,
0.0,
0.0,
0.0,
0.0,
0.0,
0.0,
0.0,
0.0,
0.0,
0.0,
0.0,
0.0,
0.0,
0.0,
0.0,
0.0,
0.0,
0.0,
0.0,
0.0,
0.0,
0.0,
0.0,
0.0,
0.0,
0.0,
0.0,
0.0,
0.0,
0.0,
0.0,
0.0,
0.0,
0.0,
0.0,
0.0,
0.0,
0.0,
0.0,
0.0,
0.0,
0.0,
0.0,
0.0,
0.0,
0.0,
0.0,
0.0,
0.0,
0.0,
0.0,
0.0,
0.0,
0.0,
0.0,
0.0,
0.0,
0.0,
0.0,
0.0,
0.0,
0.0,
0.0,
0.0,
0.0,
0.0,
0.0,
0.0,
0.0,
0.0,
0.0,
0.0,
0.0,
0.0,
0.0,
0.0,
0.0,
0.0,
0.0,
0.0,
0.0,
0.0,
0.0,
0.0,
0.0,
0.0,
0.0,
0.0,
0.0,
0.0,
0.0,
0.0,
0.0,
0.0,
0.0,
0.0,
0.0,
0.0,
0.0,
0.0,
0.0,
0.0,
0.0,
0.0,
0.0,
0.0,
0.0,
0.0,
0.0,
0.0,
0.0,
0.0,
0.0,
0.0,
0.0,
0.0,
0.0,
0.0,
0.0,
0.0,
0.0,
0.0,
0.0,
0.0,
0.0,
0.0,
0.0,
0.0,
0.0,
0.0,
0.0,
0.0,
0.0,
0.0,
0.0,
0.0,
0.0,
0.0,
0.0,
0.0,
0.0,
0.0,
0.0,
0.0,
0.0,
0.0,
0.0,
0.0,
0.0,
0.0,
0.0,
0.0,
0.0,
0.0,
0.0,
0.0,
0.0,
0.0,
0.0,
0.0,
0.0,
0.0,
0.0,
0.0,
0.0,
0.0,
0.0,
0.0,
0.0,
0.0,
0.0,
0.0,
0.0,
0.0,
0.0,
0.0,
0.0,
0.0,
0.0,
0.0,
0.0,
0.0,
0.0,
0.0,
0.0,
0.0,
0.0,
0.0,
0.0,
0.0,
0.0,
0.0,
0.0,
0.0,
0.0,
0.0,
0.0,
0.0,
0.0,
0.0,
0.0,
0.0,
0.0,
0.0,
0.0,
0.0,
0.0,
0.0,
0.0,
0.0,
0.0,
0.0,
0.0,
0.0,
0.0,
0.0,
0.0,
0.0,
0.0,
0.0,
0.0,
0.0,
0.0,
0.0,
0.0,
0.0,
0.0,
0.0,
0.0,
0.0,
0.0,
0.0,
0.0,
0.0,
0.0,
0.0,
0.0,
0.0,
0.0,
0.0,
0.0,
0.0,
0.0,
0.0,
0.0,
0.0,
0.0,
0.0,
0.0,
0.0,
0.0,
0.0,
0.0,
0.0,
0.0,
0.0,
0.0,
0.0,
0.0,
0.0,
0.0,
0.0,
0.0,
0.0,
0.0,
0.0,
0.0,
0.0,
0.0,
0.0,
0.0,
0.0,
0.0,
0.0,
0.0,
0.0,
0.0,
0.0,
0.0,
0.0,
0.0,
0.0,
0.0,
0.0,
0.0,
0.0,
0.0,
0.0,
0.0,
0.0,
0.0,
0.0,
0.0,
0.0,
0.0,
0.0,
0.0,
0.0,
0.0,
0.0,
0.0,
0.0,
0.0,
0.0,
0.0,
0.0,
0.0,
0.0,
0.0,
0.0,
0.0,
0.0,
0.0,
0.0,
0.0,
0.0,
0.0,
0.0,
0.0,
0.0,
0.0,
0.0,
0.0,
0.0,
0.0,
0.0,
0.0,
0.0,
0.0,
0.0,
0.0,
0.0,
0.0,
0.0,
0.0,
0.0,
0.0,
0.0,
0.0,
0.0,
0.0,
0.0,
0.0,
0.0,
0.0,
0.0,
0.0,
0.0,
0.0,
0.0,
0.0,
0.0,
0.0,
0.0,
0.0,
0.0,
0.0,
0.0,
0.0,
0.0,
0.0,
0.0,
0.0,
0.0,
0.0,
0.0,
0.0,
0.0,
0.0,
0.0,
0.0,
0.0,
0.0,
0.0,
0.0,
0.0,
0.0,
0.0,
0.0,
0.0,
0.0,
0.0,
0.0,
0.0,
0.0,
0.0,
0.0,
0.0,
0.0,
0.0,
0.0,
0.0,
0.0,
0.0,
0.0,
0.0,
0.0,
0.0,
0.0,
0.0,
0.0,
0.0,
0.0,
0.0,
0.0,
0.0,
0.0,
0.0,
0.0,
0.0,
0.0,
0.0,
0.0,
0.0,
0.0,
0.0,
0.0,
0.0,
0.0,
0.0,
0.0,
0.0,
0.0,
0.0,
0.0,
0.0,
0.0,
0.0,
0.0,
0.0,
0.0,
0.0,
0.0,
0.0,
0.0,
0.0,
0.0,
0.0,
0.0,
0.0,
0.0,
0.0,
0.0,
0.0,
0.0,
0.0,
0.0,
0.0,
0.0,
0.0,
0.0,
0.0,
0.0,
0.0,
0.0,
0.0,
0.0,
0.0,
0.0,
0.0,
0.0,
0.0,
0.0,
0.0,
0.0,
0.0,
0.0,
0.0,
0.0,
0.0,
0.0,
0.0,
0.0,
0.0,
0.0,
0.0,
0.0,
0.0,
0.0,
0.0,
0.0,
0.0,
0.0,
0.0,
0.0,
0.0,
0.0,
0.0,
0.0,
0.0,
0.0,
0.0,
0.0,
0.0,
0.0,
0.0,
0.0,
0.0,
0.0,
0.0,
0.0,
0.0,
0.0,
0.0,
0.0,
0.0,
0.0,
0.0,
0.0,
0.0,
0.0,
0.0,
0.0,
0.0,
0.0,
0.0,
0.0,
0.0,
0.0,
0.0,
0.0,
0.0,
0.0,
0.0,
0.0,
0.0,
0.0,
0.0,
0.0,
0.0,
0.0,
0.0,
0.0,
0.0,
0.0,
0.0,
0.0,
0.0,
0.0,
0.0,
0.0,
0.0,
0.0,
0.0,
0.0,
0.0,
0.0,
0.0,
0.0,
0.0,
0.0,
0.0,
0.0,
0.0,
0.0,
0.0,
0.0,
0.0,
0.0,
0.0,
0.0,
0.0,
0.0,
0.0,
0.0,
0.0,
0.0,
0.0,
0.0,
0.0,
0.0,
0.0,
0.0,
0.0,
0.0,
0.0,
0.0,
0.0,
0.0,
0.0,
0.0,
0.0,
0.0,
0.0,
0.0,
0.0,
0.0,
0.0,
0.0,
0.0,
0.0,
0.0,
0.0,
0.0,
0.0,
0.0,
0.0,
0.0,
0.0,
0.0,
0.0,
0.0,
0.0,
0.0,
0.0,
0.0,
0.0,
0.0,
0.0,
0.0,
0.0,
0.0,
0.0,
0.0,
0.0,
0.0,
0.0,
0.0,
0.0,
0.0,
0.0,
0.0,
0.0,
0.0,
0.0,
0.0,
0.0,
0.0,
0.0,
0.0,
0.0,
0.0,
0.0,
0.0,
0.0,
0.0,
0.0,
0.0,
0.0,
0.0,
0.0,
0.0,
0.0,
0.0,
0.0,
0.0,
0.0,
0.0,
0.0,
0.0,
0.0,
0.0,
0.0,
0.0,
0.0,
0.0,
0.0,
0.0,
0.0,
0.0,
0.0,
0.0,
0.0,
0.0,
0.0,
0.0,
0.0,
0.0,
0.0,
0.0,
0.0,
0.0,
0.0,
0.0,
0.0,
0.0,
0.0,
0.0,
0.0,
0.0,
0.0,
0.0,
0.0,
0.0,
0.0,
0.0,
0.0,
0.0,
0.0,
0.0,
0.0,
0.0,
0.0,
0.0,
0.0,
0.0,
0.0,
0.0,
0.0,
0.0,
0.0,
0.0,
0.0,
0.0,
0.0,
0.0,
0.0,
0.0,
0.0,
0.0,
0.0,
0.0,
0.0,
0.0,
0.0,
0.0,
0.0,
0.0,
0.0,
0.0,
0.0,
0.0,
0.0,
0.0,
0.0,
0.0,
0.0,
0.0,
0.0,
0.0,
0.0,
0.0,
0.0,
0.0,
0.0,
0.0,
0.0,
0.0,
0.0,
0.0,
0.0,
0.0,
0.0,
0.0,
0.0,
0.0,
0.0,
0.0,
0.0,
0.0,
0.0,
0.0,
0.0,
0.0,
0.0,
0.0,
0.0,
0.0,
0.0,
0.0,
0.0,
0.0,
0.0,
0.0,
0.0,
0.0,
0.0,
0.0,
0.0,
0.0,
0.0,
0.0,
0.0,
0.0,
0.0,
0.0,
0.0,
0.0,
0.0,
0.0,
0.0,
0.0,
0.0,
0.0,
0.0,
0.0,
0.0,
0.0,
0.0,
0.0,
0.0,
0.0,
0.0,
0.0,
0.0,
0.0,
0.0,
0.0,
0.0,
0.0,
0.0,
0.0,
0.0,
0.0,
0.0,
0.0,
0.0,
0.0,
0.0,
0.0,
0.0,
0.0,
0.0,
0.0,
0.0,
0.0,
0.0,
0.0,
0.0,
0.0,
0.0,
0.0,
0.0,
0.0,
0.0,
0.0,
0.0,
0.0,
0.0,
0.0,
0.0,
0.0,
0.0,
0.0,
0.0,
0.0,
0.0,
0.0,
0.0,
0.0,
0.0,
0.0,
0.0,
0.0,
0.0,
0.0,
0.0,
0.0,
0.0,
0.0,
0.0,
0.0,
0.0,
0.0,
0.0,
0.0,
0.0,
0.0,
0.0,
0.0,
0.0,
0.0,
0.0,
0.0,
0.0,
0.0,
0.0,
0.0,
0.0,
0.0,
0.0,
0.0,
0.0,
0.0,
0.0,
0.0,
0.0,
0.0,
0.0,
0.0,
0.0,
0.0,
0.0,
0.0,
0.0,
0.0,
0.0,
0.0,
0.0,
0.0,
0.0,
0.0,
0.0,
0.0,
0.0,
0.0,
0.0,
0.0,
0.0,
0.0,
0.0,
0.0,
0.0,
0.0,
0.0,
0.0,
0.0,
0.0,
0.0,
0.0,
0.0,
0.0,
0.0,
0.0,
0.0,
0.0,
0.0,
0.0,
0.0,
0.0,
0.0,
0.0,
0.0,
0.0,
0.0,
0.0,
0.0,
0.0,
0.0,
0.0,
0.0,
0.0,
0.0,
0.0,
