1.06831955909729,
1.0726138353347778,
1.0743216276168823,
1.075083613395691,
1.0759062767028809,
1.0763136148452759,
1.0765790939331055,
1.0769156217575073,
1.0770938396453857,
1.0772098302841187,
1.0775861740112305,
1.0777440071105957,
1.0780274868011475,
1.0781707763671875,
1.0782463550567627,
1.0785022974014282,
1.0785329341888428,
1.078590750694275,
1.0786542892456055,
1.078739881515503,
1.0786786079406738,
1.0788607597351074,
1.0788493156433105,
1.0788156986236572,
1.0790040493011475,
1.0789426565170288,
1.0789870023727417,
1.0792721509933472,
1.0792689323425293,
1.0791321992874146,
1.0792505741119385,
1.0793027877807617,
1.0792909860610962,
1.079356074333191,
1.0794780254364014,
1.0794763565063477,
1.0795782804489136,
1.0796384811401367,
1.0797003507614136,
1.0796462297439575,
1.079642653465271,
1.079795241355896,
1.0797123908996582,
1.079675555229187,
1.0797866582870483,
1.079692006111145,
1.0795276165008545,
1.0796960592269897,
1.0796408653259277,
1.0796570777893066,
1.0798418521881104,
1.0798413753509521,
1.079829216003418,
1.079803228378296,
1.0796500444412231,
1.0797600746154785,
1.0797741413116455,
1.0796457529067993,
1.0797384977340698,
1.0797502994537354,
1.0798105001449585,
1.0799754858016968,
1.079943299293518,
1.079901933670044,
1.0799154043197632,
1.0798248052597046,
1.0797710418701172,
1.0799341201782227,
1.0798286199569702,
1.0797737836837769,
1.0798616409301758,
1.0797195434570312,
1.0797464847564697,
1.0798137187957764,
1.0798479318618774,
1.0799980163574219,
1.0799241065979004,
1.0798264741897583,
1.079778790473938,
1.0797144174575806,
1.0796318054199219,
1.0797585248947144,
1.0796726942062378,
1.0795944929122925,
1.0798134803771973,
1.0797364711761475,
1.07988703250885,
1.079870343208313,
1.0797944068908691,
1.079542636871338,
1.079695701599121,
1.0795471668243408,
1.0796945095062256,
1.0796349048614502,
1.079566240310669,
1.079553246498108,
1.0794892311096191,
1.0795079469680786,
1.0796605348587036,
1.0795197486877441,
1.079304575920105,
1.0793859958648682,
1.0792632102966309,
1.0792518854141235,
1.0793445110321045,
1.0791891813278198,
1.079036831855774,
1.0792914628982544,
1.0793278217315674,
1.079310417175293,
1.0792956352233887,
1.0791155099868774,
1.0793219804763794,
1.079178810119629,
1.079129934310913,
1.079015851020813,
1.0789486169815063,
1.0787996053695679,
1.0789240598678589,
1.078712821006775,
1.0786447525024414,
1.0787253379821777,
1.0786693096160889,
1.0786511898040771,
1.0786769390106201,
1.0784337520599365,
1.0782790184020996,
1.078362226486206,
1.0782510042190552,
1.078263282775879,
1.0782413482666016,
1.078244924545288,
1.0782588720321655,
1.0782142877578735,
1.0782055854797363,
1.078229546546936,
1.0781015157699585,
1.07791006565094,
1.0779989957809448,
1.077805519104004,
1.0777311325073242,
1.0778177976608276,
1.077659249305725,
1.077543020248413,
1.0776054859161377,
1.0774980783462524,
1.0774585008621216,
1.077430248260498,
1.0773354768753052,
1.0772076845169067,
1.0771238803863525,
1.0771117210388184,
1.0770368576049805,
1.076924443244934,
1.0769147872924805,
1.0768935680389404,
1.076859712600708,
1.0767934322357178,
1.0767438411712646,
1.076636552810669,
1.076470971107483,
1.0765405893325806,
1.0764439105987549,
1.0763838291168213,
1.0763061046600342,
1.0762242078781128,
1.076249599456787,
1.076079249382019,
1.0759917497634888,
1.0759468078613281,
1.0758177042007446,
1.0757274627685547,
1.0757737159729004,
1.0755279064178467,
1.075365662574768,
1.0753331184387207,
1.0751409530639648,
1.0751034021377563,
1.0751245021820068,
1.0750714540481567,
1.0750821828842163,
1.074993371963501,
1.074868083000183,
1.0747053623199463,
1.0747135877609253,
1.0746136903762817,
1.0744707584381104,
1.074302077293396,
1.0741750001907349,
1.0742108821868896,
1.0739673376083374,
1.0738070011138916,
1.0737371444702148,
1.0735833644866943,
1.0734903812408447,
1.0735758543014526,
1.0733962059020996,
1.0731934309005737,
1.0731381177902222,
1.0729221105575562,
1.072839617729187,
1.0727711915969849,
1.0726407766342163,
1.0725058317184448,
1.0724345445632935,
1.0722750425338745,
1.0723508596420288,
1.0721418857574463,
1.071914792060852,
1.0718998908996582,
1.0716546773910522,
1.0716724395751953,
1.071541666984558,
1.0713427066802979,
1.0710647106170654,
1.0709906816482544,
1.0707969665527344,
1.0706809759140015,
1.0706467628479004,
1.0704293251037598,
1.0702486038208008,
1.070069670677185,
1.0698997974395752,
1.0697717666625977,
1.0695735216140747,
1.0693439245224,
1.0693459510803223,
1.0691534280776978,
1.0691845417022705,
1.0690281391143799,
1.0687084197998047,
1.0686272382736206,
1.0685354471206665,
1.0683741569519043,
1.0681451559066772,
1.0678911209106445,
1.0675767660140991,
1.0674909353256226,
1.0672842264175415,
1.0670942068099976,
1.0669609308242798,
1.066764235496521,
1.0664912462234497,
1.0665080547332764,
1.0661749839782715,
1.0659816265106201,
1.0657742023468018,
1.062423825263977,
1.0648651123046875,
1.0655856132507324,
1.0657566785812378,
1.0656830072402954,
1.0657011270523071,
1.0655421018600464,
1.065320372581482,
1.065219759941101,
1.0649809837341309,
1.0648921728134155,
1.0647528171539307,
1.0645517110824585,
1.0643401145935059,
1.0640016794204712,
1.063845157623291,
1.06365966796875,
1.0633434057235718,
1.063126802444458,
1.0628892183303833,
1.0626810789108276,
1.0625816583633423,
1.0623561143875122,
1.0620194673538208,
1.061824083328247,
1.0615589618682861,
1.0612229108810425,
1.061094045639038,
1.0608232021331787,
1.0605510473251343,
1.0601825714111328,
1.0598070621490479,
1.059434413909912,
1.0593549013137817,
1.0590347051620483,
1.0586538314819336,
1.0585025548934937,
1.0580745935440063,
1.0576369762420654,
1.0574861764907837,
1.057142972946167,
1.0568716526031494,
1.0565382242202759,
1.0561087131500244,
1.055914282798767,
1.0556275844573975,
1.0552277565002441,
1.0549622774124146,
1.0546530485153198,
1.054220199584961,
1.053999423980713,
1.0535637140274048,
1.0530400276184082,
1.052769422531128,
1.0521929264068604,
1.051774263381958,
1.0516408681869507,
1.0512275695800781,
1.050734281539917,
1.0504024028778076,
1.0499076843261719,
1.0495967864990234,
1.0490418672561646,
1.048620581626892,
1.0482420921325684,
1.0477581024169922,
1.0472103357315063,
1.0468006134033203,
1.0464235544204712,
1.0458742380142212,
1.0456181764602661,
1.0450841188430786,
1.044561743736267,
1.0440928936004639,
1.043552279472351,
1.0429139137268066,
1.0424525737762451,
1.0418013334274292,
1.0413864850997925,
1.0407543182373047,
1.0400936603546143,
1.0396219491958618,
1.0390359163284302,
1.0384588241577148,
1.0378608703613281,
1.036995530128479,
1.0364470481872559,
1.035656213760376,
1.035006046295166,
1.0345901250839233,
1.0337984561920166,
1.033101201057434,
1.0325970649719238,
1.0320369005203247,
1.0311821699142456,
1.0306886434555054,
1.030043363571167,
1.0293097496032715,
1.0284397602081299,
1.0274631977081299,
1.0265740156173706,
1.0261341333389282,
1.025321125984192,
1.0243966579437256,
1.023667573928833,
1.022702693939209,
1.0218955278396606,
1.021109700202942,
1.0201561450958252,
1.0191278457641602,
1.0178110599517822,
1.0170691013336182,
1.0161582231521606,
1.0148241519927979,
1.0139427185058594,
1.0128686428070068,
1.0118285417556763,
1.0104541778564453,
1.0098453760147095,
1.0085047483444214,
1.0071969032287598,
1.006211280822754,
1.0048022270202637,
1.0033625364303589,
1.0022081136703491,
1.0009475946426392,
0.9995362162590027,
0.9978824853897095,
0.9965802431106567,
0.9953805804252625,
0.9936295747756958,
0.9923818707466125,
0.9907713532447815,
0.989036500453949,
0.9873587489128113,
0.9856846332550049,
0.9835729598999023,
0.9821159839630127,
0.9804035425186157,
0.9787646532058716,
0.9769444465637207,
0.9751781225204468,
0.9732958674430847,
0.9715609550476074,
0.9697149395942688,
0.967685878276825,
0.965606153011322,
0.9637798070907593,
0.96160489320755,
0.9592509865760803,
0.9573996067047119,
0.954939067363739,
0.95276939868927,
0.9505530595779419,
0.9483844637870789,
0.9463069438934326,
0.9440037608146667,
0.9415938854217529,
0.9392990469932556,
0.9367605447769165,
0.9341918230056763,
0.9318773746490479,
0.9294785857200623,
0.9267992973327637,
0.9245951175689697,
0.9222303032875061,
0.9197760820388794,
0.9171190857887268,
0.914932131767273,
0.9121323823928833,
0.9097378253936768,
0.9074158668518066,
0.9047508835792542,
0.9021835327148438,
0.8998886346817017,
0.8972364664077759,
0.8946906924247742,
0.8921619653701782,
0.8895550966262817,
0.8871845602989197,
0.8848561644554138,
0.877894401550293,
0.8768991827964783,
0.8779096603393555,
0.8749947547912598,
0.8722268342971802,
0.869557797908783,
0.8666785955429077,
0.8637507557868958,
0.8611933588981628,
0.8582632541656494,
0.855401873588562,
0.8527408838272095,
0.849970817565918,
0.8471603989601135,
0.8444550037384033,
0.8415104150772095,
0.8385761380195618,
0.8357700109481812,
0.8327297568321228,
0.8299428820610046,
0.8270995020866394,
0.8270995020866394,
0.8270995020866394,
0.0,
0.0,
0.0,
0.0,
0.0,
0.0,
0.0,
0.0,
0.0,
0.0,
0.0,
0.0,
0.0,
0.0,
0.0,
0.0,
0.0,
0.0,
0.0,
0.0,
0.0,
0.0,
0.0,
0.0,
0.0,
0.0,
0.0,
0.0,
0.0,
0.0,
0.0,
0.0,
0.0,
0.0,
0.0,
0.0,
0.0,
0.0,
0.0,
0.0,
0.0,
0.0,
0.0,
0.0,
0.0,
0.0,
0.0,
0.0,
0.0,
0.0,
0.0,
0.0,
0.0,
0.0,
0.0,
0.0,
0.0,
0.0,
0.0,
0.0,
0.0,
0.0,
0.0,
0.0,
0.0,
0.0,
0.0,
0.0,
0.0,
0.0,
0.0,
0.0,
0.0,
0.0,
0.0,
0.0,
0.0,
0.0,
0.0,
0.0,
0.0,
0.0,
0.0,
0.0,
0.0,
0.0,
0.0,
0.0,
0.0,
0.0,
0.0,
0.0,
0.0,
0.0,
0.0,
0.0,
0.0,
0.0,
0.0,
0.0,
0.0,
0.0,
0.0,
0.0,
0.0,
0.0,
0.0,
0.0,
0.0,
0.0,
0.0,
0.0,
0.0,
0.0,
0.0,
0.0,
0.0,
0.0,
0.0,
0.0,
0.0,
0.0,
0.0,
0.0,
0.0,
0.0,
0.0,
0.0,
0.0,
0.0,
0.0,
0.0,
0.0,
0.0,
0.0,
0.0,
0.0,
0.0,
0.0,
0.0,
0.0,
0.0,
0.0,
0.0,
0.0,
0.0,
0.0,
0.0,
0.0,
0.0,
0.0,
0.0,
0.0,
0.0,
0.0,
0.0,
0.0,
0.0,
0.0,
0.0,
0.0,
0.0,
0.0,
0.0,
0.0,
0.0,
0.0,
0.0,
0.0,
0.0,
0.0,
0.0,
0.0,
0.0,
0.0,
0.0,
0.0,
0.0,
0.0,
0.0,
0.0,
0.0,
0.0,
0.0,
0.0,
0.0,
0.0,
0.0,
0.0,
0.0,
0.0,
0.0,
0.0,
0.0,
0.0,
0.0,
0.0,
0.0,
0.0,
0.0,
0.0,
0.0,
0.0,
0.0,
0.0,
0.0,
0.0,
0.0,
0.0,
0.0,
0.0,
0.0,
0.0,
0.0,
0.0,
0.0,
0.0,
0.0,
0.0,
0.0,
0.0,
0.0,
0.0,
0.0,
0.0,
0.0,
0.0,
0.0,
0.0,
0.0,
0.0,
0.0,
0.0,
0.0,
0.0,
0.0,
0.0,
0.0,
0.0,
0.0,
0.0,
0.0,
0.0,
0.0,
0.0,
0.0,
0.0,
0.0,
0.0,
0.0,
0.0,
0.0,
0.0,
0.0,
0.0,
0.0,
0.0,
0.0,
0.0,
0.0,
0.0,
0.0,
0.0,
0.0,
0.0,
0.0,
0.0,
0.0,
0.0,
0.0,
0.0,
0.0,
0.0,
0.0,
0.0,
0.0,
0.0,
0.0,
0.0,
0.0,
0.0,
0.0,
0.0,
0.0,
0.0,
0.0,
0.0,
0.0,
0.0,
0.0,
0.0,
0.0,
0.0,
0.0,
0.0,
0.0,
0.0,
0.0,
0.0,
0.0,
0.0,
0.0,
0.0,
0.0,
0.0,
0.0,
0.0,
0.0,
0.0,
0.0,
0.0,
0.0,
0.0,
0.0,
0.0,
0.0,
0.0,
0.0,
0.0,
0.0,
0.0,
0.0,
0.0,
0.0,
0.0,
0.0,
0.0,
0.0,
0.0,
0.0,
0.0,
0.0,
0.0,
0.0,
0.0,
0.0,
0.0,
0.0,
0.0,
0.0,
0.0,
0.0,
0.0,
0.0,
0.0,
0.0,
0.0,
0.0,
0.0,
0.0,
0.0,
0.0,
0.0,
0.0,
0.0,
0.0,
0.0,
0.0,
0.0,
0.0,
0.0,
0.0,
0.0,
0.0,
0.0,
0.0,
0.0,
0.0,
0.0,
0.0,
0.0,
0.0,
0.0,
0.0,
0.0,
0.0,
0.0,
0.0,
0.0,
0.0,
0.0,
0.0,
0.0,
0.0,
0.0,
0.0,
0.0,
0.0,
0.0,
0.0,
0.0,
0.0,
0.0,
0.0,
0.0,
0.0,
0.0,
0.0,
0.0,
0.0,
0.0,
0.0,
0.0,
0.0,
0.0,
0.0,
0.0,
0.0,
0.0,
0.0,
0.0,
0.0,
0.0,
0.0,
0.0,
0.0,
0.0,
0.0,
0.0,
0.0,
0.0,
0.0,
0.0,
0.0,
0.0,
0.0,
0.0,
0.0,
0.0,
0.0,
0.0,
0.0,
0.0,
0.0,
0.0,
0.0,
0.0,
0.0,
0.0,
0.0,
0.0,
0.0,
0.0,
0.0,
0.0,
0.0,
0.0,
0.0,
0.0,
0.0,
0.0,
0.0,
0.0,
0.0,
0.0,
0.0,
0.0,
0.0,
0.0,
0.0,
0.0,
0.0,
0.0,
0.0,
0.0,
0.0,
0.0,
0.0,
0.0,
0.0,
0.0,
0.0,
0.0,
0.0,
0.0,
0.0,
0.0,
0.0,
0.0,
0.0,
0.0,
0.0,
0.0,
0.0,
0.0,
0.0,
0.0,
0.0,
0.0,
0.0,
0.0,
0.0,
0.0,
0.0,
0.0,
0.0,
0.0,
0.0,
0.0,
0.0,
0.0,
0.0,
0.0,
0.0,
0.0,
0.0,
0.0,
0.0,
0.0,
0.0,
0.0,
0.0,
0.0,
0.0,
0.0,
0.0,
0.0,
0.0,
0.0,
0.0,
0.0,
0.0,
0.0,
0.0,
0.0,
0.0,
0.0,
0.0,
0.0,
0.0,
0.0,
0.0,
0.0,
0.0,
0.0,
0.0,
0.0,
0.0,
0.0,
0.0,
0.0,
0.0,
0.0,
0.0,
0.0,
0.0,
0.0,
0.0,
0.0,
0.0,
0.0,
0.0,
0.0,
0.0,
0.0,
0.0,
0.0,
0.0,
0.0,
0.0,
0.0,
0.0,
0.0,
0.0,
0.0,
0.0,
0.0,
0.0,
0.0,
0.0,
0.0,
0.0,
0.0,
0.0,
0.0,
0.0,
0.0,
0.0,
0.0,
0.0,
0.0,
0.0,
0.0,
0.0,
0.0,
0.0,
0.0,
0.0,
0.0,
0.0,
0.0,
0.0,
0.0,
0.0,
0.0,
0.0,
0.0,
0.0,
0.0,
0.0,
0.0,
0.0,
0.0,
0.0,
0.0,
0.0,
0.0,
0.0,
0.0,
0.0,
0.0,
0.0,
0.0,
0.0,
0.0,
0.0,
0.0,
0.0,
0.0,
0.0,
0.0,
0.0,
0.0,
0.0,
0.0,
0.0,
0.0,
0.0,
0.0,
0.0,
0.0,
0.0,
0.0,
0.0,
0.0,
0.0,
0.0,
0.0,
0.0,
0.0,
0.0,
0.0,
0.0,
0.0,
0.0,
0.0,
0.0,
0.0,
0.0,
0.0,
0.0,
0.0,
0.0,
0.0,
0.0,
0.0,
0.0,
0.0,
0.0,
0.0,
0.0,
0.0,
0.0,
0.0,
0.0,
0.0,
0.0,
0.0,
0.0,
0.0,
0.0,
0.0,
0.0,
0.0,
0.0,
0.0,
0.0,
0.0,
0.0,
0.0,
0.0,
0.0,
0.0,
0.0,
0.0,
0.0,
0.0,
0.0,
0.0,
0.0,
0.0,
0.0,
0.0,
0.0,
0.0,
0.0,
0.0,
0.0,
0.0,
0.0,
0.0,
0.0,
0.0,
0.0,
0.0,
0.0,
0.0,
0.0,
0.0,
0.0,
0.0,
0.0,
0.0,
0.0,
0.0,
0.0,
0.0,
0.0,
0.0,
0.0,
0.0,
0.0,
0.0,
0.0,
0.0,
0.0,
0.0,
0.0,
0.0,
0.0,
0.0,
0.0,
0.0,
0.0,
0.0,
0.0,
0.0,
0.0,
0.0,
0.0,
0.0,
0.0,
0.0,
0.0,
0.0,
0.0,
0.0,
0.0,
0.0,
0.0,
0.0,
0.0,
0.0,
0.0,
0.0,
0.0,
0.0,
0.0,
0.0,
0.0,
0.0,
0.0,
0.0,
0.0,
0.0,
0.0,
0.0,
0.0,
0.0,
0.0,
0.0,
0.0,
0.0,
0.0,
0.0,
0.0,
0.0,
0.0,
0.0,
0.0,
0.0,
0.0,
0.0,
0.0,
0.0,
0.0,
0.0,
0.0,
0.0,
0.0,
0.0,
0.0,
0.0,
0.0,
0.0,
0.0,
0.0,
0.0,
0.0,
0.0,
0.0,
0.0,
0.0,
0.0,
0.0,
0.0,
0.0,
0.0,
0.0,
0.0,
0.0,
0.0,
0.0,
0.0,
0.0,
0.0,
0.0,
0.0,
0.0,
0.0,
0.0,
0.0,
0.0,
0.0,
0.0,
0.0,
0.0,
0.0,
0.0,
0.0,
0.0,
0.0,
0.0,
0.0,
0.0,
0.0,
0.0,
0.0,
0.0,
0.0,
0.0,
0.0,
0.0,
0.0,
0.0,
0.0,
0.0,
0.0,
0.0,
0.0,
0.0,
0.0,
0.0,
0.0,
0.0,
0.0,
0.0,
0.0,
0.0,
0.0,
0.0,
0.0,
0.0,
0.0,
0.0,
0.0,
0.0,
0.0,
0.0,
0.0,
0.0,
0.0,
0.0,
0.0,
0.0,
0.0,
0.0,
0.0,
0.0,
0.0,
0.0,
0.0,
0.0,
0.0,
0.0,
0.0,
0.0,
0.0,
0.0,
0.0,
0.0,
0.0,
0.0,
0.0,
0.0,
0.0,
0.0,
0.0,
0.0,
0.0,
0.0,
0.0,
0.0,
0.0,
0.0,
0.0,
0.0,
0.0,
0.0,
0.0,
0.0,
0.0,
0.0,
0.0,
0.0,
0.0,
0.0,
0.0,
0.0,
0.0,
0.0,
0.0,
0.0,
0.0,
0.0,
0.0,
0.0,
0.0,
0.0,
0.0,
0.0,
0.0,
0.0,
0.0,
0.0,
0.0,
0.0,
0.0,
0.0,
0.0,
0.0,
0.0,
0.0,
0.0,
0.0,
0.0,
0.0,
0.0,
0.0,
0.0,
0.0,
0.0,
0.0,
0.0,
0.0,
0.0,
0.0,
0.0,
0.0,
0.0,
0.0,
0.0,
0.0,
0.0,
0.0,
0.0,
0.0,
0.0,
0.0,
0.0,
0.0,
0.0,
0.0,
0.0,
0.0,
0.0,
0.0,
0.0,
0.0,
0.0,
0.0,
0.0,
0.0,
0.0,
0.0,
0.0,
0.0,
0.0,
0.0,
0.0,
0.0,
0.0,
0.0,
0.0,
0.0,
0.0,
0.0,
0.0,
0.0,
0.0,
0.0,
0.0,
0.0,
0.0,
0.0,
0.0,
0.0,
0.0,
0.0,
0.0,
0.0,
0.0,
0.0,
0.0,
0.0,
0.0,
0.0,
0.0,
0.0,
0.0,
0.0,
0.0,
0.0,
0.0,
0.0,
0.0,
0.0,
0.0,
0.0,
0.0,
0.0,
0.0,
0.0,
0.0,
0.0,
0.0,
0.0,
0.0,
0.0,
0.0,
0.0,
0.0,
0.0,
0.0,
0.0,
0.0,
0.0,
0.0,
0.0,
0.0,
0.0,
0.0,
0.0,
0.0,
0.0,
0.0,
0.0,
0.0,
0.0,
0.0,
0.0,
0.0,
0.0,
0.0,
0.0,
0.0,
0.0,
0.0,
0.0,
0.0,
0.0,
0.0,
0.0,
0.0,
0.0,
0.0,
0.0,
0.0,
0.0,
0.0,
0.0,
0.0,
0.0,
0.0,
0.0,
0.0,
0.0,
0.0,
0.0,
0.0,
0.0,
0.0,
0.0,
0.0,
0.0,
0.0,
0.0,
0.0,
0.0,
0.0,
0.0,
0.0,
0.0,
0.0,
0.0,
0.0,
0.0,
0.0,
0.0,
0.0,
0.0,
0.0,
0.0,
0.0,
0.0,
0.0,
0.0,
0.0,
0.0,
0.0,
0.0,
0.0,
0.0,
0.0,
0.0,
0.0,
0.0,
0.0,
0.0,
0.0,
0.0,
0.0,
0.0,
0.0,
0.0,
0.0,
0.0,
0.0,
0.0,
0.0,
0.0,
0.0,
0.0,
0.0,
0.0,
0.0,
0.0,
0.0,
0.0,
0.0,
0.0,
0.0,
0.0,
0.0,
0.0,
0.0,
0.0,
0.0,
0.0,
0.0,
0.0,
0.0,
0.0,
0.0,
0.0,
0.0,
0.0,
0.0,
0.0,
0.0,
0.0,
0.0,
0.0,
0.0,
0.0,
0.0,
0.0,
0.0,
0.0,
0.0,
0.0,
0.0,
0.0,
0.0,
0.0,
0.0,
0.0,
0.0,
0.0,
0.0,
0.0,
0.0,
0.0,
0.0,
0.0,
0.0,
0.0,
0.0,
0.0,
0.0,
0.0,
0.0,
0.0,
0.0,
0.0,
0.0,
0.0,
0.0,
0.0,
0.0,
0.0,
0.0,
0.0,
0.0,
0.0,
0.0,
0.0,
0.0,
0.0,
0.0,
0.0,
0.0,
0.0,
0.0,
0.0,
0.0,
0.0,
0.0,
0.0,
0.0,
0.0,
0.0,
0.0,
0.0,
0.0,
0.0,
0.0,
0.0,
0.0,
0.0,
0.0,
0.0,
0.0,
0.0,
0.0,
0.0,
0.0,
0.0,
0.0,
0.0,
0.0,
0.0,
0.0,
0.0,
0.0,
0.0,
0.0,
0.0,
0.0,
0.0,
0.0,
0.0,
0.0,
0.0,
0.0,
0.0,
0.0,
0.0,
0.0,
0.0,
0.0,
0.0,
0.0,
0.0,
0.0,
0.0,
0.0,
0.0,
0.0,
0.0,
0.0,
0.0,
0.0,
0.0,
0.0,
0.0,
0.0,
0.0,
0.0,
0.0,
0.0,
0.0,
0.0,
0.0,
0.0,
0.0,
0.0,
0.0,
0.0,
0.0,
0.0,
0.0,
0.0,
0.0,
0.0,
0.0,
0.0,
0.0,
0.0,
0.0,
0.0,
0.0,
0.0,
0.0,
0.0,
0.0,
0.0,
0.0,
0.0,
0.0,
0.0,
0.0,
0.0,
0.0,
0.0,
0.0,
0.0,
0.0,
0.0,
0.0,
0.0,
0.0,
0.0,
0.0,
0.0,
0.0,
0.0,
0.0,
0.0,
0.0,
0.0,
0.0,
0.0,
0.0,
0.0,
0.0,
0.0,
0.0,
0.0,
0.0,
0.0,
0.0,
0.0,
0.0,
0.0,
0.0,
0.0,
0.0,
0.0,
0.0,
0.0,
0.0,
0.0,
0.0,
0.0,
0.0,
0.0,
0.0,
0.0,
0.0,
0.0,
0.0,
0.0,
0.0,
0.0,
0.0,
0.0,
0.0,
0.0,
0.0,
0.0,
0.0,
0.0,
0.0,
0.0,
0.0,
0.0,
0.0,
0.0,
0.0,
0.0,
0.0,
0.0,
0.0,
0.0,
0.0,
0.0,
0.0,
0.0,
0.0,
0.0,
0.0,
0.0,
0.0,
0.0,
0.0,
0.0,
0.0,
0.0,
0.0,
0.0,
0.0,
0.0,
0.0,
0.0,
0.0,
0.0,
0.0,
0.0,
0.0,
0.0,
0.0,
0.0,
0.0,
0.0,
0.0,
0.0,
0.0,
0.0,
0.0,
0.0,
0.0,
0.0,
0.0,
0.0,
0.0,
0.0,
0.0,
0.0,
0.0,
0.0,
0.0,
0.0,
0.0,
0.0,
0.0,
0.0,
0.0,
0.0,
0.0,
0.0,
0.0,
0.0,
0.0,
0.0,
0.0,
0.0,
0.0,
0.0,
0.0,
0.0,
0.0,
0.0,
0.0,
0.0,
0.0,
0.0,
0.0,
0.0,
0.0,
0.0,
0.0,
0.0,
0.0,
0.0,
0.0,
0.0,
0.0,
0.0,
0.0,
0.0,
0.0,
0.0,
0.0,
0.0,
0.0,
0.0,
0.0,
0.0,
0.0,
0.0,
0.0,
0.0,
0.0,
0.0,
0.0,
0.0,
0.0,
0.0,
0.0,
0.0,
0.0,
0.0,
0.0,
0.0,
0.0,
0.0,
0.0,
0.0,
0.0,
0.0,
0.0,
0.0,
0.0,
0.0,
0.0,
0.0,
0.0,
0.0,
0.0,
0.0,
0.0,
0.0,
0.0,
0.0,
0.0,
0.0,
0.0,
0.0,
0.0,
0.0,
0.0,
0.0,
0.0,
0.0,
0.0,
0.0,
0.0,
0.0,
0.0,
0.0,
0.0,
0.0,
0.0,
0.0,
0.0,
0.0,
0.0,
0.0,
0.0,
0.0,
0.0,
0.0,
0.0,
0.0,
0.0,
0.0,
0.0,
0.0,
0.0,
0.0,
0.0,
0.0,
0.0,
0.0,
0.0,
0.0,
0.0,
0.0,
0.0,
0.0,
0.0,
0.0,
0.0,
0.0,
0.0,
0.0,
0.0,
0.0,
0.0,
0.0,
0.0,
0.0,
0.0,
0.0,
0.0,
0.0,
0.0,
0.0,
0.0,
0.0,
0.0,
0.0,
0.0,
0.0,
0.0,
0.0,
0.0,
0.0,
0.0,
0.0,
0.0,
0.0,
0.0,
0.0,
0.0,
0.0,
0.0,
0.0,
0.0,
0.0,
0.0,
0.0,
0.0,
0.0,
0.0,
0.0,
0.0,
0.0,
0.0,
0.0,
0.0,
0.0,
0.0,
0.0,
0.0,
0.0,
0.0,
0.0,
0.0,
0.0,
0.0,
0.0,
0.0,
0.0,
0.0,
0.0,
0.0,
0.0,
0.0,
0.0,
0.0,
0.0,
0.0,
0.0,
0.0,
0.0,
0.0,
0.0,
0.0,
0.0,
0.0,
0.0,
0.0,
0.0,
0.0,
0.0,
0.0,
0.0,
0.0,
0.0,
0.0,
0.0,
0.0,
0.0,
0.0,
0.0,
0.0,
0.0,
0.0,
0.0,
0.0,
0.0,
0.0,
0.0,
0.0,
0.0,
0.0,
0.0,
0.0,
0.0,
0.0,
0.0,
0.0,
0.0,
0.0,
0.0,
0.0,
0.0,
0.0,
0.0,
0.0,
0.0,
0.0,
0.0,
0.0,
0.0,
0.0,
0.0,
0.0,
0.0,
0.0,
0.0,
0.0,
0.0,
0.0,
0.0,
0.0,
0.0,
0.0,
0.0,
0.0,
0.0,
0.0,
0.0,
0.0,
0.0,
0.0,
0.0,
0.0,
0.0,
0.0,
0.0,
0.0,
0.0,
0.0,
0.0,
0.0,
0.0,
0.0,
0.0,
0.0,
0.0,
0.0,
0.0,
0.0,
0.0,
0.0,
0.0,
0.0,
0.0,
0.0,
0.0,
0.0,
0.0,
0.0,
0.0,
0.0,
0.0,
0.0,
0.0,
0.0,
0.0,
0.0,
0.0,
0.0,
0.0,
0.0,
0.0,
0.0,
0.0,
0.0,
0.0,
0.0,
0.0,
0.0,
0.0,
0.0,
0.0,
0.0,
0.0,
0.0,
0.0,
0.0,
0.0,
0.0,
0.0,
0.0,
0.0,
0.0,
0.0,
0.0,
0.0,
0.0,
0.0,
0.0,
0.0,
0.0,
0.0,
0.0,
0.0,
0.0,
0.0,
0.0,
0.0,
0.0,
0.0,
0.0,
0.0,
0.0,
0.0,
0.0,
0.0,
0.0,
0.0,
0.0,
0.0,
0.0,
0.0,
0.0,
0.0,
0.0,
0.0,
0.0,
0.0,
0.0,
0.0,
0.0,
0.0,
0.0,
0.0,
0.0,
0.0,
0.0,
0.0,
0.0,
0.0,
0.0,
0.0,
0.0,
0.0,
0.0,
0.0,
0.0,
0.0,
0.0,
0.0,
0.0,
0.0,
0.0,
0.0,
0.0,
0.0,
0.0,
0.0,
0.0,
0.0,
0.0,
0.0,
0.0,
0.0,
0.0,
0.0,
