1.0664769411087036,
1.0708869695663452,
1.0723119974136353,
1.072980284690857,
1.0738072395324707,
1.0738027095794678,
1.0740180015563965,
1.0743123292922974,
1.0744216442108154,
1.0745265483856201,
1.0748211145401,
1.074987530708313,
1.0753321647644043,
1.075533390045166,
1.0756244659423828,
1.0759886503219604,
1.0759934186935425,
1.0760504007339478,
1.0761996507644653,
1.076166033744812,
1.076143503189087,
1.0764819383621216,
1.0762728452682495,
1.0761393308639526,
1.0764297246932983,
1.0763541460037231,
1.0764826536178589,
1.0767171382904053,
1.0765362977981567,
1.0763778686523438,
1.0765607357025146,
1.0764909982681274,
1.0764813423156738,
1.0766288042068481,
1.0766017436981201,
1.0766055583953857,
1.0768498182296753,
1.0768529176712036,
1.07704758644104,
1.0769541263580322,
1.0770182609558105,
1.0771865844726562,
1.077018141746521,
1.076917290687561,
1.0771654844284058,
1.0768629312515259,
1.0767539739608765,
1.076989769935608,
1.0768342018127441,
1.07680082321167,
1.0771043300628662,
1.0770772695541382,
1.0769171714782715,
1.0769082307815552,
1.0768320560455322,
1.07694673538208,
1.0768165588378906,
1.0765776634216309,
1.076877236366272,
1.0768530368804932,
1.0769227743148804,
1.0772526264190674,
1.0770386457443237,
1.0769023895263672,
1.0772186517715454,
1.0769580602645874,
1.0770392417907715,
1.0772013664245605,
1.0770620107650757,
1.076857328414917,
1.0769990682601929,
1.0768280029296875,
1.076762318611145,
1.0768966674804688,
1.0769752264022827,
1.0771020650863647,
1.0769948959350586,
1.0768218040466309,
1.076832890510559,
1.076653003692627,
1.0765563249588013,
1.0767472982406616,
1.0765188932418823,
1.0764102935791016,
1.076887845993042,
1.0767556428909302,
1.0769120454788208,
1.07688570022583,
1.0767098665237427,
1.0763782262802124,
1.0766469240188599,
1.076465368270874,
1.0766993761062622,
1.0765982866287231,
1.0765531063079834,
1.0765787363052368,
1.076374888420105,
1.0764364004135132,
1.076582431793213,
1.0763598680496216,
1.0761513710021973,
1.0764094591140747,
1.076109766960144,
1.0761030912399292,
1.0761044025421143,
1.075920581817627,
1.0757969617843628,
1.0760300159454346,
1.0760833024978638,
1.0758931636810303,
1.0760078430175781,
1.0759906768798828,
1.0763001441955566,
1.0760904550552368,
1.07590651512146,
1.0758917331695557,
1.0757195949554443,
1.0755995512008667,
1.0758675336837769,
1.075528621673584,
1.0754504203796387,
1.0756677389144897,
1.0754517316818237,
1.0754382610321045,
1.0755356550216675,
1.0750616788864136,
1.074912428855896,
1.0750763416290283,
1.0750378370285034,
1.0751270055770874,
1.0750144720077515,
1.0749461650848389,
1.0751370191574097,
1.07509183883667,
1.074938178062439,
1.0750514268875122,
1.0748257637023926,
1.0746039152145386,
1.0748740434646606,
1.0746277570724487,
1.0745999813079834,
1.0745997428894043,
1.074321985244751,
1.0742956399917603,
1.0744065046310425,
1.0741233825683594,
1.073947787284851,
1.0740981101989746,
1.0740175247192383,
1.0739134550094604,
1.0737348794937134,
1.0737617015838623,
1.073739767074585,
1.0736256837844849,
1.073514699935913,
1.0737055540084839,
1.0736197233200073,
1.0734834671020508,
1.0736725330352783,
1.0734120607376099,
1.073264718055725,
1.0733418464660645,
1.0731661319732666,
1.0730305910110474,
1.0730359554290771,
1.0729247331619263,
1.0728205442428589,
1.072767972946167,
1.072630763053894,
1.0727076530456543,
1.0725553035736084,
1.072477102279663,
1.0727078914642334,
1.0722540616989136,
1.0720688104629517,
1.072191834449768,
1.0719624757766724,
1.071964144706726,
1.071950078010559,
1.0717653036117554,
1.0716370344161987,
1.0717700719833374,
1.071590542793274,
1.0714750289916992,
1.0714527368545532,
1.0712257623672485,
1.0711674690246582,
1.071104884147644,
1.0710477828979492,
1.0711259841918945,
1.0707504749298096,
1.070482850074768,
1.070624589920044,
1.070420265197754,
1.070418357849121,
1.070500135421753,
1.0703256130218506,
1.0698797702789307,
1.0699543952941895,
1.0697427988052368,
1.0695698261260986,
1.069522500038147,
1.0693085193634033,
1.069305419921875,
1.069326400756836,
1.0692437887191772,
1.0693989992141724,
1.0690592527389526,
1.0688740015029907,
1.069042682647705,
1.068780541419983,
1.0687673091888428,
1.068663239479065,
1.068342924118042,
1.0679714679718018,
1.0680242776870728,
1.067692756652832,
1.0675853490829468,
1.0675996541976929,
1.0674253702163696,
1.067380666732788,
1.0671491622924805,
1.0669865608215332,
1.0669922828674316,
1.0666829347610474,
1.0665332078933716,
1.066733479499817,
1.0664305686950684,
1.0664483308792114,
1.0663491487503052,
1.0660245418548584,
1.0660048723220825,
1.065902829170227,
1.0656870603561401,
1.0652742385864258,
1.0652714967727661,
1.065028190612793,
1.0650471448898315,
1.0647093057632446,
1.0645101070404053,
1.0644073486328125,
1.0642104148864746,
1.0640838146209717,
1.0642768144607544,
1.0638898611068726,
1.0635805130004883,
1.0633982419967651,
1.0633982419967651,
1.059747338294983,
1.0615615844726562,
1.062007188796997,
1.0619770288467407,
1.0622791051864624,
1.062057375907898,
1.0617632865905762,
1.0620317459106445,
1.0616276264190674,
1.0615248680114746,
1.0616490840911865,
1.0614267587661743,
1.0611718893051147,
1.061173439025879,
1.0609384775161743,
1.0606569051742554,
1.0604898929595947,
1.0602521896362305,
1.060162901878357,
1.0599299669265747,
1.059887409210205,
1.059926986694336,
1.0596386194229126,
1.059450626373291,
1.0595256090164185,
1.0591093301773071,
1.0589679479599,
1.0589008331298828,
1.0585150718688965,
1.0581177473068237,
1.0580406188964844,
1.057762622833252,
1.0576329231262207,
1.0573866367340088,
1.0570720434188843,
1.0569603443145752,
1.0566905736923218,
1.0562589168548584,
1.0563074350357056,
1.0558946132659912,
1.055679202079773,
1.0556286573410034,
1.0552287101745605,
1.0549556016921997,
1.0548932552337646,
1.0545843839645386,
1.054296612739563,
1.0540825128555298,
1.0536911487579346,
1.0534943342208862,
1.0532678365707397,
1.0529025793075562,
1.0527809858322144,
1.052448034286499,
1.052053689956665,
1.0520185232162476,
1.0514155626296997,
1.0510748624801636,
1.0511178970336914,
1.0506826639175415,
1.0503686666488647,
1.0500056743621826,
1.0493842363357544,
1.0492398738861084,
1.048954963684082,
1.048412561416626,
1.0482854843139648,
1.0479360818862915,
1.047602653503418,
1.0474804639816284,
1.0470300912857056,
1.0465264320373535,
1.04648756980896,
1.0459474325180054,
1.0453706979751587,
1.0449329614639282,
1.044601559638977,
1.044175148010254,
1.0437971353530884,
1.0434186458587646,
1.0429327487945557,
1.0426076650619507,
1.0416276454925537,
1.0418897867202759,
1.0412236452102661,
1.0408369302749634,
1.0403063297271729,
1.0396808385849,
1.0389022827148438,
1.0390346050262451,
1.0380675792694092,
1.0378459692001343,
1.037771463394165,
1.0371463298797607,
1.036770224571228,
1.0360839366912842,
1.0354886054992676,
1.0352044105529785,
1.034509539604187,
1.0340979099273682,
1.0331897735595703,
1.0325883626937866,
1.0323673486709595,
1.0319159030914307,
1.0311402082443237,
1.0305778980255127,
1.0301544666290283,
1.0290918350219727,
1.028867483139038,
1.028018593788147,
1.027011513710022,
1.0268092155456543,
1.025717854499817,
1.0253446102142334,
1.0245842933654785,
1.0237035751342773,
1.023295283317566,
1.0228149890899658,
1.0218929052352905,
1.0213048458099365,
1.0202778577804565,
1.019443392753601,
1.0188345909118652,
1.0180457830429077,
1.0170807838439941,
1.0163798332214355,
1.015167236328125,
1.0143864154815674,
1.0135239362716675,
1.012531042098999,
1.0114980936050415,
1.011065125465393,
1.009726881980896,
1.0083798170089722,
1.007554054260254,
1.0062114000320435,
1.005078911781311,
1.004130482673645,
1.002883791923523,
1.0017752647399902,
1.0008777379989624,
0.9993053078651428,
0.9985422492027283,
0.9975431561470032,
0.9959139823913574,
0.9945999979972839,
0.993170440196991,
0.9917200207710266,
0.9905245304107666,
0.9889242053031921,
0.9874594807624817,
0.9861909747123718,
0.98448646068573,
0.9831857681274414,
0.9818035364151001,
0.9800060987472534,
0.97856205701828,
0.9770331382751465,
0.9752136468887329,
0.9736582636833191,
0.9721450209617615,
0.9702737927436829,
0.9683797955513,
0.9670667052268982,
0.965347409248352,
0.9635634422302246,
0.9623082280158997,
0.960408091545105,
0.9586343169212341,
0.9571981430053711,
0.95540851354599,
0.9532470107078552,
0.9515820145606995,
0.9495174884796143,
0.9477689266204834,
0.9459855556488037,
0.9438040852546692,
0.9421675801277161,
0.9404813051223755,
0.9387112259864807,
0.9366652965545654,
0.934852659702301,
0.932434618473053,
0.9304323196411133,
0.9284673929214478,
0.9265910983085632,
0.9243143200874329,
0.9225156903266907,
0.9203681945800781,
0.9182189702987671,
0.9165492057800293,
0.9144392013549805,
0.9124767184257507,
0.9103454947471619,
0.9082511067390442,
0.9063169360160828,
0.9044328331947327,
0.9019904732704163,
0.899745762348175,
0.8979785442352295,
0.8956610560417175,
0.8935831785202026,
0.8916479349136353,
0.8894659876823425,
0.8876457810401917,
0.8857170939445496,
0.883636474609375,
0.8817577958106995,
0.8796879053115845,
0.8771752119064331,
0.8749026656150818,
0.8721536993980408,
0.8700132369995117,
0.8677969574928284,
0.8655944466590881,
0.8632685542106628,
0.8611491918563843,
0.8588522672653198,
0.8563492894172668,
0.8540043830871582,
0.85154789686203,
0.8490601181983948,
0.846712052822113,
0.844100832939148,
0.841465175151825,
0.8389297723770142,
0.8365005254745483,
0.8336629271507263,
0.8310918807983398,
0.8277547955513,
0.8258323073387146,
0.8258323073387146,
0.0,
0.0,
0.0,
0.0,
0.0,
0.0,
0.0,
0.0,
0.0,
0.0,
0.0,
0.0,
0.0,
0.0,
0.0,
0.0,
0.0,
0.0,
0.0,
0.0,
0.0,
0.0,
0.0,
0.0,
0.0,
0.0,
0.0,
0.0,
0.0,
0.0,
0.0,
0.0,
0.0,
0.0,
0.0,
0.0,
0.0,
0.0,
0.0,
0.0,
0.0,
0.0,
0.0,
0.0,
0.0,
0.0,
0.0,
0.0,
0.0,
0.0,
0.0,
0.0,
0.0,
0.0,
0.0,
0.0,
0.0,
0.0,
0.0,
0.0,
0.0,
0.0,
0.0,
0.0,
0.0,
0.0,
0.0,
0.0,
0.0,
0.0,
0.0,
0.0,
0.0,
0.0,
0.0,
0.0,
0.0,
0.0,
0.0,
0.0,
0.0,
0.0,
0.0,
0.0,
0.0,
0.0,
0.0,
0.0,
0.0,
0.0,
0.0,
0.0,
0.0,
0.0,
0.0,
0.0,
0.0,
0.0,
0.0,
0.0,
0.0,
0.0,
0.0,
0.0,
0.0,
0.0,
0.0,
0.0,
0.0,
0.0,
0.0,
0.0,
0.0,
0.0,
0.0,
0.0,
0.0,
0.0,
0.0,
0.0,
0.0,
0.0,
0.0,
0.0,
0.0,
0.0,
0.0,
0.0,
0.0,
0.0,
0.0,
0.0,
0.0,
0.0,
0.0,
0.0,
0.0,
0.0,
0.0,
0.0,
0.0,
0.0,
0.0,
0.0,
0.0,
0.0,
0.0,
0.0,
0.0,
0.0,
0.0,
0.0,
0.0,
0.0,
0.0,
0.0,
0.0,
0.0,
0.0,
0.0,
0.0,
0.0,
0.0,
0.0,
0.0,
0.0,
0.0,
0.0,
0.0,
0.0,
0.0,
0.0,
0.0,
0.0,
0.0,
0.0,
0.0,
0.0,
0.0,
0.0,
0.0,
0.0,
0.0,
0.0,
0.0,
0.0,
0.0,
0.0,
0.0,
0.0,
0.0,
0.0,
0.0,
0.0,
0.0,
0.0,
0.0,
0.0,
0.0,
0.0,
0.0,
0.0,
0.0,
0.0,
0.0,
0.0,
0.0,
0.0,
0.0,
0.0,
0.0,
0.0,
0.0,
0.0,
0.0,
0.0,
0.0,
0.0,
0.0,
0.0,
0.0,
0.0,
0.0,
0.0,
0.0,
0.0,
0.0,
0.0,
0.0,
0.0,
0.0,
0.0,
0.0,
0.0,
0.0,
0.0,
0.0,
0.0,
0.0,
0.0,
0.0,
0.0,
0.0,
0.0,
0.0,
0.0,
0.0,
0.0,
0.0,
0.0,
0.0,
0.0,
0.0,
0.0,
0.0,
0.0,
0.0,
0.0,
0.0,
0.0,
0.0,
0.0,
0.0,
0.0,
0.0,
0.0,
0.0,
0.0,
0.0,
0.0,
0.0,
0.0,
0.0,
0.0,
0.0,
0.0,
0.0,
0.0,
0.0,
0.0,
0.0,
0.0,
0.0,
0.0,
0.0,
0.0,
0.0,
0.0,
0.0,
0.0,
0.0,
0.0,
0.0,
0.0,
0.0,
0.0,
0.0,
0.0,
0.0,
0.0,
0.0,
0.0,
0.0,
0.0,
0.0,
0.0,
0.0,
0.0,
0.0,
0.0,
0.0,
0.0,
0.0,
0.0,
0.0,
0.0,
0.0,
0.0,
0.0,
0.0,
0.0,
0.0,
0.0,
0.0,
0.0,
0.0,
0.0,
0.0,
0.0,
0.0,
0.0,
0.0,
0.0,
0.0,
0.0,
0.0,
0.0,
0.0,
0.0,
0.0,
0.0,
0.0,
0.0,
0.0,
0.0,
0.0,
0.0,
0.0,
0.0,
0.0,
0.0,
0.0,
0.0,
0.0,
0.0,
0.0,
0.0,
0.0,
0.0,
0.0,
0.0,
0.0,
0.0,
0.0,
0.0,
0.0,
0.0,
0.0,
0.0,
0.0,
0.0,
0.0,
0.0,
0.0,
0.0,
0.0,
0.0,
0.0,
0.0,
0.0,
0.0,
0.0,
0.0,
0.0,
0.0,
0.0,
0.0,
0.0,
0.0,
0.0,
0.0,
0.0,
0.0,
0.0,
0.0,
0.0,
0.0,
0.0,
0.0,
0.0,
0.0,
0.0,
0.0,
0.0,
0.0,
0.0,
0.0,
0.0,
0.0,
0.0,
0.0,
0.0,
0.0,
0.0,
0.0,
0.0,
0.0,
0.0,
0.0,
0.0,
0.0,
0.0,
0.0,
0.0,
0.0,
0.0,
0.0,
0.0,
0.0,
0.0,
0.0,
0.0,
0.0,
0.0,
0.0,
0.0,
0.0,
0.0,
0.0,
0.0,
0.0,
0.0,
0.0,
0.0,
0.0,
0.0,
0.0,
0.0,
0.0,
0.0,
0.0,
0.0,
0.0,
0.0,
0.0,
0.0,
0.0,
0.0,
0.0,
0.0,
0.0,
0.0,
0.0,
0.0,
0.0,
0.0,
0.0,
0.0,
0.0,
0.0,
0.0,
0.0,
0.0,
0.0,
0.0,
0.0,
0.0,
0.0,
0.0,
0.0,
0.0,
0.0,
0.0,
0.0,
0.0,
0.0,
0.0,
0.0,
0.0,
0.0,
0.0,
0.0,
0.0,
0.0,
0.0,
0.0,
0.0,
0.0,
0.0,
0.0,
0.0,
0.0,
0.0,
0.0,
0.0,
0.0,
0.0,
0.0,
0.0,
0.0,
0.0,
0.0,
0.0,
0.0,
0.0,
0.0,
0.0,
0.0,
0.0,
0.0,
0.0,
0.0,
0.0,
0.0,
0.0,
0.0,
0.0,
0.0,
0.0,
0.0,
0.0,
0.0,
0.0,
0.0,
0.0,
0.0,
0.0,
0.0,
0.0,
0.0,
0.0,
0.0,
0.0,
0.0,
0.0,
0.0,
0.0,
0.0,
0.0,
0.0,
0.0,
0.0,
0.0,
0.0,
0.0,
0.0,
0.0,
0.0,
0.0,
0.0,
0.0,
0.0,
0.0,
0.0,
0.0,
0.0,
0.0,
0.0,
0.0,
0.0,
0.0,
0.0,
0.0,
0.0,
0.0,
0.0,
0.0,
0.0,
0.0,
0.0,
0.0,
0.0,
0.0,
0.0,
0.0,
0.0,
0.0,
0.0,
0.0,
0.0,
0.0,
0.0,
0.0,
0.0,
0.0,
0.0,
0.0,
0.0,
0.0,
0.0,
0.0,
0.0,
0.0,
0.0,
0.0,
0.0,
0.0,
0.0,
0.0,
0.0,
0.0,
0.0,
0.0,
0.0,
0.0,
0.0,
0.0,
0.0,
0.0,
0.0,
0.0,
0.0,
0.0,
0.0,
0.0,
0.0,
0.0,
0.0,
0.0,
0.0,
0.0,
0.0,
0.0,
0.0,
0.0,
0.0,
0.0,
0.0,
0.0,
0.0,
0.0,
0.0,
0.0,
0.0,
0.0,
0.0,
0.0,
0.0,
0.0,
0.0,
0.0,
0.0,
0.0,
0.0,
0.0,
0.0,
0.0,
0.0,
0.0,
0.0,
0.0,
0.0,
0.0,
0.0,
0.0,
0.0,
0.0,
0.0,
0.0,
0.0,
0.0,
0.0,
0.0,
0.0,
0.0,
0.0,
0.0,
0.0,
0.0,
0.0,
0.0,
0.0,
0.0,
0.0,
0.0,
0.0,
0.0,
0.0,
0.0,
0.0,
0.0,
0.0,
0.0,
0.0,
0.0,
0.0,
0.0,
0.0,
0.0,
0.0,
0.0,
0.0,
0.0,
0.0,
0.0,
0.0,
0.0,
0.0,
0.0,
0.0,
0.0,
0.0,
0.0,
0.0,
0.0,
0.0,
0.0,
0.0,
0.0,
0.0,
0.0,
0.0,
0.0,
0.0,
0.0,
0.0,
0.0,
0.0,
0.0,
0.0,
0.0,
0.0,
0.0,
0.0,
0.0,
0.0,
0.0,
0.0,
0.0,
0.0,
0.0,
0.0,
0.0,
0.0,
0.0,
0.0,
0.0,
0.0,
0.0,
0.0,
0.0,
0.0,
0.0,
0.0,
0.0,
0.0,
0.0,
0.0,
0.0,
0.0,
0.0,
0.0,
0.0,
0.0,
0.0,
0.0,
0.0,
0.0,
0.0,
0.0,
0.0,
0.0,
0.0,
0.0,
0.0,
0.0,
0.0,
0.0,
0.0,
0.0,
0.0,
0.0,
0.0,
0.0,
0.0,
0.0,
0.0,
0.0,
0.0,
0.0,
0.0,
0.0,
0.0,
0.0,
0.0,
0.0,
0.0,
0.0,
0.0,
0.0,
0.0,
0.0,
0.0,
0.0,
0.0,
0.0,
0.0,
0.0,
0.0,
0.0,
0.0,
0.0,
0.0,
0.0,
0.0,
0.0,
0.0,
0.0,
0.0,
0.0,
0.0,
0.0,
0.0,
0.0,
0.0,
0.0,
0.0,
0.0,
0.0,
0.0,
0.0,
0.0,
0.0,
0.0,
0.0,
0.0,
0.0,
0.0,
0.0,
0.0,
0.0,
0.0,
0.0,
0.0,
0.0,
0.0,
0.0,
0.0,
0.0,
0.0,
0.0,
0.0,
0.0,
0.0,
0.0,
0.0,
0.0,
0.0,
0.0,
0.0,
0.0,
0.0,
0.0,
0.0,
0.0,
0.0,
0.0,
0.0,
0.0,
0.0,
0.0,
0.0,
0.0,
0.0,
0.0,
0.0,
0.0,
0.0,
0.0,
0.0,
0.0,
0.0,
0.0,
0.0,
0.0,
0.0,
0.0,
0.0,
0.0,
0.0,
0.0,
0.0,
0.0,
0.0,
0.0,
0.0,
0.0,
0.0,
0.0,
0.0,
0.0,
0.0,
0.0,
0.0,
0.0,
0.0,
0.0,
0.0,
0.0,
0.0,
0.0,
0.0,
0.0,
0.0,
0.0,
0.0,
0.0,
0.0,
0.0,
0.0,
0.0,
0.0,
0.0,
0.0,
0.0,
0.0,
0.0,
0.0,
0.0,
0.0,
0.0,
0.0,
0.0,
0.0,
0.0,
0.0,
0.0,
0.0,
0.0,
0.0,
0.0,
0.0,
0.0,
0.0,
0.0,
0.0,
0.0,
0.0,
0.0,
0.0,
0.0,
0.0,
0.0,
0.0,
0.0,
0.0,
0.0,
0.0,
0.0,
0.0,
0.0,
0.0,
0.0,
0.0,
0.0,
0.0,
0.0,
0.0,
0.0,
0.0,
0.0,
0.0,
0.0,
0.0,
0.0,
0.0,
0.0,
0.0,
0.0,
0.0,
0.0,
0.0,
0.0,
0.0,
0.0,
0.0,
0.0,
0.0,
0.0,
0.0,
0.0,
0.0,
0.0,
0.0,
0.0,
0.0,
0.0,
0.0,
0.0,
0.0,
0.0,
0.0,
0.0,
0.0,
0.0,
0.0,
0.0,
0.0,
0.0,
0.0,
0.0,
0.0,
0.0,
0.0,
0.0,
0.0,
0.0,
0.0,
0.0,
0.0,
0.0,
0.0,
0.0,
0.0,
0.0,
0.0,
0.0,
0.0,
0.0,
0.0,
0.0,
0.0,
0.0,
0.0,
0.0,
0.0,
0.0,
0.0,
0.0,
0.0,
0.0,
0.0,
0.0,
0.0,
0.0,
0.0,
0.0,
0.0,
0.0,
0.0,
0.0,
0.0,
0.0,
0.0,
0.0,
0.0,
0.0,
0.0,
0.0,
0.0,
0.0,
0.0,
0.0,
0.0,
0.0,
0.0,
0.0,
0.0,
0.0,
0.0,
0.0,
0.0,
0.0,
0.0,
0.0,
0.0,
0.0,
0.0,
0.0,
0.0,
0.0,
0.0,
0.0,
0.0,
0.0,
0.0,
0.0,
0.0,
0.0,
0.0,
0.0,
0.0,
0.0,
0.0,
0.0,
0.0,
0.0,
0.0,
0.0,
0.0,
0.0,
0.0,
0.0,
0.0,
0.0,
0.0,
0.0,
0.0,
0.0,
0.0,
0.0,
0.0,
0.0,
0.0,
0.0,
0.0,
0.0,
0.0,
0.0,
0.0,
0.0,
0.0,
0.0,
0.0,
0.0,
0.0,
0.0,
0.0,
0.0,
0.0,
0.0,
0.0,
0.0,
0.0,
0.0,
0.0,
0.0,
0.0,
0.0,
0.0,
0.0,
0.0,
0.0,
0.0,
0.0,
0.0,
0.0,
0.0,
0.0,
0.0,
0.0,
0.0,
0.0,
0.0,
0.0,
0.0,
0.0,
0.0,
0.0,
0.0,
0.0,
0.0,
0.0,
0.0,
0.0,
0.0,
0.0,
0.0,
0.0,
0.0,
0.0,
0.0,
0.0,
0.0,
0.0,
0.0,
0.0,
0.0,
0.0,
0.0,
0.0,
0.0,
0.0,
0.0,
0.0,
0.0,
0.0,
0.0,
0.0,
0.0,
0.0,
0.0,
0.0,
0.0,
0.0,
0.0,
0.0,
0.0,
0.0,
0.0,
0.0,
0.0,
0.0,
0.0,
0.0,
0.0,
0.0,
0.0,
0.0,
0.0,
0.0,
0.0,
0.0,
0.0,
0.0,
0.0,
0.0,
0.0,
0.0,
0.0,
0.0,
0.0,
0.0,
0.0,
0.0,
0.0,
0.0,
0.0,
0.0,
0.0,
0.0,
0.0,
0.0,
0.0,
0.0,
0.0,
0.0,
0.0,
0.0,
0.0,
0.0,
0.0,
0.0,
0.0,
0.0,
0.0,
0.0,
0.0,
0.0,
0.0,
0.0,
0.0,
0.0,
0.0,
0.0,
0.0,
0.0,
0.0,
0.0,
0.0,
0.0,
0.0,
0.0,
0.0,
0.0,
0.0,
0.0,
0.0,
0.0,
0.0,
0.0,
0.0,
0.0,
0.0,
0.0,
0.0,
0.0,
0.0,
0.0,
0.0,
0.0,
0.0,
0.0,
0.0,
0.0,
0.0,
0.0,
0.0,
0.0,
0.0,
0.0,
0.0,
0.0,
0.0,
0.0,
0.0,
0.0,
0.0,
0.0,
0.0,
0.0,
0.0,
0.0,
0.0,
0.0,
0.0,
0.0,
0.0,
0.0,
0.0,
0.0,
0.0,
0.0,
0.0,
0.0,
0.0,
0.0,
0.0,
0.0,
0.0,
0.0,
0.0,
0.0,
0.0,
0.0,
0.0,
0.0,
0.0,
0.0,
0.0,
0.0,
0.0,
0.0,
0.0,
0.0,
0.0,
0.0,
0.0,
0.0,
0.0,
0.0,
0.0,
0.0,
0.0,
0.0,
0.0,
0.0,
0.0,
0.0,
0.0,
0.0,
0.0,
0.0,
0.0,
0.0,
0.0,
0.0,
0.0,
0.0,
0.0,
0.0,
0.0,
0.0,
0.0,
0.0,
0.0,
0.0,
0.0,
0.0,
0.0,
0.0,
0.0,
0.0,
0.0,
0.0,
0.0,
0.0,
0.0,
0.0,
0.0,
0.0,
0.0,
0.0,
0.0,
0.0,
0.0,
0.0,
0.0,
0.0,
0.0,
0.0,
0.0,
0.0,
0.0,
0.0,
0.0,
0.0,
0.0,
0.0,
0.0,
0.0,
0.0,
0.0,
0.0,
0.0,
0.0,
0.0,
0.0,
0.0,
0.0,
0.0,
0.0,
0.0,
0.0,
0.0,
0.0,
0.0,
0.0,
0.0,
0.0,
0.0,
0.0,
0.0,
0.0,
0.0,
0.0,
0.0,
0.0,
0.0,
0.0,
0.0,
0.0,
0.0,
0.0,
0.0,
0.0,
0.0,
0.0,
0.0,
0.0,
0.0,
0.0,
0.0,
0.0,
0.0,
0.0,
0.0,
0.0,
0.0,
0.0,
0.0,
0.0,
0.0,
0.0,
0.0,
0.0,
0.0,
0.0,
0.0,
0.0,
0.0,
0.0,
0.0,
0.0,
0.0,
0.0,
0.0,
0.0,
0.0,
0.0,
0.0,
0.0,
0.0,
0.0,
0.0,
0.0,
0.0,
0.0,
0.0,
0.0,
0.0,
0.0,
0.0,
0.0,
0.0,
0.0,
0.0,
0.0,
0.0,
0.0,
0.0,
0.0,
0.0,
0.0,
0.0,
0.0,
0.0,
0.0,
0.0,
0.0,
0.0,
0.0,
0.0,
0.0,
0.0,
0.0,
0.0,
0.0,
0.0,
0.0,
0.0,
0.0,
0.0,
0.0,
0.0,
0.0,
0.0,
0.0,
0.0,
0.0,
0.0,
0.0,
0.0,
0.0,
0.0,
0.0,
0.0,
0.0,
0.0,
0.0,
0.0,
0.0,
0.0,
0.0,
0.0,
0.0,
0.0,
0.0,
0.0,
0.0,
0.0,
0.0,
0.0,
0.0,
0.0,
0.0,
0.0,
0.0,
0.0,
0.0,
0.0,
0.0,
0.0,
0.0,
0.0,
0.0,
0.0,
0.0,
0.0,
0.0,
0.0,
0.0,
0.0,
0.0,
0.0,
0.0,
0.0,
0.0,
0.0,
0.0,
0.0,
0.0,
0.0,
0.0,
0.0,
0.0,
0.0,
0.0,
0.0,
0.0,
0.0,
0.0,
0.0,
0.0,
0.0,
0.0,
0.0,
0.0,
0.0,
0.0,
0.0,
0.0,
0.0,
0.0,
0.0,
0.0,
0.0,
0.0,
0.0,
0.0,
0.0,
0.0,
0.0,
0.0,
0.0,
0.0,
0.0,
0.0,
0.0,
0.0,
0.0,
0.0,
0.0,
0.0,
0.0,
0.0,
0.0,
0.0,
0.0,
0.0,
0.0,
0.0,
0.0,
0.0,
0.0,
0.0,
0.0,
0.0,
0.0,
0.0,
0.0,
0.0,
0.0,
0.0,
0.0,
0.0,
0.0,
0.0,
0.0,
0.0,
0.0,
0.0,
0.0,
0.0,
0.0,
0.0,
0.0,
0.0,
0.0,
0.0,
0.0,
0.0,
0.0,
0.0,
0.0,
0.0,
0.0,
0.0,
0.0,
0.0,
0.0,
0.0,
0.0,
0.0,
0.0,
0.0,
0.0,
0.0,
0.0,
0.0,
0.0,
0.0,
0.0,
0.0,
0.0,
0.0,
0.0,
0.0,
0.0,
0.0,
0.0,
0.0,
0.0,
0.0,
0.0,
0.0,
0.0,
0.0,
0.0,
0.0,
0.0,
0.0,
0.0,
0.0,
0.0,
0.0,
0.0,
0.0,
0.0,
0.0,
0.0,
0.0,
0.0,
0.0,
0.0,
0.0,
0.0,
0.0,
0.0,
0.0,
0.0,
0.0,
0.0,
0.0,
0.0,
0.0,
0.0,
0.0,
0.0,
0.0,
0.0,
0.0,
0.0,
0.0,
0.0,
0.0,
0.0,
0.0,
0.0,
0.0,
0.0,
0.0,
0.0,
0.0,
0.0,
0.0,
0.0,
0.0,
0.0,
0.0,
0.0,
0.0,
0.0,
0.0,
0.0,
0.0,
0.0,
0.0,
0.0,
0.0,
0.0,
0.0,
0.0,
0.0,
0.0,
0.0,
0.0,
0.0,
0.0,
0.0,
0.0,
0.0,
0.0,
0.0,
0.0,
0.0,
0.0,
0.0,
0.0,
0.0,
0.0,
0.0,
0.0,
0.0,
0.0,
0.0,
0.0,
0.0,
0.0,
0.0,
0.0,
0.0,
0.0,
0.0,
0.0,
0.0,
0.0,
0.0,
0.0,
0.0,
0.0,
0.0,
0.0,
0.0,
0.0,
0.0,
0.0,
0.0,
0.0,
0.0,
0.0,
0.0,
0.0,
0.0,
0.0,
0.0,
0.0,
0.0,
0.0,
0.0,
0.0,
0.0,
0.0,
0.0,
0.0,
0.0,
0.0,
0.0,
0.0,
0.0,
0.0,
0.0,
0.0,
0.0,
