1.0648384094238281,
1.0682048797607422,
1.0704524517059326,
1.071332573890686,
1.0715802907943726,
1.0723724365234375,
1.072691798210144,
1.072304606437683,
1.0730197429656982,
1.0732979774475098,
1.0731756687164307,
1.073782205581665,
1.0741276741027832,
1.0740174055099487,
1.074340581893921,
1.0743235349655151,
1.0744383335113525,
1.0748741626739502,
1.0744117498397827,
1.0749098062515259,
1.0750446319580078,
1.0746020078659058,
1.0747853517532349,
1.0750339031219482,
1.0744946002960205,
1.0751491785049438,
1.0754764080047607,
1.0749138593673706,
1.075334906578064,
1.0752960443496704,
1.0747061967849731,
1.0754008293151855,
1.07529878616333,
1.07521653175354,
1.0752063989639282,
1.0750852823257446,
1.0753501653671265,
1.0756349563598633,
1.0757572650909424,
1.0757304430007935,
1.0761088132858276,
1.075270414352417,
1.0757344961166382,
1.0757982730865479,
1.0750550031661987,
1.075637936592102,
1.0759189128875732,
1.0750157833099365,
1.0755056142807007,
1.0757265090942383,
1.0751440525054932,
1.0756267309188843,
1.075682282447815,
1.0750696659088135,
1.0756803750991821,
1.0757440328598022,
1.075068712234497,
1.0755597352981567,
1.0753583908081055,
1.0752063989639282,
1.075743317604065,
1.0756012201309204,
1.075345754623413,
1.075607419013977,
1.0749164819717407,
1.0753414630889893,
1.0756114721298218,
1.0749918222427368,
1.0754780769348145,
1.07552969455719,
1.0746709108352661,
1.0752640962600708,
1.0753430128097534,
1.0746209621429443,
1.0753787755966187,
1.075368881225586,
1.0747885704040527,
1.0750396251678467,
1.0749222040176392,
1.0745407342910767,
1.0750327110290527,
1.075178623199463,
1.0745179653167725,
1.074788212776184,
1.0749443769454956,
1.074841022491455,
1.0750069618225098,
1.075080156326294,
1.0749984979629517,
1.0751421451568604,
1.074625849723816,
1.0746667385101318,
1.0744699239730835,
1.0742061138153076,
1.074610948562622,
1.0747287273406982,
1.073911190032959,
1.0743905305862427,
1.0744017362594604,
1.0736984014511108,
1.0741561651229858,
1.0742318630218506,
1.0736020803451538,
1.074036717414856,
1.074018120765686,
1.0732014179229736,
1.0738143920898438,
1.0740147829055786,
1.073358416557312,
1.0737463235855103,
1.073914885520935,
1.0735867023468018,
1.0737253427505493,
1.073681354522705,
1.0734755992889404,
1.0736535787582397,
1.0728451013565063,
1.0729377269744873,
1.072998046875,
1.0725592374801636,
1.0728315114974976,
1.0727500915527344,
1.072355031967163,
1.0726732015609741,
1.0726357698440552,
1.0719637870788574,
1.0722627639770508,
1.072265625,
1.0717042684555054,
1.0720804929733276,
1.0720311403274536,
1.0714757442474365,
1.0720123052597046,
1.0719138383865356,
1.0715848207473755,
1.071913719177246,
1.0714476108551025,
1.0712392330169678,
1.0713658332824707,
1.0712037086486816,
1.071147084236145,
1.0713251829147339,
1.0708198547363281,
1.0705841779708862,
1.0709470510482788,
1.0701103210449219,
1.0704848766326904,
1.0704784393310547,
1.0699583292007446,
1.0703001022338867,
1.07037353515625,
1.0693087577819824,
1.0697401762008667,
1.0698790550231934,
1.0690252780914307,
1.0696158409118652,
1.0693621635437012,
1.0689022541046143,
1.0694180727005005,
1.0690994262695312,
1.0688509941101074,
1.0690687894821167,
1.0691989660263062,
1.068620204925537,
1.0687401294708252,
1.068578839302063,
1.0683705806732178,
1.0683444738388062,
1.0680179595947266,
1.0679166316986084,
1.0680503845214844,
1.0676326751708984,
1.0679121017456055,
1.067940354347229,
1.067210078239441,
1.0674991607666016,
1.067238450050354,
1.066575527191162,
1.0669971704483032,
1.067079782485962,
1.0662438869476318,
1.066415548324585,
1.0661619901657104,
1.066065788269043,
1.0662329196929932,
1.066293716430664,
1.0656561851501465,
1.0658648014068604,
1.0657342672348022,
1.0654436349868774,
1.0655800104141235,
1.0654542446136475,
1.065591812133789,
1.0651240348815918,
1.0643781423568726,
1.0645674467086792,
1.064613699913025,
1.063953161239624,
1.0642989873886108,
1.0641534328460693,
1.0635464191436768,
1.0636848211288452,
1.063716173171997,
1.0630173683166504,
1.0632137060165405,
1.0632686614990234,
1.062684416770935,
1.0630489587783813,
1.0629432201385498,
1.0622990131378174,
1.0626087188720703,
1.0624631643295288,
1.0617656707763672,
1.0620256662368774,
1.0621625185012817,
1.0614932775497437,
1.0615419149398804,
1.0610086917877197,
1.0608800649642944,
1.0606906414031982,
1.060376763343811,
1.060257077217102,
1.060523271560669,
1.0600242614746094,
1.0599197149276733,
1.0598361492156982,
1.0591708421707153,
1.0593833923339844,
1.0592659711837769,
1.0584518909454346,
1.0587294101715088,
1.058703064918518,
1.058077096939087,
1.0583539009094238,
1.0583584308624268,
1.0575660467147827,
1.0577822923660278,
1.0572155714035034,
1.0569243431091309,
1.0567861795425415,
1.0565890073776245,
1.0560179948806763,
1.055964708328247,
1.0552887916564941,
1.0553268194198608,
1.0552364587783813,
1.054612398147583,
1.054810643196106,
1.054508924484253,
1.0537328720092773,
1.0506606101989746,
1.0518908500671387,
1.0518295764923096,
1.0522352457046509,
1.0522228479385376,
1.0517181158065796,
1.0519287586212158,
1.0516836643218994,
1.051287293434143,
1.051376223564148,
1.0513197183609009,
1.0506993532180786,
1.0509285926818848,
1.0506277084350586,
1.0503453016281128,
1.0502874851226807,
1.0498180389404297,
1.0494292974472046,
1.0494308471679688,
1.0492537021636963,
1.048903465270996,
1.0489497184753418,
1.048522710800171,
1.048430323600769,
1.0481902360916138,
1.0477980375289917,
1.0475993156433105,
1.047607660293579,
1.0471941232681274,
1.046793818473816,
1.0467414855957031,
1.0459084510803223,
1.0460114479064941,
1.0460820198059082,
1.0452229976654053,
1.045217752456665,
1.0447614192962646,
1.0444166660308838,
1.0444051027297974,
1.0437698364257812,
1.0433319807052612,
1.0431450605392456,
1.0424656867980957,
1.042273998260498,
1.042352557182312,
1.0416206121444702,
1.0416115522384644,
1.0413480997085571,
1.0401804447174072,
1.0402473211288452,
1.0394172668457031,
1.0389246940612793,
1.0389288663864136,
1.0383527278900146,
1.038034200668335,
1.0378261804580688,
1.0373364686965942,
1.0362505912780762,
1.0359998941421509,
1.0356683731079102,
1.035382866859436,
1.0353530645370483,
1.0348329544067383,
1.033929467201233,
1.033463478088379,
1.0330978631973267,
1.0325871706008911,
1.0322954654693604,
1.0313467979431152,
1.0310652256011963,
1.0307443141937256,
1.0297276973724365,
1.0297030210494995,
1.0291593074798584,
1.028066873550415,
1.0279479026794434,
1.0267047882080078,
1.0263006687164307,
1.025476098060608,
1.0247336626052856,
1.0242230892181396,
1.0233941078186035,
1.02275550365448,
1.022301197052002,
1.0219004154205322,
1.020558476448059,
1.0201045274734497,
1.0193698406219482,
1.0181950330734253,
1.0176706314086914,
1.017254114151001,
1.0163209438323975,
1.0150426626205444,
1.014799952507019,
1.01349675655365,
1.0134466886520386,
1.0129494667053223,
1.0113317966461182,
1.0106319189071655,
1.0100550651550293,
1.0086578130722046,
1.0082474946975708,
1.007224440574646,
1.005982756614685,
1.005542278289795,
1.0045017004013062,
1.0029281377792358,
1.0021849870681763,
1.0011385679244995,
0.9999909996986389,
0.9991073608398438,
0.9978756308555603,
0.9965083599090576,
0.9950727820396423,
0.9943419694900513,
0.9930323362350464,
0.9922200441360474,
0.990646481513977,
0.9894599914550781,
0.9885806441307068,
0.9875262379646301,
0.9860668778419495,
0.9850152730941772,
0.983955442905426,
0.9824597835540771,
0.9811792969703674,
0.9797941446304321,
0.978481113910675,
0.9767049551010132,
0.9754087924957275,
0.9742591381072998,
0.9728953838348389,
0.9716630578041077,
0.9695925712585449,
0.9685778021812439,
0.9665013551712036,
0.9651961326599121,
0.9635728597640991,
0.9620112180709839,
0.9601805210113525,
0.9586853981018066,
0.9567596912384033,
0.9551101326942444,
0.9534949660301208,
0.9515533447265625,
0.9500246047973633,
0.9482706785202026,
0.946444034576416,
0.9445876479148865,
0.9430451393127441,
0.9409269690513611,
0.9386909604072571,
0.9368717074394226,
0.9347644448280334,
0.9328724145889282,
0.9307477474212646,
0.92877197265625,
0.926278829574585,
0.924297571182251,
0.9223153591156006,
0.9196932315826416,
0.917900025844574,
0.915415346622467,
0.9129751324653625,
0.9110094904899597,
0.9087650179862976,
0.9064169526100159,
0.903926432132721,
0.9015995860099792,
0.8992466926574707,
0.8971913456916809,
0.8946336507797241,
0.8925552368164062,
0.8902926445007324,
0.8881973028182983,
0.8858003616333008,
0.883946418762207,
0.8817068338394165,
0.8796474933624268,
0.87774658203125,
0.8752654194831848,
0.8729177713394165,
0.8703101277351379,
0.8679778575897217,
0.865418553352356,
0.8632818460464478,
0.8609911203384399,
0.8587279319763184,
0.8561491370201111,
0.8538771271705627,
0.8516677618026733,
0.8492421507835388,
0.8470125198364258,
0.8447810411453247,
0.8424633145332336,
0.8404060006141663,
0.8378314971923828,
0.835767924785614,
0.8336569666862488,
0.8313248157501221,
0.8290979266166687,
0.8265389204025269,
0.8265389204025269,
0.8265389204025269,
0.0,
0.0,
0.0,
0.0,
0.0,
0.0,
0.0,
0.0,
0.0,
0.0,
0.0,
0.0,
0.0,
0.0,
0.0,
0.0,
0.0,
0.0,
0.0,
0.0,
0.0,
0.0,
0.0,
0.0,
0.0,
0.0,
0.0,
0.0,
0.0,
0.0,
0.0,
0.0,
0.0,
0.0,
0.0,
0.0,
0.0,
0.0,
0.0,
0.0,
0.0,
0.0,
0.0,
0.0,
0.0,
0.0,
0.0,
0.0,
0.0,
0.0,
0.0,
0.0,
0.0,
0.0,
0.0,
0.0,
0.0,
0.0,
0.0,
0.0,
0.0,
0.0,
0.0,
0.0,
0.0,
0.0,
0.0,
0.0,
0.0,
0.0,
0.0,
0.0,
0.0,
0.0,
0.0,
0.0,
0.0,
0.0,
0.0,
0.0,
0.0,
0.0,
0.0,
0.0,
0.0,
0.0,
0.0,
0.0,
0.0,
0.0,
0.0,
0.0,
0.0,
0.0,
0.0,
0.0,
0.0,
0.0,
0.0,
0.0,
0.0,
0.0,
0.0,
0.0,
0.0,
0.0,
0.0,
0.0,
0.0,
0.0,
0.0,
0.0,
0.0,
0.0,
0.0,
0.0,
0.0,
0.0,
0.0,
0.0,
0.0,
0.0,
0.0,
0.0,
0.0,
0.0,
0.0,
0.0,
0.0,
0.0,
0.0,
0.0,
0.0,
0.0,
0.0,
0.0,
0.0,
0.0,
0.0,
0.0,
0.0,
0.0,
0.0,
0.0,
0.0,
0.0,
0.0,
0.0,
0.0,
0.0,
0.0,
0.0,
0.0,
0.0,
0.0,
0.0,
0.0,
0.0,
0.0,
0.0,
0.0,
0.0,
0.0,
0.0,
0.0,
0.0,
0.0,
0.0,
0.0,
0.0,
0.0,
0.0,
0.0,
0.0,
0.0,
0.0,
0.0,
0.0,
0.0,
0.0,
0.0,
0.0,
0.0,
0.0,
0.0,
0.0,
0.0,
0.0,
0.0,
0.0,
0.0,
0.0,
0.0,
0.0,
0.0,
0.0,
0.0,
0.0,
0.0,
0.0,
0.0,
0.0,
0.0,
0.0,
0.0,
0.0,
0.0,
0.0,
0.0,
0.0,
0.0,
0.0,
0.0,
0.0,
0.0,
0.0,
0.0,
0.0,
0.0,
0.0,
0.0,
0.0,
0.0,
0.0,
0.0,
0.0,
0.0,
0.0,
0.0,
0.0,
0.0,
0.0,
0.0,
0.0,
0.0,
0.0,
0.0,
0.0,
0.0,
0.0,
0.0,
0.0,
0.0,
0.0,
0.0,
0.0,
0.0,
0.0,
0.0,
0.0,
0.0,
0.0,
0.0,
0.0,
0.0,
0.0,
0.0,
0.0,
0.0,
0.0,
0.0,
0.0,
0.0,
0.0,
0.0,
0.0,
0.0,
0.0,
0.0,
0.0,
0.0,
0.0,
0.0,
0.0,
0.0,
0.0,
0.0,
0.0,
0.0,
0.0,
0.0,
0.0,
0.0,
0.0,
0.0,
0.0,
0.0,
0.0,
0.0,
0.0,
0.0,
0.0,
0.0,
0.0,
0.0,
0.0,
0.0,
0.0,
0.0,
0.0,
0.0,
0.0,
0.0,
0.0,
0.0,
0.0,
0.0,
0.0,
0.0,
0.0,
0.0,
0.0,
0.0,
0.0,
0.0,
0.0,
0.0,
0.0,
0.0,
0.0,
0.0,
0.0,
0.0,
0.0,
0.0,
0.0,
0.0,
0.0,
0.0,
0.0,
0.0,
0.0,
0.0,
0.0,
0.0,
0.0,
0.0,
0.0,
0.0,
0.0,
0.0,
0.0,
0.0,
0.0,
0.0,
0.0,
0.0,
0.0,
0.0,
0.0,
0.0,
0.0,
0.0,
0.0,
0.0,
0.0,
0.0,
0.0,
0.0,
0.0,
0.0,
0.0,
0.0,
0.0,
0.0,
0.0,
0.0,
0.0,
0.0,
0.0,
0.0,
0.0,
0.0,
0.0,
0.0,
0.0,
0.0,
0.0,
0.0,
0.0,
0.0,
0.0,
0.0,
0.0,
0.0,
0.0,
0.0,
0.0,
0.0,
0.0,
0.0,
0.0,
0.0,
0.0,
0.0,
0.0,
0.0,
0.0,
0.0,
0.0,
0.0,
0.0,
0.0,
0.0,
0.0,
0.0,
0.0,
0.0,
0.0,
0.0,
0.0,
0.0,
0.0,
0.0,
0.0,
0.0,
0.0,
0.0,
0.0,
0.0,
0.0,
0.0,
0.0,
0.0,
0.0,
0.0,
0.0,
0.0,
0.0,
0.0,
0.0,
0.0,
0.0,
0.0,
0.0,
0.0,
0.0,
0.0,
0.0,
0.0,
0.0,
0.0,
0.0,
0.0,
0.0,
0.0,
0.0,
0.0,
0.0,
0.0,
0.0,
0.0,
0.0,
0.0,
0.0,
0.0,
0.0,
0.0,
0.0,
0.0,
0.0,
0.0,
0.0,
0.0,
0.0,
0.0,
0.0,
0.0,
0.0,
0.0,
0.0,
0.0,
0.0,
0.0,
0.0,
0.0,
0.0,
0.0,
0.0,
0.0,
0.0,
0.0,
0.0,
0.0,
0.0,
0.0,
0.0,
0.0,
0.0,
0.0,
0.0,
0.0,
0.0,
0.0,
0.0,
0.0,
0.0,
0.0,
0.0,
0.0,
0.0,
0.0,
0.0,
0.0,
0.0,
0.0,
0.0,
0.0,
0.0,
0.0,
0.0,
0.0,
0.0,
0.0,
0.0,
0.0,
0.0,
0.0,
0.0,
0.0,
0.0,
0.0,
0.0,
0.0,
0.0,
0.0,
0.0,
0.0,
0.0,
0.0,
0.0,
0.0,
0.0,
0.0,
0.0,
0.0,
0.0,
0.0,
0.0,
0.0,
0.0,
0.0,
0.0,
0.0,
0.0,
0.0,
0.0,
0.0,
0.0,
0.0,
0.0,
0.0,
0.0,
0.0,
0.0,
0.0,
0.0,
0.0,
0.0,
0.0,
0.0,
0.0,
0.0,
0.0,
0.0,
0.0,
0.0,
0.0,
0.0,
0.0,
0.0,
0.0,
0.0,
0.0,
0.0,
0.0,
0.0,
0.0,
0.0,
0.0,
0.0,
0.0,
0.0,
0.0,
0.0,
0.0,
0.0,
0.0,
0.0,
0.0,
0.0,
0.0,
0.0,
0.0,
0.0,
0.0,
0.0,
0.0,
0.0,
0.0,
0.0,
0.0,
0.0,
0.0,
0.0,
0.0,
0.0,
0.0,
0.0,
0.0,
0.0,
0.0,
0.0,
0.0,
0.0,
0.0,
0.0,
0.0,
0.0,
0.0,
0.0,
0.0,
0.0,
0.0,
0.0,
0.0,
0.0,
0.0,
0.0,
0.0,
0.0,
0.0,
0.0,
0.0,
0.0,
0.0,
0.0,
0.0,
0.0,
0.0,
0.0,
0.0,
0.0,
0.0,
0.0,
0.0,
0.0,
0.0,
0.0,
0.0,
0.0,
0.0,
0.0,
0.0,
0.0,
0.0,
0.0,
0.0,
0.0,
0.0,
0.0,
0.0,
0.0,
0.0,
0.0,
0.0,
0.0,
0.0,
0.0,
0.0,
0.0,
0.0,
0.0,
0.0,
0.0,
0.0,
0.0,
0.0,
0.0,
0.0,
0.0,
0.0,
0.0,
0.0,
0.0,
0.0,
0.0,
0.0,
0.0,
0.0,
0.0,
0.0,
0.0,
0.0,
0.0,
0.0,
0.0,
0.0,
0.0,
0.0,
0.0,
0.0,
0.0,
0.0,
0.0,
0.0,
0.0,
0.0,
0.0,
0.0,
0.0,
0.0,
0.0,
0.0,
0.0,
0.0,
0.0,
0.0,
0.0,
0.0,
0.0,
0.0,
0.0,
0.0,
0.0,
0.0,
0.0,
0.0,
0.0,
0.0,
0.0,
0.0,
0.0,
0.0,
0.0,
0.0,
0.0,
0.0,
0.0,
0.0,
0.0,
0.0,
0.0,
0.0,
0.0,
0.0,
0.0,
0.0,
0.0,
0.0,
0.0,
0.0,
0.0,
0.0,
0.0,
0.0,
0.0,
0.0,
0.0,
0.0,
0.0,
0.0,
0.0,
0.0,
0.0,
0.0,
0.0,
0.0,
0.0,
0.0,
0.0,
0.0,
0.0,
0.0,
0.0,
0.0,
0.0,
0.0,
0.0,
0.0,
0.0,
0.0,
0.0,
0.0,
0.0,
0.0,
0.0,
0.0,
0.0,
0.0,
0.0,
0.0,
0.0,
0.0,
0.0,
0.0,
0.0,
0.0,
0.0,
0.0,
0.0,
0.0,
0.0,
0.0,
0.0,
0.0,
0.0,
0.0,
0.0,
0.0,
0.0,
0.0,
0.0,
0.0,
0.0,
0.0,
0.0,
0.0,
0.0,
0.0,
0.0,
0.0,
0.0,
0.0,
0.0,
0.0,
0.0,
0.0,
0.0,
0.0,
0.0,
0.0,
0.0,
0.0,
0.0,
0.0,
0.0,
0.0,
0.0,
0.0,
0.0,
0.0,
0.0,
0.0,
0.0,
0.0,
0.0,
0.0,
0.0,
0.0,
0.0,
0.0,
0.0,
0.0,
0.0,
0.0,
0.0,
0.0,
0.0,
0.0,
0.0,
0.0,
0.0,
0.0,
0.0,
0.0,
0.0,
0.0,
0.0,
0.0,
0.0,
0.0,
0.0,
0.0,
0.0,
0.0,
0.0,
0.0,
0.0,
0.0,
0.0,
0.0,
0.0,
0.0,
0.0,
0.0,
0.0,
0.0,
0.0,
0.0,
0.0,
0.0,
0.0,
0.0,
0.0,
0.0,
0.0,
0.0,
0.0,
0.0,
0.0,
0.0,
0.0,
0.0,
0.0,
0.0,
0.0,
0.0,
0.0,
0.0,
0.0,
0.0,
0.0,
0.0,
0.0,
0.0,
0.0,
0.0,
0.0,
0.0,
0.0,
0.0,
0.0,
0.0,
0.0,
0.0,
0.0,
0.0,
0.0,
0.0,
0.0,
0.0,
0.0,
0.0,
0.0,
0.0,
0.0,
0.0,
0.0,
0.0,
0.0,
0.0,
0.0,
0.0,
0.0,
0.0,
0.0,
0.0,
0.0,
0.0,
0.0,
0.0,
0.0,
0.0,
0.0,
0.0,
0.0,
0.0,
0.0,
0.0,
0.0,
0.0,
0.0,
0.0,
0.0,
0.0,
0.0,
0.0,
0.0,
0.0,
0.0,
0.0,
0.0,
0.0,
0.0,
0.0,
0.0,
0.0,
0.0,
0.0,
0.0,
0.0,
0.0,
0.0,
0.0,
0.0,
0.0,
0.0,
0.0,
0.0,
0.0,
0.0,
0.0,
0.0,
0.0,
0.0,
0.0,
0.0,
0.0,
0.0,
0.0,
0.0,
0.0,
0.0,
0.0,
0.0,
0.0,
0.0,
0.0,
0.0,
0.0,
0.0,
0.0,
0.0,
0.0,
0.0,
0.0,
0.0,
0.0,
0.0,
0.0,
0.0,
0.0,
0.0,
0.0,
0.0,
0.0,
0.0,
0.0,
0.0,
0.0,
0.0,
0.0,
0.0,
0.0,
0.0,
0.0,
0.0,
0.0,
0.0,
0.0,
0.0,
0.0,
0.0,
0.0,
0.0,
0.0,
0.0,
0.0,
0.0,
0.0,
0.0,
0.0,
0.0,
0.0,
0.0,
0.0,
0.0,
0.0,
0.0,
0.0,
0.0,
0.0,
0.0,
0.0,
0.0,
0.0,
0.0,
0.0,
0.0,
0.0,
0.0,
0.0,
0.0,
0.0,
0.0,
0.0,
0.0,
0.0,
0.0,
0.0,
0.0,
0.0,
0.0,
0.0,
0.0,
0.0,
0.0,
0.0,
0.0,
0.0,
0.0,
0.0,
0.0,
0.0,
0.0,
0.0,
0.0,
0.0,
0.0,
0.0,
0.0,
0.0,
0.0,
0.0,
0.0,
0.0,
0.0,
0.0,
0.0,
0.0,
0.0,
0.0,
0.0,
0.0,
0.0,
0.0,
0.0,
0.0,
0.0,
0.0,
0.0,
0.0,
0.0,
0.0,
0.0,
0.0,
0.0,
0.0,
0.0,
0.0,
0.0,
0.0,
0.0,
0.0,
0.0,
0.0,
0.0,
0.0,
0.0,
0.0,
0.0,
0.0,
0.0,
0.0,
0.0,
0.0,
0.0,
0.0,
0.0,
0.0,
0.0,
0.0,
0.0,
0.0,
0.0,
0.0,
0.0,
0.0,
0.0,
0.0,
0.0,
0.0,
0.0,
0.0,
0.0,
0.0,
0.0,
0.0,
0.0,
0.0,
0.0,
0.0,
0.0,
0.0,
0.0,
0.0,
0.0,
0.0,
0.0,
0.0,
0.0,
0.0,
0.0,
0.0,
0.0,
0.0,
0.0,
0.0,
0.0,
0.0,
0.0,
0.0,
0.0,
0.0,
0.0,
0.0,
0.0,
0.0,
0.0,
0.0,
0.0,
0.0,
0.0,
0.0,
0.0,
0.0,
0.0,
0.0,
0.0,
0.0,
0.0,
0.0,
0.0,
0.0,
0.0,
0.0,
0.0,
0.0,
0.0,
0.0,
0.0,
0.0,
0.0,
0.0,
0.0,
0.0,
0.0,
0.0,
0.0,
0.0,
0.0,
0.0,
0.0,
0.0,
0.0,
0.0,
0.0,
0.0,
0.0,
0.0,
0.0,
0.0,
0.0,
0.0,
0.0,
0.0,
0.0,
0.0,
0.0,
0.0,
0.0,
0.0,
0.0,
0.0,
0.0,
0.0,
0.0,
0.0,
0.0,
0.0,
0.0,
0.0,
0.0,
0.0,
0.0,
0.0,
0.0,
0.0,
0.0,
0.0,
0.0,
0.0,
0.0,
0.0,
0.0,
0.0,
0.0,
0.0,
0.0,
0.0,
0.0,
0.0,
0.0,
0.0,
0.0,
0.0,
0.0,
0.0,
0.0,
0.0,
0.0,
0.0,
0.0,
0.0,
0.0,
0.0,
0.0,
0.0,
0.0,
0.0,
0.0,
0.0,
0.0,
0.0,
0.0,
0.0,
0.0,
0.0,
0.0,
0.0,
0.0,
0.0,
0.0,
0.0,
0.0,
0.0,
0.0,
0.0,
0.0,
0.0,
0.0,
0.0,
0.0,
0.0,
0.0,
0.0,
0.0,
0.0,
0.0,
0.0,
0.0,
0.0,
0.0,
0.0,
0.0,
0.0,
0.0,
0.0,
0.0,
0.0,
0.0,
0.0,
0.0,
0.0,
0.0,
0.0,
0.0,
0.0,
0.0,
0.0,
0.0,
0.0,
0.0,
0.0,
0.0,
0.0,
0.0,
0.0,
0.0,
0.0,
0.0,
0.0,
0.0,
0.0,
0.0,
0.0,
0.0,
0.0,
0.0,
0.0,
0.0,
0.0,
0.0,
0.0,
0.0,
0.0,
0.0,
0.0,
0.0,
0.0,
0.0,
0.0,
0.0,
0.0,
0.0,
0.0,
0.0,
0.0,
0.0,
0.0,
0.0,
0.0,
0.0,
0.0,
0.0,
0.0,
0.0,
0.0,
0.0,
0.0,
0.0,
0.0,
0.0,
0.0,
0.0,
0.0,
0.0,
0.0,
0.0,
0.0,
0.0,
0.0,
0.0,
0.0,
0.0,
0.0,
0.0,
0.0,
0.0,
0.0,
0.0,
0.0,
0.0,
0.0,
0.0,
0.0,
0.0,
0.0,
0.0,
0.0,
0.0,
0.0,
0.0,
0.0,
0.0,
0.0,
0.0,
0.0,
0.0,
0.0,
0.0,
0.0,
0.0,
0.0,
0.0,
0.0,
0.0,
0.0,
0.0,
0.0,
0.0,
0.0,
0.0,
0.0,
0.0,
0.0,
0.0,
0.0,
0.0,
0.0,
0.0,
0.0,
0.0,
0.0,
0.0,
0.0,
0.0,
0.0,
0.0,
0.0,
0.0,
0.0,
0.0,
0.0,
0.0,
0.0,
0.0,
0.0,
0.0,
0.0,
0.0,
0.0,
0.0,
0.0,
0.0,
0.0,
0.0,
0.0,
0.0,
0.0,
0.0,
0.0,
0.0,
0.0,
0.0,
0.0,
0.0,
0.0,
0.0,
0.0,
0.0,
0.0,
0.0,
0.0,
0.0,
0.0,
0.0,
0.0,
0.0,
0.0,
0.0,
0.0,
0.0,
0.0,
0.0,
0.0,
0.0,
0.0,
0.0,
0.0,
0.0,
0.0,
0.0,
0.0,
0.0,
0.0,
0.0,
0.0,
0.0,
0.0,
0.0,
0.0,
0.0,
0.0,
0.0,
0.0,
0.0,
0.0,
0.0,
0.0,
0.0,
0.0,
0.0,
0.0,
0.0,
0.0,
0.0,
0.0,
0.0,
0.0,
0.0,
0.0,
0.0,
0.0,
0.0,
0.0,
0.0,
0.0,
0.0,
0.0,
0.0,
0.0,
0.0,
0.0,
0.0,
0.0,
0.0,
0.0,
0.0,
0.0,
0.0,
0.0,
0.0,
0.0,
0.0,
0.0,
0.0,
0.0,
0.0,
0.0,
0.0,
0.0,
0.0,
0.0,
0.0,
0.0,
0.0,
0.0,
0.0,
0.0,
0.0,
0.0,
0.0,
0.0,
0.0,
0.0,
0.0,
0.0,
0.0,
0.0,
0.0,
0.0,
0.0,
0.0,
0.0,
0.0,
0.0,
0.0,
0.0,
0.0,
0.0,
0.0,
0.0,
0.0,
0.0,
0.0,
0.0,
0.0,
0.0,
0.0,
0.0,
0.0,
0.0,
0.0,
0.0,
0.0,
0.0,
0.0,
0.0,
0.0,
0.0,
0.0,
0.0,
0.0,
0.0,
0.0,
0.0,
0.0,
0.0,
0.0,
0.0,
0.0,
0.0,
0.0,
0.0,
0.0,
0.0,
0.0,
0.0,
0.0,
0.0,
0.0,
0.0,
0.0,
0.0,
0.0,
0.0,
0.0,
0.0,
0.0,
0.0,
0.0,
0.0,
0.0,
0.0,
0.0,
0.0,
0.0,
0.0,
0.0,
0.0,
0.0,
0.0,
0.0,
0.0,
0.0,
0.0,
0.0,
0.0,
0.0,
0.0,
0.0,
0.0,
0.0,
0.0,
0.0,
0.0,
0.0,
0.0,
0.0,
0.0,
0.0,
0.0,
0.0,
0.0,
0.0,
0.0,
0.0,
0.0,
0.0,
0.0,
0.0,
0.0,
0.0,
0.0,
0.0,
0.0,
0.0,
0.0,
0.0,
0.0,
0.0,
0.0,
0.0,
0.0,
0.0,
0.0,
0.0,
0.0,
0.0,
0.0,
0.0,
0.0,
0.0,
0.0,
0.0,
0.0,
0.0,
0.0,
0.0,
0.0,
0.0,
0.0,
0.0,
0.0,
0.0,
0.0,
0.0,
0.0,
0.0,
0.0,
0.0,
0.0,
0.0,
0.0,
0.0,
0.0,
0.0,
0.0,
0.0,
0.0,
0.0,
0.0,
0.0,
0.0,
0.0,
0.0,
0.0,
0.0,
0.0,
0.0,
0.0,
0.0,
0.0,
0.0,
0.0,
0.0,
0.0,
0.0,
0.0,
0.0,
0.0,
0.0,
0.0,
0.0,
0.0,
0.0,
0.0,
0.0,
0.0,
0.0,
0.0,
0.0,
0.0,
0.0,
0.0,
0.0,
0.0,
0.0,
0.0,
0.0,
0.0,
0.0,
0.0,
0.0,
0.0,
0.0,
0.0,
0.0,
0.0,
0.0,
0.0,
0.0,
0.0,
0.0,
0.0,
0.0,
0.0,
0.0,
0.0,
0.0,
0.0,
0.0,
0.0,
0.0,
0.0,
0.0,
0.0,
0.0,
0.0,
0.0,
0.0,
0.0,
0.0,
0.0,
0.0,
0.0,
0.0,
0.0,
0.0,
0.0,
0.0,
0.0,
0.0,
0.0,
0.0,
0.0,
0.0,
0.0,
0.0,
0.0,
0.0,
0.0,
0.0,
0.0,
0.0,
0.0,
0.0,
0.0,
