1.0692152976989746,
1.0728973150253296,
1.0741193294525146,
1.074464201927185,
1.0752395391464233,
1.075157642364502,
1.0750157833099365,
1.0750945806503296,
1.0752397775650024,
1.0752633810043335,
1.0753049850463867,
1.0754159688949585,
1.0755422115325928,
1.0755683183670044,
1.075647234916687,
1.0754443407058716,
1.0755120515823364,
1.0755507946014404,
1.0755863189697266,
1.075505018234253,
1.0755033493041992,
1.0754765272140503,
1.075209140777588,
1.0752426385879517,
1.0751380920410156,
1.075120210647583,
1.0751738548278809,
1.0751389265060425,
1.0749915838241577,
1.0748227834701538,
1.07455313205719,
1.0745970010757446,
1.0742814540863037,
1.0742478370666504,
1.0741490125656128,
1.0739798545837402,
1.0741137266159058,
1.0742052793502808,
1.0743869543075562,
1.0741684436798096,
1.0742195844650269,
1.0740408897399902,
1.0738359689712524,
1.0736912488937378,
1.0734915733337402,
1.0734561681747437,
1.0733305215835571,
1.0730446577072144,
1.072994589805603,
1.0728214979171753,
1.072754144668579,
1.0728049278259277,
1.0724517107009888,
1.0723503828048706,
1.072249412536621,
1.0722085237503052,
1.0717840194702148,
1.0714744329452515,
1.0716062784194946,
1.071412205696106,
1.0713603496551514,
1.0713508129119873,
1.0711675882339478,
1.0708552598953247,
1.0708644390106201,
1.0707764625549316,
1.0707765817642212,
1.070574402809143,
1.070394515991211,
1.070198655128479,
1.0699166059494019,
1.069836139678955,
1.0697013139724731,
1.0695315599441528,
1.0695466995239258,
1.0694453716278076,
1.0691258907318115,
1.0689080953598022,
1.068753957748413,
1.0685441493988037,
1.0683469772338867,
1.068191647529602,
1.0678701400756836,
1.0677067041397095,
1.0678808689117432,
1.067786455154419,
1.06770920753479,
1.0673305988311768,
1.067183494567871,
1.0669347047805786,
1.0667496919631958,
1.0666738748550415,
1.0666214227676392,
1.0662641525268555,
1.0661581754684448,
1.0659269094467163,
1.0656682252883911,
1.0655317306518555,
1.0654062032699585,
1.0650913715362549,
1.064843773841858,
1.0646779537200928,
1.064443826675415,
1.0642668008804321,
1.0638984441757202,
1.0637964010238647,
1.0635827779769897,
1.0633517503738403,
1.0633041858673096,
1.0630213022232056,
1.062912106513977,
1.062945008277893,
1.062924861907959,
1.0624663829803467,
1.062226414680481,
1.0620810985565186,
1.0617040395736694,
1.0615333318710327,
1.0614371299743652,
1.0610798597335815,
1.0608479976654053,
1.0607722997665405,
1.06056547164917,
1.0603410005569458,
1.0600676536560059,
1.0596569776535034,
1.0593382120132446,
1.0592631101608276,
1.0591617822647095,
1.059025764465332,
1.0586830377578735,
1.0584876537322998,
1.058419108390808,
1.0582679510116577,
1.0580627918243408,
1.0578056573867798,
1.0574709177017212,
1.057158350944519,
1.0570979118347168,
1.0568313598632812,
1.0567348003387451,
1.0563045740127563,
1.056054949760437,
1.0558542013168335,
1.0555121898651123,
1.0553441047668457,
1.055035948753357,
1.0547845363616943,
1.0545927286148071,
1.054262638092041,
1.0539082288742065,
1.0538312196731567,
1.0534785985946655,
1.053277611732483,
1.053021788597107,
1.0527970790863037,
1.0526846647262573,
1.0524964332580566,
1.0522350072860718,
1.0519438982009888,
1.051660180091858,
1.0513067245483398,
1.0512033700942993,
1.0509607791900635,
1.0506571531295776,
1.0505517721176147,
1.0502126216888428,
1.049898624420166,
1.0497206449508667,
1.049546480178833,
1.0492581129074097,
1.0490083694458008,
1.048773169517517,
1.0485165119171143,
1.048231601715088,
1.0477724075317383,
1.0475468635559082,
1.0473334789276123,
1.0469622611999512,
1.0468190908432007,
1.0466690063476562,
1.0463638305664062,
1.0462366342544556,
1.0459849834442139,
1.045608401298523,
1.0454989671707153,
1.0452097654342651,
1.044966220855713,
1.044663667678833,
1.044385313987732,
1.0441614389419556,
1.0438801050186157,
1.0434362888336182,
1.0432511568069458,
1.0430495738983154,
1.0426501035690308,
1.042421579360962,
1.042008638381958,
1.0416417121887207,
1.0415445566177368,
1.0413185358047485,
1.0408754348754883,
1.0406193733215332,
1.0403324365615845,
1.0401887893676758,
1.0399620532989502,
1.0396329164505005,
1.0393742322921753,
1.0392059087753296,
1.0387842655181885,
1.0385278463363647,
1.038241982460022,
1.0378227233886719,
1.0375787019729614,
1.0373197793960571,
1.0369126796722412,
1.036579966545105,
1.036395788192749,
1.0361021757125854,
1.0359256267547607,
1.0357862710952759,
1.0353165864944458,
1.034454107284546,
1.0345978736877441,
1.034030795097351,
1.0340765714645386,
1.0337053537368774,
1.033525824546814,
1.033159613609314,
1.0326894521713257,
1.0327425003051758,
1.0325285196304321,
1.031943440437317,
1.0316824913024902,
1.0312693119049072,
1.0312180519104004,
1.0304841995239258,
1.0306645631790161,
1.0300512313842773,
1.0296683311462402,
1.029099702835083,
1.0292245149612427,
1.0290098190307617,
1.028663992881775,
1.0282645225524902,
1.0278273820877075,
1.0278273820877075,
1.024334192276001,
1.0255208015441895,
1.0249143838882446,
1.0257076025009155,
1.0255886316299438,
1.025333046913147,
1.025099277496338,
1.0246831178665161,
1.024628758430481,
1.0240567922592163,
1.0237902402877808,
1.0239304304122925,
1.0238020420074463,
1.0233665704727173,
1.02266263961792,
1.0225515365600586,
1.0223698616027832,
1.0224223136901855,
1.022109031677246,
1.021615982055664,
1.0216063261032104,
1.0214556455612183,
1.0209861993789673,
1.0209327936172485,
1.0197781324386597,
1.0200660228729248,
1.0195002555847168,
1.0192714929580688,
1.018753170967102,
1.0184406042099,
1.0175105333328247,
1.0170631408691406,
1.0172773599624634,
1.0169545412063599,
1.0169786214828491,
1.0164867639541626,
1.0159107446670532,
1.0154318809509277,
1.015286922454834,
1.01494300365448,
1.0145082473754883,
1.0133321285247803,
1.0131120681762695,
1.01351797580719,
1.0127676725387573,
1.012620449066162,
1.0120183229446411,
1.0118485689163208,
1.010952353477478,
1.0108662843704224,
1.0110265016555786,
1.0106691122055054,
1.0102015733718872,
1.0091913938522339,
1.0089703798294067,
1.0086872577667236,
1.008049726486206,
1.00718355178833,
1.0069445371627808,
1.0067232847213745,
1.0066245794296265,
1.0057852268218994,
1.0050725936889648,
1.0050253868103027,
1.003718614578247,
1.003653883934021,
1.003557562828064,
1.0027936697006226,
1.0022103786468506,
1.0018130540847778,
1.001541256904602,
1.0007072687149048,
1.0001399517059326,
0.9996713399887085,
0.999521791934967,
0.9988455772399902,
0.9983864426612854,
0.9982219338417053,
0.9974581599235535,
0.9970002770423889,
0.9965960383415222,
0.9960583448410034,
0.9947589039802551,
0.9945424199104309,
0.9939743876457214,
0.993450939655304,
0.9925781488418579,
0.9923180937767029,
0.991134762763977,
0.9910781383514404,
0.9906822443008423,
0.9897142052650452,
0.9895604252815247,
0.9887513518333435,
0.9886411428451538,
0.9873694181442261,
0.9871791005134583,
0.9866275787353516,
0.9855846762657166,
0.9849101901054382,
0.9845018982887268,
0.983805239200592,
0.9835203289985657,
0.9826157093048096,
0.9816374778747559,
0.9815592169761658,
0.9806486368179321,
0.980284571647644,
0.9791924357414246,
0.9784152507781982,
0.9772651791572571,
0.9770947694778442,
0.976119339466095,
0.9759641885757446,
0.9754399657249451,
0.9742110371589661,
0.97367262840271,
0.9720475077629089,
0.9716618657112122,
0.9711382985115051,
0.970929741859436,
0.9700002670288086,
0.9685620665550232,
0.9678474068641663,
0.9673633575439453,
0.9665704965591431,
0.9658642411231995,
0.9650285243988037,
0.9641950130462646,
0.9628769755363464,
0.9623569250106812,
0.9616167545318604,
0.9608845710754395,
0.960357666015625,
0.9590591192245483,
0.9581615328788757,
0.9571218490600586,
0.9561653733253479,
0.9557533860206604,
0.9542340040206909,
0.9532914161682129,
0.9525629878044128,
0.9517127275466919,
0.9503971338272095,
0.9498925805091858,
0.949117124080658,
0.9481281638145447,
0.9471204280853271,
0.9463458061218262,
0.9454753398895264,
0.9441009759902954,
0.9431833624839783,
0.9419136047363281,
0.9413917660713196,
0.939746618270874,
0.9385318756103516,
0.937369167804718,
0.9366105794906616,
0.935131847858429,
0.9343050718307495,
0.9332770109176636,
0.9320114850997925,
0.9305586814880371,
0.929684579372406,
0.9280120134353638,
0.9269803762435913,
0.9256684184074402,
0.9243665337562561,
0.9232534766197205,
0.9220808148384094,
0.9207480549812317,
0.9192991852760315,
0.9175601005554199,
0.9158310890197754,
0.9149425625801086,
0.9136792421340942,
0.9119042754173279,
0.9103424549102783,
0.9092153906822205,
0.907278299331665,
0.9056816697120667,
0.9044649600982666,
0.9026666283607483,
0.9010003805160522,
0.8993668556213379,
0.8978822231292725,
0.8959406614303589,
0.894079327583313,
0.8924869298934937,
0.8908505439758301,
0.8890066146850586,
0.8875598311424255,
0.8855374455451965,
0.884014368057251,
0.8821836709976196,
0.8806127309799194,
0.8785349726676941,
0.8769588470458984,
0.8749322295188904,
0.872901976108551,
0.8708897829055786,
0.8687793016433716,
0.8669281601905823,
0.8647053837776184,
0.8629709482192993,
0.8607934713363647,
0.8582296371459961,
0.85633784532547,
0.8546856641769409,
0.8526784777641296,
0.8508234620094299,
0.8488103151321411,
0.8468446731567383,
0.844914972782135,
0.8429139256477356,
0.8409462571144104,
0.8390453457832336,
0.8364014029502869,
0.8351207971572876,
0.833354651927948,
0.8313374519348145,
0.8295391798019409,
0.8274604082107544,
0.8256760835647583,
0.8256760835647583,
0.0,
0.0,
0.0,
0.0,
0.0,
0.0,
0.0,
0.0,
0.0,
0.0,
0.0,
0.0,
0.0,
0.0,
0.0,
0.0,
0.0,
0.0,
0.0,
0.0,
0.0,
0.0,
0.0,
0.0,
0.0,
0.0,
0.0,
0.0,
0.0,
0.0,
0.0,
0.0,
0.0,
0.0,
0.0,
0.0,
0.0,
0.0,
0.0,
0.0,
0.0,
0.0,
0.0,
0.0,
0.0,
0.0,
0.0,
0.0,
0.0,
0.0,
0.0,
0.0,
0.0,
0.0,
0.0,
0.0,
0.0,
0.0,
0.0,
0.0,
0.0,
0.0,
0.0,
0.0,
0.0,
0.0,
0.0,
0.0,
0.0,
0.0,
0.0,
0.0,
0.0,
0.0,
0.0,
0.0,
0.0,
0.0,
0.0,
0.0,
0.0,
0.0,
0.0,
0.0,
0.0,
0.0,
0.0,
0.0,
0.0,
0.0,
0.0,
0.0,
0.0,
0.0,
0.0,
0.0,
0.0,
0.0,
0.0,
0.0,
0.0,
0.0,
0.0,
0.0,
0.0,
0.0,
0.0,
0.0,
0.0,
0.0,
0.0,
0.0,
0.0,
0.0,
0.0,
0.0,
0.0,
0.0,
0.0,
0.0,
0.0,
0.0,
0.0,
0.0,
0.0,
0.0,
0.0,
0.0,
0.0,
0.0,
0.0,
0.0,
0.0,
0.0,
0.0,
0.0,
0.0,
0.0,
0.0,
0.0,
0.0,
0.0,
0.0,
0.0,
0.0,
0.0,
0.0,
0.0,
0.0,
0.0,
0.0,
0.0,
0.0,
0.0,
0.0,
0.0,
0.0,
0.0,
0.0,
0.0,
0.0,
0.0,
0.0,
0.0,
0.0,
0.0,
0.0,
0.0,
0.0,
0.0,
0.0,
0.0,
0.0,
0.0,
0.0,
0.0,
0.0,
0.0,
0.0,
0.0,
0.0,
0.0,
0.0,
0.0,
0.0,
0.0,
0.0,
0.0,
0.0,
0.0,
0.0,
0.0,
0.0,
0.0,
0.0,
0.0,
0.0,
0.0,
0.0,
0.0,
0.0,
0.0,
0.0,
0.0,
0.0,
0.0,
0.0,
0.0,
0.0,
0.0,
0.0,
0.0,
0.0,
0.0,
0.0,
0.0,
0.0,
0.0,
0.0,
0.0,
0.0,
0.0,
0.0,
0.0,
0.0,
0.0,
0.0,
0.0,
0.0,
0.0,
0.0,
0.0,
0.0,
0.0,
0.0,
0.0,
0.0,
0.0,
0.0,
0.0,
0.0,
0.0,
0.0,
0.0,
0.0,
0.0,
0.0,
0.0,
0.0,
0.0,
0.0,
0.0,
0.0,
0.0,
0.0,
0.0,
0.0,
0.0,
0.0,
0.0,
0.0,
0.0,
0.0,
0.0,
0.0,
0.0,
0.0,
0.0,
0.0,
0.0,
0.0,
0.0,
0.0,
0.0,
0.0,
0.0,
0.0,
0.0,
0.0,
0.0,
0.0,
0.0,
0.0,
0.0,
0.0,
0.0,
0.0,
0.0,
0.0,
0.0,
0.0,
0.0,
0.0,
0.0,
0.0,
0.0,
0.0,
0.0,
0.0,
0.0,
0.0,
0.0,
0.0,
0.0,
0.0,
0.0,
0.0,
0.0,
0.0,
0.0,
0.0,
0.0,
0.0,
0.0,
0.0,
0.0,
0.0,
0.0,
0.0,
0.0,
0.0,
0.0,
0.0,
0.0,
0.0,
0.0,
0.0,
0.0,
0.0,
0.0,
0.0,
0.0,
0.0,
0.0,
0.0,
0.0,
0.0,
0.0,
0.0,
0.0,
0.0,
0.0,
0.0,
0.0,
0.0,
0.0,
0.0,
0.0,
0.0,
0.0,
0.0,
0.0,
0.0,
0.0,
0.0,
0.0,
0.0,
0.0,
0.0,
0.0,
0.0,
0.0,
0.0,
0.0,
0.0,
0.0,
0.0,
0.0,
0.0,
0.0,
0.0,
0.0,
0.0,
0.0,
0.0,
0.0,
0.0,
0.0,
0.0,
0.0,
0.0,
0.0,
0.0,
0.0,
0.0,
0.0,
0.0,
0.0,
0.0,
0.0,
0.0,
0.0,
0.0,
0.0,
0.0,
0.0,
0.0,
0.0,
0.0,
0.0,
0.0,
0.0,
0.0,
0.0,
0.0,
0.0,
0.0,
0.0,
0.0,
0.0,
0.0,
0.0,
0.0,
0.0,
0.0,
0.0,
0.0,
0.0,
0.0,
0.0,
0.0,
0.0,
0.0,
0.0,
0.0,
0.0,
0.0,
0.0,
0.0,
0.0,
0.0,
0.0,
0.0,
0.0,
0.0,
0.0,
0.0,
0.0,
0.0,
0.0,
0.0,
0.0,
0.0,
0.0,
0.0,
0.0,
0.0,
0.0,
0.0,
0.0,
0.0,
0.0,
0.0,
0.0,
0.0,
0.0,
0.0,
0.0,
0.0,
0.0,
0.0,
0.0,
0.0,
0.0,
0.0,
0.0,
0.0,
0.0,
0.0,
0.0,
0.0,
0.0,
0.0,
0.0,
0.0,
0.0,
0.0,
0.0,
0.0,
0.0,
0.0,
0.0,
0.0,
0.0,
0.0,
0.0,
0.0,
0.0,
0.0,
0.0,
0.0,
0.0,
0.0,
0.0,
0.0,
0.0,
0.0,
0.0,
0.0,
0.0,
0.0,
0.0,
0.0,
0.0,
0.0,
0.0,
0.0,
0.0,
0.0,
0.0,
0.0,
0.0,
0.0,
0.0,
0.0,
0.0,
0.0,
0.0,
0.0,
0.0,
0.0,
0.0,
0.0,
0.0,
0.0,
0.0,
0.0,
0.0,
0.0,
0.0,
0.0,
0.0,
0.0,
0.0,
0.0,
0.0,
0.0,
0.0,
0.0,
0.0,
0.0,
0.0,
0.0,
0.0,
0.0,
0.0,
0.0,
0.0,
0.0,
0.0,
0.0,
0.0,
0.0,
0.0,
0.0,
0.0,
0.0,
0.0,
0.0,
0.0,
0.0,
0.0,
0.0,
0.0,
0.0,
0.0,
0.0,
0.0,
0.0,
0.0,
0.0,
0.0,
0.0,
0.0,
0.0,
0.0,
0.0,
0.0,
0.0,
0.0,
0.0,
0.0,
0.0,
0.0,
0.0,
0.0,
0.0,
0.0,
0.0,
0.0,
0.0,
0.0,
0.0,
0.0,
0.0,
0.0,
0.0,
0.0,
0.0,
0.0,
0.0,
0.0,
0.0,
0.0,
0.0,
0.0,
0.0,
0.0,
0.0,
0.0,
0.0,
0.0,
0.0,
0.0,
0.0,
0.0,
0.0,
0.0,
0.0,
0.0,
0.0,
0.0,
0.0,
0.0,
0.0,
0.0,
0.0,
0.0,
0.0,
0.0,
0.0,
0.0,
0.0,
0.0,
0.0,
0.0,
0.0,
0.0,
0.0,
0.0,
0.0,
0.0,
0.0,
0.0,
0.0,
0.0,
0.0,
0.0,
0.0,
0.0,
0.0,
0.0,
0.0,
0.0,
0.0,
0.0,
0.0,
0.0,
0.0,
0.0,
0.0,
0.0,
0.0,
0.0,
0.0,
0.0,
0.0,
0.0,
0.0,
0.0,
0.0,
0.0,
0.0,
0.0,
0.0,
0.0,
0.0,
0.0,
0.0,
0.0,
0.0,
0.0,
0.0,
0.0,
0.0,
0.0,
0.0,
0.0,
0.0,
0.0,
0.0,
0.0,
0.0,
0.0,
0.0,
0.0,
0.0,
0.0,
0.0,
0.0,
0.0,
0.0,
0.0,
0.0,
0.0,
0.0,
0.0,
0.0,
0.0,
0.0,
0.0,
0.0,
0.0,
0.0,
0.0,
0.0,
0.0,
0.0,
0.0,
0.0,
0.0,
0.0,
0.0,
0.0,
0.0,
0.0,
0.0,
0.0,
0.0,
0.0,
0.0,
0.0,
0.0,
0.0,
0.0,
0.0,
0.0,
0.0,
0.0,
0.0,
0.0,
0.0,
0.0,
0.0,
0.0,
0.0,
0.0,
0.0,
0.0,
0.0,
0.0,
0.0,
0.0,
0.0,
0.0,
0.0,
0.0,
0.0,
0.0,
0.0,
0.0,
0.0,
0.0,
0.0,
0.0,
0.0,
0.0,
0.0,
0.0,
0.0,
0.0,
0.0,
0.0,
0.0,
0.0,
0.0,
0.0,
0.0,
0.0,
0.0,
0.0,
0.0,
0.0,
0.0,
0.0,
0.0,
0.0,
0.0,
0.0,
0.0,
0.0,
0.0,
0.0,
0.0,
0.0,
0.0,
0.0,
0.0,
0.0,
0.0,
0.0,
0.0,
0.0,
0.0,
0.0,
0.0,
0.0,
0.0,
0.0,
0.0,
0.0,
0.0,
0.0,
0.0,
0.0,
0.0,
0.0,
0.0,
0.0,
0.0,
0.0,
0.0,
0.0,
0.0,
0.0,
0.0,
0.0,
0.0,
0.0,
0.0,
0.0,
0.0,
0.0,
0.0,
0.0,
0.0,
0.0,
0.0,
0.0,
0.0,
0.0,
0.0,
0.0,
0.0,
0.0,
0.0,
0.0,
0.0,
0.0,
0.0,
0.0,
0.0,
0.0,
0.0,
0.0,
0.0,
0.0,
0.0,
0.0,
0.0,
0.0,
0.0,
0.0,
0.0,
0.0,
0.0,
0.0,
0.0,
0.0,
0.0,
0.0,
0.0,
0.0,
0.0,
0.0,
0.0,
0.0,
0.0,
0.0,
0.0,
0.0,
0.0,
0.0,
0.0,
0.0,
0.0,
0.0,
0.0,
0.0,
0.0,
0.0,
0.0,
0.0,
0.0,
0.0,
0.0,
0.0,
0.0,
0.0,
0.0,
0.0,
0.0,
0.0,
0.0,
0.0,
0.0,
0.0,
0.0,
0.0,
0.0,
0.0,
0.0,
0.0,
0.0,
0.0,
0.0,
0.0,
0.0,
0.0,
0.0,
0.0,
0.0,
0.0,
0.0,
0.0,
0.0,
0.0,
0.0,
0.0,
0.0,
0.0,
0.0,
0.0,
0.0,
0.0,
0.0,
0.0,
0.0,
0.0,
0.0,
0.0,
0.0,
0.0,
0.0,
0.0,
0.0,
0.0,
0.0,
0.0,
0.0,
0.0,
0.0,
0.0,
0.0,
0.0,
0.0,
0.0,
0.0,
0.0,
0.0,
0.0,
0.0,
0.0,
0.0,
0.0,
0.0,
0.0,
0.0,
0.0,
0.0,
0.0,
0.0,
0.0,
0.0,
0.0,
0.0,
0.0,
0.0,
0.0,
0.0,
0.0,
0.0,
0.0,
0.0,
0.0,
0.0,
0.0,
0.0,
0.0,
0.0,
0.0,
0.0,
0.0,
0.0,
0.0,
0.0,
0.0,
0.0,
0.0,
0.0,
0.0,
0.0,
0.0,
0.0,
0.0,
0.0,
0.0,
0.0,
0.0,
0.0,
0.0,
0.0,
0.0,
0.0,
0.0,
0.0,
0.0,
0.0,
0.0,
0.0,
0.0,
0.0,
0.0,
0.0,
0.0,
0.0,
0.0,
0.0,
0.0,
0.0,
0.0,
0.0,
0.0,
0.0,
0.0,
0.0,
0.0,
0.0,
0.0,
0.0,
0.0,
0.0,
0.0,
0.0,
0.0,
0.0,
0.0,
0.0,
0.0,
0.0,
0.0,
0.0,
0.0,
0.0,
0.0,
0.0,
0.0,
0.0,
0.0,
0.0,
0.0,
0.0,
0.0,
0.0,
0.0,
0.0,
0.0,
0.0,
0.0,
0.0,
0.0,
0.0,
0.0,
0.0,
0.0,
0.0,
0.0,
0.0,
0.0,
0.0,
0.0,
0.0,
0.0,
0.0,
0.0,
0.0,
0.0,
0.0,
0.0,
0.0,
0.0,
0.0,
0.0,
0.0,
0.0,
0.0,
0.0,
0.0,
0.0,
0.0,
0.0,
0.0,
0.0,
0.0,
0.0,
0.0,
0.0,
0.0,
0.0,
0.0,
0.0,
0.0,
0.0,
0.0,
0.0,
0.0,
0.0,
0.0,
0.0,
0.0,
0.0,
0.0,
0.0,
0.0,
0.0,
0.0,
0.0,
0.0,
0.0,
0.0,
0.0,
0.0,
0.0,
0.0,
0.0,
0.0,
0.0,
0.0,
0.0,
0.0,
0.0,
0.0,
0.0,
0.0,
0.0,
0.0,
0.0,
0.0,
0.0,
0.0,
0.0,
0.0,
0.0,
0.0,
0.0,
0.0,
0.0,
0.0,
0.0,
0.0,
0.0,
0.0,
0.0,
0.0,
0.0,
0.0,
0.0,
0.0,
0.0,
0.0,
0.0,
0.0,
0.0,
0.0,
0.0,
0.0,
0.0,
0.0,
0.0,
0.0,
0.0,
0.0,
0.0,
0.0,
0.0,
0.0,
0.0,
0.0,
0.0,
0.0,
0.0,
0.0,
0.0,
0.0,
0.0,
0.0,
0.0,
0.0,
0.0,
0.0,
0.0,
0.0,
0.0,
0.0,
0.0,
0.0,
0.0,
0.0,
0.0,
0.0,
0.0,
0.0,
0.0,
0.0,
0.0,
0.0,
0.0,
0.0,
0.0,
0.0,
0.0,
0.0,
0.0,
0.0,
0.0,
0.0,
0.0,
0.0,
0.0,
0.0,
0.0,
0.0,
0.0,
0.0,
0.0,
0.0,
0.0,
0.0,
0.0,
0.0,
0.0,
0.0,
0.0,
0.0,
0.0,
0.0,
0.0,
0.0,
0.0,
0.0,
0.0,
0.0,
0.0,
0.0,
0.0,
0.0,
0.0,
0.0,
0.0,
0.0,
0.0,
0.0,
0.0,
0.0,
0.0,
0.0,
0.0,
0.0,
0.0,
0.0,
0.0,
0.0,
0.0,
0.0,
0.0,
0.0,
0.0,
0.0,
0.0,
0.0,
0.0,
0.0,
0.0,
0.0,
0.0,
0.0,
0.0,
0.0,
0.0,
0.0,
0.0,
0.0,
0.0,
0.0,
0.0,
0.0,
0.0,
0.0,
0.0,
0.0,
0.0,
0.0,
0.0,
0.0,
0.0,
0.0,
0.0,
0.0,
0.0,
0.0,
0.0,
0.0,
0.0,
0.0,
0.0,
0.0,
0.0,
0.0,
0.0,
0.0,
0.0,
0.0,
0.0,
0.0,
0.0,
0.0,
0.0,
0.0,
0.0,
0.0,
0.0,
0.0,
0.0,
0.0,
0.0,
0.0,
0.0,
0.0,
0.0,
0.0,
0.0,
0.0,
0.0,
0.0,
0.0,
0.0,
0.0,
0.0,
0.0,
0.0,
0.0,
0.0,
0.0,
0.0,
0.0,
0.0,
0.0,
0.0,
0.0,
0.0,
0.0,
0.0,
0.0,
0.0,
0.0,
0.0,
0.0,
0.0,
0.0,
0.0,
0.0,
0.0,
0.0,
0.0,
0.0,
0.0,
0.0,
0.0,
0.0,
0.0,
0.0,
0.0,
0.0,
0.0,
0.0,
0.0,
0.0,
0.0,
0.0,
0.0,
0.0,
0.0,
0.0,
0.0,
0.0,
0.0,
0.0,
0.0,
0.0,
0.0,
0.0,
0.0,
0.0,
0.0,
0.0,
0.0,
0.0,
0.0,
0.0,
0.0,
0.0,
0.0,
0.0,
0.0,
0.0,
0.0,
0.0,
0.0,
0.0,
0.0,
0.0,
0.0,
0.0,
0.0,
0.0,
0.0,
0.0,
0.0,
0.0,
0.0,
0.0,
0.0,
0.0,
0.0,
0.0,
0.0,
0.0,
0.0,
0.0,
0.0,
0.0,
0.0,
0.0,
0.0,
0.0,
0.0,
0.0,
0.0,
0.0,
0.0,
0.0,
0.0,
0.0,
0.0,
0.0,
0.0,
0.0,
0.0,
0.0,
0.0,
0.0,
0.0,
0.0,
0.0,
0.0,
0.0,
0.0,
0.0,
0.0,
0.0,
0.0,
0.0,
0.0,
0.0,
0.0,
0.0,
0.0,
0.0,
0.0,
0.0,
0.0,
0.0,
0.0,
0.0,
0.0,
0.0,
0.0,
0.0,
0.0,
0.0,
0.0,
0.0,
0.0,
0.0,
0.0,
0.0,
0.0,
0.0,
0.0,
0.0,
0.0,
0.0,
0.0,
0.0,
0.0,
0.0,
0.0,
0.0,
0.0,
0.0,
0.0,
0.0,
0.0,
0.0,
0.0,
0.0,
0.0,
0.0,
0.0,
0.0,
0.0,
0.0,
0.0,
0.0,
0.0,
0.0,
0.0,
0.0,
0.0,
0.0,
0.0,
0.0,
0.0,
0.0,
0.0,
0.0,
0.0,
0.0,
0.0,
0.0,
0.0,
0.0,
0.0,
0.0,
0.0,
0.0,
0.0,
0.0,
0.0,
0.0,
0.0,
0.0,
0.0,
0.0,
0.0,
0.0,
0.0,
0.0,
0.0,
0.0,
0.0,
0.0,
0.0,
0.0,
0.0,
0.0,
0.0,
0.0,
0.0,
0.0,
0.0,
0.0,
0.0,
0.0,
0.0,
0.0,
0.0,
0.0,
0.0,
0.0,
0.0,
0.0,
0.0,
0.0,
0.0,
0.0,
0.0,
0.0,
0.0,
0.0,
0.0,
0.0,
0.0,
0.0,
0.0,
0.0,
0.0,
0.0,
0.0,
0.0,
0.0,
0.0,
0.0,
0.0,
0.0,
0.0,
0.0,
0.0,
0.0,
0.0,
0.0,
0.0,
0.0,
0.0,
0.0,
0.0,
0.0,
0.0,
0.0,
0.0,
0.0,
0.0,
0.0,
0.0,
0.0,
0.0,
0.0,
0.0,
0.0,
0.0,
0.0,
0.0,
0.0,
0.0,
0.0,
0.0,
0.0,
0.0,
0.0,
0.0,
0.0,
0.0,
0.0,
0.0,
0.0,
0.0,
0.0,
0.0,
0.0,
0.0,
0.0,
0.0,
0.0,
0.0,
0.0,
0.0,
0.0,
0.0,
0.0,
0.0,
0.0,
0.0,
0.0,
0.0,
0.0,
0.0,
0.0,
0.0,
0.0,
0.0,
0.0,
0.0,
0.0,
0.0,
0.0,
0.0,
0.0,
0.0,
0.0,
0.0,
0.0,
0.0,
0.0,
0.0,
0.0,
0.0,
0.0,
0.0,
0.0,
0.0,
0.0,
0.0,
0.0,
0.0,
0.0,
0.0,
0.0,
0.0,
0.0,
0.0,
0.0,
0.0,
0.0,
0.0,
0.0,
0.0,
0.0,
0.0,
0.0,
0.0,
0.0,
0.0,
0.0,
0.0,
0.0,
0.0,
0.0,
0.0,
0.0,
0.0,
0.0,
0.0,
0.0,
0.0,
0.0,
0.0,
0.0,
0.0,
0.0,
0.0,
0.0,
0.0,
0.0,
0.0,
0.0,
0.0,
0.0,
0.0,
0.0,
0.0,
0.0,
0.0,
0.0,
0.0,
0.0,
0.0,
0.0,
0.0,
0.0,
0.0,
0.0,
0.0,
0.0,
0.0,
0.0,
0.0,
0.0,
0.0,
0.0,
0.0,
0.0,
0.0,
0.0,
0.0,
0.0,
0.0,
0.0,
0.0,
0.0,
0.0,
0.0,
0.0,
0.0,
0.0,
0.0,
0.0,
0.0,
0.0,
0.0,
0.0,
0.0,
0.0,
0.0,
0.0,
0.0,
0.0,
0.0,
0.0,
0.0,
0.0,
0.0,
0.0,
0.0,
0.0,
0.0,
0.0,
0.0,
0.0,
0.0,
0.0,
0.0,
0.0,
0.0,
0.0,
0.0,
0.0,
0.0,
0.0,
0.0,
0.0,
0.0,
0.0,
0.0,
0.0,
0.0,
0.0,
0.0,
0.0,
0.0,
0.0,
0.0,
0.0,
0.0,
0.0,
0.0,
0.0,
0.0,
0.0,
0.0,
0.0,
0.0,
0.0,
