1.0641999244689941,
1.0680153369903564,
1.0691152811050415,
1.069870948791504,
1.0705817937850952,
1.0706008672714233,
1.0707193613052368,
1.0711332559585571,
1.0711215734481812,
1.0712970495224,
1.0715312957763672,
1.071468710899353,
1.0716540813446045,
1.0719965696334839,
1.0720045566558838,
1.0720096826553345,
1.0722342729568481,
1.07222318649292,
1.0723782777786255,
1.0723875761032104,
1.0723707675933838,
1.0725733041763306,
1.072438359260559,
1.0724501609802246,
1.072615623474121,
1.0724554061889648,
1.0725958347320557,
1.0728347301483154,
1.0727202892303467,
1.0726393461227417,
1.072630763053894,
1.0725202560424805,
1.0724337100982666,
1.0725481510162354,
1.0723905563354492,
1.072515606880188,
1.0726810693740845,
1.0727077722549438,
1.073020577430725,
1.072914719581604,
1.072911262512207,
1.0729186534881592,
1.0727585554122925,
1.0727086067199707,
1.0728718042373657,
1.0726885795593262,
1.0727230310440063,
1.072778582572937,
1.072568655014038,
1.0725982189178467,
1.0728087425231934,
1.0726577043533325,
1.0724987983703613,
1.0726149082183838,
1.072501540184021,
1.0724862813949585,
1.072373390197754,
1.0721807479858398,
1.0725198984146118,
1.0722873210906982,
1.0723309516906738,
1.07253098487854,
1.0723744630813599,
1.0722322463989258,
1.0724564790725708,
1.0723270177841187,
1.0723247528076172,
1.0724396705627441,
1.0721871852874756,
1.0721256732940674,
1.0721932649612427,
1.0720133781433105,
1.071944236755371,
1.0720070600509644,
1.0719434022903442,
1.0719202756881714,
1.071945071220398,
1.0716909170150757,
1.0718374252319336,
1.0716406106948853,
1.0716357231140137,
1.0717180967330933,
1.0715203285217285,
1.0715126991271973,
1.0718064308166504,
1.0716878175735474,
1.0714976787567139,
1.0716333389282227,
1.0714011192321777,
1.0714070796966553,
1.0714287757873535,
1.0713080167770386,
1.0712093114852905,
1.0711675882339478,
1.0710257291793823,
1.070947527885437,
1.070784091949463,
1.0707064867019653,
1.0709631443023682,
1.0707449913024902,
1.0708048343658447,
1.0707366466522217,
1.0704596042633057,
1.0703434944152832,
1.070427656173706,
1.0702197551727295,
1.07025146484375,
1.0702314376831055,
1.0701568126678467,
1.0702426433563232,
1.0703026056289673,
1.0701500177383423,
1.0698615312576294,
1.0699195861816406,
1.0698070526123047,
1.0699142217636108,
1.0697519779205322,
1.0695595741271973,
1.0694977045059204,
1.0693312883377075,
1.0692098140716553,
1.0693068504333496,
1.0691604614257812,
1.069136142730713,
1.069174885749817,
1.068938136100769,
1.06874418258667,
1.0686863660812378,
1.0685161352157593,
1.0683715343475342,
1.0684137344360352,
1.0684407949447632,
1.068423867225647,
1.0683296918869019,
1.0682978630065918,
1.0681997537612915,
1.0681806802749634,
1.0679701566696167,
1.0678908824920654,
1.0678205490112305,
1.0676898956298828,
1.0677849054336548,
1.0675642490386963,
1.0674035549163818,
1.067439317703247,
1.0672065019607544,
1.0670757293701172,
1.0671037435531616,
1.0669074058532715,
1.0666344165802002,
1.0666364431381226,
1.0664806365966797,
1.0662496089935303,
1.0662553310394287,
1.0660611391067505,
1.065944790840149,
1.0660083293914795,
1.0659072399139404,
1.065947413444519,
1.0657950639724731,
1.0655866861343384,
1.0656932592391968,
1.0654538869857788,
1.0652190446853638,
1.0653626918792725,
1.0650780200958252,
1.064770221710205,
1.0649116039276123,
1.06460702419281,
1.0644947290420532,
1.0645332336425781,
1.064385175704956,
1.064319372177124,
1.0641071796417236,
1.0639104843139648,
1.0638846158981323,
1.0636638402938843,
1.0635108947753906,
1.0634324550628662,
1.0632758140563965,
1.0632306337356567,
1.0633742809295654,
1.0631314516067505,
1.0630455017089844,
1.0630534887313843,
1.0628067255020142,
1.062669277191162,
1.0626028776168823,
1.0623263120651245,
1.0622016191482544,
1.062170147895813,
1.0618728399276733,
1.0615818500518799,
1.0615290403366089,
1.06138014793396,
1.061369776725769,
1.0612410306930542,
1.061057686805725,
1.060781717300415,
1.0606136322021484,
1.060415267944336,
1.0604530572891235,
1.060147762298584,
1.05990469455719,
1.0601027011871338,
1.0599308013916016,
1.0597665309906006,
1.0597809553146362,
1.0594145059585571,
1.0592718124389648,
1.0592625141143799,
1.0590174198150635,
1.058731198310852,
1.0585955381393433,
1.0583473443984985,
1.0583006143569946,
1.0580286979675293,
1.0578817129135132,
1.057868242263794,
1.0576714277267456,
1.0575716495513916,
1.057456135749817,
1.0571240186691284,
1.0569714307785034,
1.0569593906402588,
1.0566191673278809,
1.0564732551574707,
1.0563857555389404,
1.0561190843582153,
1.0560914278030396,
1.0560373067855835,
1.0557410717010498,
1.0556377172470093,
1.0555129051208496,
1.0553042888641357,
1.055027723312378,
1.0548685789108276,
1.0545744895935059,
1.0545295476913452,
1.0542751550674438,
1.0540820360183716,
1.0539062023162842,
1.0537022352218628,
1.0535374879837036,
1.0535732507705688,
1.0532950162887573,
1.0529710054397583,
1.052821159362793,
1.0517528057098389,
1.0508650541305542,
1.0511778593063354,
1.0511040687561035,
1.0510711669921875,
1.0511181354522705,
1.050904393196106,
1.0508345365524292,
1.0507539510726929,
1.0505194664001465,
1.0504549741744995,
1.05037522315979,
1.0502480268478394,
1.0501413345336914,
1.049885869026184,
1.0496819019317627,
1.049640417098999,
1.0493412017822266,
1.0491721630096436,
1.0489919185638428,
1.0488073825836182,
1.0487151145935059,
1.048681378364563,
1.0484014749526978,
1.0482006072998047,
1.0481704473495483,
1.0478692054748535,
1.0477383136749268,
1.047629952430725,
1.0473204851150513,
1.0469428300857544,
1.0468719005584717,
1.0466129779815674,
1.04639732837677,
1.046218991279602,
1.0459834337234497,
1.0458533763885498,
1.0456866025924683,
1.0453252792358398,
1.0452121496200562,
1.0449520349502563,
1.0447279214859009,
1.0446513891220093,
1.0443552732467651,
1.0440733432769775,
1.04402494430542,
1.0438140630722046,
1.04349684715271,
1.0433745384216309,
1.043003797531128,
1.0426881313323975,
1.0425832271575928,
1.0423033237457275,
1.0421154499053955,
1.0418494939804077,
1.0415352582931519,
1.041388750076294,
1.0409433841705322,
1.0406646728515625,
1.0406402349472046,
1.0403070449829102,
1.0399662256240845,
1.0397571325302124,
1.0394179821014404,
1.0391067266464233,
1.0388389825820923,
1.0384809970855713,
1.0382755994796753,
1.0380432605743408,
1.037776231765747,
1.037610411643982,
1.03730309009552,
1.0369088649749756,
1.0366305112838745,
1.0363582372665405,
1.0359901189804077,
1.0357882976531982,
1.0353857278823853,
1.0349782705307007,
1.0347354412078857,
1.0343422889709473,
1.0340081453323364,
1.03369140625,
1.0333762168884277,
1.0330464839935303,
1.0325918197631836,
1.0317823886871338,
1.0318071842193604,
1.0313315391540527,
1.0309410095214844,
1.0306397676467896,
1.0302280187606812,
1.029646873474121,
1.0296742916107178,
1.029026985168457,
1.02890145778656,
1.0284291505813599,
1.0279912948608398,
1.027722716331482,
1.027266263961792,
1.0267682075500488,
1.0264966487884521,
1.0258413553237915,
1.02546226978302,
1.025235891342163,
1.0246174335479736,
1.0237871408462524,
1.023485779762268,
1.0233118534088135,
1.0223785638809204,
1.022187352180481,
1.0216182470321655,
1.02101731300354,
1.020452618598938,
1.0199965238571167,
1.0191930532455444,
1.01838219165802,
1.0177652835845947,
1.0183298587799072,
1.0171219110488892,
1.016819953918457,
1.0167372226715088,
1.0160502195358276,
1.015365481376648,
1.0147364139556885,
1.0142626762390137,
1.0136804580688477,
1.0127238035202026,
1.0117995738983154,
1.011796236038208,
1.0113234519958496,
1.0104745626449585,
1.0096030235290527,
1.0091862678527832,
1.0087358951568604,
1.0074350833892822,
1.0061513185501099,
1.0059722661972046,
1.005149006843567,
1.0050761699676514,
1.0033268928527832,
1.0032118558883667,
1.0028876066207886,
1.002591848373413,
1.0013138055801392,
1.000916600227356,
0.9997004270553589,
0.9991211295127869,
0.998450517654419,
0.9970698356628418,
0.9964997172355652,
0.9962062239646912,
0.9948180317878723,
0.9937931895256042,
0.9927588105201721,
0.9923276305198669,
0.9917696118354797,
0.9903271794319153,
0.9898703098297119,
0.9883370995521545,
0.9878949522972107,
0.9863948225975037,
0.9851855039596558,
0.9843921065330505,
0.9833999872207642,
0.982245683670044,
0.9810912013053894,
0.9798727035522461,
0.9790164828300476,
0.9780062437057495,
0.9765195250511169,
0.9752328395843506,
0.9740739464759827,
0.9725679755210876,
0.9720302820205688,
0.9705719351768494,
0.9689630270004272,
0.9676742553710938,
0.9665234684944153,
0.9653129577636719,
0.9642783403396606,
0.9623655080795288,
0.9612226486206055,
0.959568440914154,
0.9580212831497192,
0.9567126035690308,
0.9550527930259705,
0.9538124203681946,
0.9523888826370239,
0.9509377479553223,
0.9497948288917542,
0.9477536082267761,
0.9467949867248535,
0.9455583095550537,
0.9434455633163452,
0.9416984915733337,
0.9406238198280334,
0.9390102624893188,
0.9369715452194214,
0.9352216720581055,
0.93375164270401,
0.9320924282073975,
0.9303271770477295,
0.9289675354957581,
0.9273361563682556,
0.9253454208374023,
0.9238805770874023,
0.9217618107795715,
0.9200119376182556,
0.9181861281394958,
0.9166814088821411,
0.9148223996162415,
0.9128971099853516,
0.9108862280845642,
0.9092994332313538,
0.9078966975212097,
0.9062548875808716,
0.9042574167251587,
0.9024629592895508,
0.9009665250778198,
0.8989747166633606,
0.8970714807510376,
0.8953746557235718,
0.893372654914856,
0.8915782570838928,
0.8899515867233276,
0.8879367113113403,
0.8864660263061523,
0.88421231508255,
0.8825192451477051,
0.8808282613754272,
0.8790310025215149,
0.8770972490310669,
0.8752084374427795,
0.8731890320777893,
0.8713133335113525,
0.869410514831543,
0.8674972653388977,
0.8654248714447021,
0.8635697960853577,
0.861465334892273,
0.8593749403953552,
0.857694685459137,
0.8555245399475098,
0.8535969853401184,
0.8515201210975647,
0.8496336936950684,
0.8475881814956665,
0.8454597592353821,
0.8437572717666626,
0.8414915204048157,
0.8397218585014343,
0.8376548290252686,
0.835491418838501,
0.8335817456245422,
0.8315025568008423,
0.8292497992515564,
0.8273236155509949,
0.82509845495224,
0.82509845495224,
0.82509845495224,
0.0,
0.0,
0.0,
0.0,
0.0,
0.0,
0.0,
0.0,
0.0,
0.0,
0.0,
0.0,
0.0,
0.0,
0.0,
0.0,
0.0,
0.0,
0.0,
0.0,
0.0,
0.0,
0.0,
0.0,
0.0,
0.0,
0.0,
0.0,
0.0,
0.0,
0.0,
0.0,
0.0,
0.0,
0.0,
0.0,
0.0,
0.0,
0.0,
0.0,
0.0,
0.0,
0.0,
0.0,
0.0,
0.0,
0.0,
0.0,
0.0,
0.0,
0.0,
0.0,
0.0,
0.0,
0.0,
0.0,
0.0,
0.0,
0.0,
0.0,
0.0,
0.0,
0.0,
0.0,
0.0,
0.0,
0.0,
0.0,
0.0,
0.0,
0.0,
0.0,
0.0,
0.0,
0.0,
0.0,
0.0,
0.0,
0.0,
0.0,
0.0,
0.0,
0.0,
0.0,
0.0,
0.0,
0.0,
0.0,
0.0,
0.0,
0.0,
0.0,
0.0,
0.0,
0.0,
0.0,
0.0,
0.0,
0.0,
0.0,
0.0,
0.0,
0.0,
0.0,
0.0,
0.0,
0.0,
0.0,
0.0,
0.0,
0.0,
0.0,
0.0,
0.0,
0.0,
0.0,
0.0,
0.0,
0.0,
0.0,
0.0,
0.0,
0.0,
0.0,
0.0,
0.0,
0.0,
0.0,
0.0,
0.0,
0.0,
0.0,
0.0,
0.0,
0.0,
0.0,
0.0,
0.0,
0.0,
0.0,
0.0,
0.0,
0.0,
0.0,
0.0,
0.0,
0.0,
0.0,
0.0,
0.0,
0.0,
0.0,
0.0,
0.0,
0.0,
0.0,
0.0,
0.0,
0.0,
0.0,
0.0,
0.0,
0.0,
0.0,
0.0,
0.0,
0.0,
0.0,
0.0,
0.0,
0.0,
0.0,
0.0,
0.0,
0.0,
0.0,
0.0,
0.0,
0.0,
0.0,
0.0,
0.0,
0.0,
0.0,
0.0,
0.0,
0.0,
0.0,
0.0,
0.0,
0.0,
0.0,
0.0,
0.0,
0.0,
0.0,
0.0,
0.0,
0.0,
0.0,
0.0,
0.0,
0.0,
0.0,
0.0,
0.0,
0.0,
0.0,
0.0,
0.0,
0.0,
0.0,
0.0,
0.0,
0.0,
0.0,
0.0,
0.0,
0.0,
0.0,
0.0,
0.0,
0.0,
0.0,
0.0,
0.0,
0.0,
0.0,
0.0,
0.0,
0.0,
0.0,
0.0,
0.0,
0.0,
0.0,
0.0,
0.0,
0.0,
0.0,
0.0,
0.0,
0.0,
0.0,
0.0,
0.0,
0.0,
0.0,
0.0,
0.0,
0.0,
0.0,
0.0,
0.0,
0.0,
0.0,
0.0,
0.0,
0.0,
0.0,
0.0,
0.0,
0.0,
0.0,
0.0,
0.0,
0.0,
0.0,
0.0,
0.0,
0.0,
0.0,
0.0,
0.0,
0.0,
0.0,
0.0,
0.0,
0.0,
0.0,
0.0,
0.0,
0.0,
0.0,
0.0,
0.0,
0.0,
0.0,
0.0,
0.0,
0.0,
0.0,
0.0,
0.0,
0.0,
0.0,
0.0,
0.0,
0.0,
0.0,
0.0,
0.0,
0.0,
0.0,
0.0,
0.0,
0.0,
0.0,
0.0,
0.0,
0.0,
0.0,
0.0,
0.0,
0.0,
0.0,
0.0,
0.0,
0.0,
0.0,
0.0,
0.0,
0.0,
0.0,
0.0,
0.0,
0.0,
0.0,
0.0,
0.0,
0.0,
0.0,
0.0,
0.0,
0.0,
0.0,
0.0,
0.0,
0.0,
0.0,
0.0,
0.0,
0.0,
0.0,
0.0,
0.0,
0.0,
0.0,
0.0,
0.0,
0.0,
0.0,
0.0,
0.0,
0.0,
0.0,
0.0,
0.0,
0.0,
0.0,
0.0,
0.0,
0.0,
0.0,
0.0,
0.0,
0.0,
0.0,
0.0,
0.0,
0.0,
0.0,
0.0,
0.0,
0.0,
0.0,
0.0,
0.0,
0.0,
0.0,
0.0,
0.0,
0.0,
0.0,
0.0,
0.0,
0.0,
0.0,
0.0,
0.0,
0.0,
0.0,
0.0,
0.0,
0.0,
0.0,
0.0,
0.0,
0.0,
0.0,
0.0,
0.0,
0.0,
0.0,
0.0,
0.0,
0.0,
0.0,
0.0,
0.0,
0.0,
0.0,
0.0,
0.0,
0.0,
0.0,
0.0,
0.0,
0.0,
0.0,
0.0,
0.0,
0.0,
0.0,
0.0,
0.0,
0.0,
0.0,
0.0,
0.0,
0.0,
0.0,
0.0,
0.0,
0.0,
0.0,
0.0,
0.0,
0.0,
0.0,
0.0,
0.0,
0.0,
0.0,
0.0,
0.0,
0.0,
0.0,
0.0,
0.0,
0.0,
0.0,
0.0,
0.0,
0.0,
0.0,
0.0,
0.0,
0.0,
0.0,
0.0,
0.0,
0.0,
0.0,
0.0,
0.0,
0.0,
0.0,
0.0,
0.0,
0.0,
0.0,
0.0,
0.0,
0.0,
0.0,
0.0,
0.0,
0.0,
0.0,
0.0,
0.0,
0.0,
0.0,
0.0,
0.0,
0.0,
0.0,
0.0,
0.0,
0.0,
0.0,
0.0,
0.0,
0.0,
0.0,
0.0,
0.0,
0.0,
0.0,
0.0,
0.0,
0.0,
0.0,
0.0,
0.0,
0.0,
0.0,
0.0,
0.0,
0.0,
0.0,
0.0,
0.0,
0.0,
0.0,
0.0,
0.0,
0.0,
0.0,
0.0,
0.0,
0.0,
0.0,
0.0,
0.0,
0.0,
0.0,
0.0,
0.0,
0.0,
0.0,
0.0,
0.0,
0.0,
0.0,
0.0,
0.0,
0.0,
0.0,
0.0,
0.0,
0.0,
0.0,
0.0,
0.0,
0.0,
0.0,
0.0,
0.0,
0.0,
0.0,
0.0,
0.0,
0.0,
0.0,
0.0,
0.0,
0.0,
0.0,
0.0,
0.0,
0.0,
0.0,
0.0,
0.0,
0.0,
0.0,
0.0,
0.0,
0.0,
0.0,
0.0,
0.0,
0.0,
0.0,
0.0,
0.0,
0.0,
0.0,
0.0,
0.0,
0.0,
0.0,
0.0,
0.0,
0.0,
0.0,
0.0,
0.0,
0.0,
0.0,
0.0,
0.0,
0.0,
0.0,
0.0,
0.0,
0.0,
0.0,
0.0,
0.0,
0.0,
0.0,
0.0,
0.0,
0.0,
0.0,
0.0,
0.0,
0.0,
0.0,
0.0,
0.0,
0.0,
0.0,
0.0,
0.0,
0.0,
0.0,
0.0,
0.0,
0.0,
0.0,
0.0,
0.0,
0.0,
0.0,
0.0,
0.0,
0.0,
0.0,
0.0,
0.0,
0.0,
0.0,
0.0,
0.0,
0.0,
0.0,
0.0,
0.0,
0.0,
0.0,
0.0,
0.0,
0.0,
0.0,
0.0,
0.0,
0.0,
0.0,
0.0,
0.0,
0.0,
0.0,
0.0,
0.0,
0.0,
0.0,
0.0,
0.0,
0.0,
0.0,
0.0,
0.0,
0.0,
0.0,
0.0,
0.0,
0.0,
0.0,
0.0,
0.0,
0.0,
0.0,
0.0,
0.0,
0.0,
0.0,
0.0,
0.0,
0.0,
0.0,
0.0,
0.0,
0.0,
0.0,
0.0,
0.0,
0.0,
0.0,
0.0,
0.0,
0.0,
0.0,
0.0,
0.0,
0.0,
0.0,
0.0,
0.0,
0.0,
0.0,
0.0,
0.0,
0.0,
0.0,
0.0,
0.0,
0.0,
0.0,
0.0,
0.0,
0.0,
0.0,
0.0,
0.0,
0.0,
0.0,
0.0,
0.0,
0.0,
0.0,
0.0,
0.0,
0.0,
0.0,
0.0,
0.0,
0.0,
0.0,
0.0,
0.0,
0.0,
0.0,
0.0,
0.0,
0.0,
0.0,
0.0,
0.0,
0.0,
0.0,
0.0,
0.0,
0.0,
0.0,
0.0,
0.0,
0.0,
0.0,
0.0,
0.0,
0.0,
0.0,
0.0,
0.0,
0.0,
0.0,
0.0,
0.0,
0.0,
0.0,
0.0,
0.0,
0.0,
0.0,
0.0,
0.0,
0.0,
0.0,
0.0,
0.0,
0.0,
0.0,
0.0,
0.0,
0.0,
0.0,
0.0,
0.0,
0.0,
0.0,
0.0,
0.0,
0.0,
0.0,
0.0,
0.0,
0.0,
0.0,
0.0,
0.0,
0.0,
0.0,
0.0,
0.0,
0.0,
0.0,
0.0,
0.0,
0.0,
0.0,
0.0,
0.0,
0.0,
0.0,
0.0,
0.0,
0.0,
0.0,
0.0,
0.0,
0.0,
0.0,
0.0,
0.0,
0.0,
0.0,
0.0,
0.0,
0.0,
0.0,
0.0,
0.0,
0.0,
0.0,
0.0,
0.0,
0.0,
0.0,
0.0,
0.0,
0.0,
0.0,
0.0,
0.0,
0.0,
0.0,
0.0,
0.0,
0.0,
0.0,
0.0,
0.0,
0.0,
0.0,
0.0,
0.0,
0.0,
0.0,
0.0,
0.0,
0.0,
0.0,
0.0,
0.0,
0.0,
0.0,
0.0,
0.0,
0.0,
0.0,
0.0,
0.0,
0.0,
0.0,
0.0,
0.0,
0.0,
0.0,
0.0,
0.0,
0.0,
0.0,
0.0,
0.0,
0.0,
0.0,
0.0,
0.0,
0.0,
0.0,
0.0,
0.0,
0.0,
0.0,
0.0,
0.0,
0.0,
0.0,
0.0,
0.0,
0.0,
0.0,
0.0,
0.0,
0.0,
0.0,
0.0,
0.0,
0.0,
0.0,
0.0,
0.0,
0.0,
0.0,
0.0,
0.0,
0.0,
0.0,
0.0,
0.0,
0.0,
0.0,
0.0,
0.0,
0.0,
0.0,
0.0,
0.0,
0.0,
0.0,
0.0,
0.0,
0.0,
0.0,
0.0,
0.0,
0.0,
0.0,
0.0,
0.0,
0.0,
0.0,
0.0,
0.0,
0.0,
0.0,
0.0,
0.0,
0.0,
0.0,
0.0,
0.0,
0.0,
0.0,
0.0,
0.0,
0.0,
0.0,
0.0,
0.0,
0.0,
0.0,
0.0,
0.0,
0.0,
0.0,
0.0,
0.0,
0.0,
0.0,
0.0,
0.0,
0.0,
0.0,
0.0,
0.0,
0.0,
0.0,
0.0,
0.0,
0.0,
0.0,
0.0,
0.0,
0.0,
0.0,
0.0,
0.0,
0.0,
0.0,
0.0,
0.0,
0.0,
0.0,
0.0,
0.0,
0.0,
0.0,
0.0,
0.0,
0.0,
0.0,
0.0,
0.0,
0.0,
0.0,
0.0,
0.0,
0.0,
0.0,
0.0,
0.0,
0.0,
0.0,
0.0,
0.0,
0.0,
0.0,
0.0,
0.0,
0.0,
0.0,
0.0,
0.0,
0.0,
0.0,
0.0,
0.0,
0.0,
0.0,
0.0,
0.0,
0.0,
0.0,
0.0,
0.0,
0.0,
0.0,
0.0,
0.0,
0.0,
0.0,
0.0,
0.0,
0.0,
0.0,
0.0,
0.0,
0.0,
0.0,
0.0,
0.0,
0.0,
0.0,
0.0,
0.0,
0.0,
0.0,
0.0,
0.0,
0.0,
0.0,
0.0,
0.0,
0.0,
0.0,
0.0,
0.0,
0.0,
0.0,
0.0,
0.0,
0.0,
0.0,
0.0,
0.0,
0.0,
0.0,
0.0,
0.0,
0.0,
0.0,
0.0,
0.0,
0.0,
0.0,
0.0,
0.0,
0.0,
0.0,
0.0,
0.0,
0.0,
0.0,
0.0,
0.0,
0.0,
0.0,
0.0,
0.0,
0.0,
0.0,
0.0,
0.0,
0.0,
0.0,
0.0,
0.0,
0.0,
0.0,
0.0,
0.0,
0.0,
0.0,
0.0,
0.0,
0.0,
0.0,
0.0,
0.0,
0.0,
0.0,
0.0,
0.0,
0.0,
0.0,
0.0,
0.0,
0.0,
0.0,
0.0,
0.0,
0.0,
0.0,
0.0,
0.0,
0.0,
0.0,
0.0,
0.0,
0.0,
0.0,
0.0,
0.0,
0.0,
0.0,
0.0,
0.0,
0.0,
0.0,
0.0,
0.0,
0.0,
0.0,
0.0,
0.0,
0.0,
0.0,
0.0,
0.0,
0.0,
0.0,
0.0,
0.0,
0.0,
0.0,
0.0,
0.0,
0.0,
0.0,
0.0,
0.0,
0.0,
0.0,
0.0,
0.0,
0.0,
0.0,
0.0,
0.0,
0.0,
0.0,
0.0,
0.0,
0.0,
0.0,
0.0,
0.0,
0.0,
0.0,
0.0,
0.0,
0.0,
0.0,
0.0,
0.0,
0.0,
0.0,
0.0,
0.0,
0.0,
0.0,
0.0,
0.0,
0.0,
0.0,
0.0,
0.0,
0.0,
0.0,
0.0,
0.0,
0.0,
0.0,
0.0,
0.0,
0.0,
0.0,
0.0,
0.0,
0.0,
0.0,
0.0,
0.0,
0.0,
0.0,
0.0,
0.0,
0.0,
0.0,
0.0,
0.0,
0.0,
0.0,
0.0,
0.0,
0.0,
0.0,
0.0,
0.0,
0.0,
0.0,
0.0,
0.0,
0.0,
0.0,
0.0,
0.0,
0.0,
0.0,
0.0,
0.0,
0.0,
0.0,
0.0,
0.0,
0.0,
0.0,
0.0,
0.0,
0.0,
0.0,
0.0,
0.0,
0.0,
0.0,
0.0,
0.0,
0.0,
0.0,
0.0,
0.0,
0.0,
0.0,
0.0,
0.0,
0.0,
0.0,
0.0,
0.0,
0.0,
0.0,
0.0,
0.0,
0.0,
0.0,
0.0,
0.0,
0.0,
0.0,
0.0,
0.0,
0.0,
0.0,
0.0,
0.0,
0.0,
0.0,
0.0,
0.0,
0.0,
0.0,
0.0,
0.0,
0.0,
0.0,
0.0,
0.0,
0.0,
0.0,
0.0,
0.0,
0.0,
0.0,
0.0,
0.0,
0.0,
0.0,
0.0,
0.0,
0.0,
0.0,
0.0,
0.0,
0.0,
0.0,
0.0,
0.0,
0.0,
0.0,
0.0,
0.0,
0.0,
0.0,
0.0,
0.0,
0.0,
0.0,
0.0,
0.0,
0.0,
0.0,
0.0,
0.0,
0.0,
0.0,
0.0,
0.0,
0.0,
0.0,
0.0,
0.0,
0.0,
0.0,
0.0,
0.0,
0.0,
0.0,
0.0,
0.0,
0.0,
0.0,
0.0,
0.0,
0.0,
0.0,
0.0,
0.0,
0.0,
0.0,
0.0,
0.0,
0.0,
0.0,
0.0,
0.0,
0.0,
0.0,
0.0,
0.0,
0.0,
0.0,
0.0,
0.0,
0.0,
0.0,
0.0,
0.0,
0.0,
0.0,
0.0,
0.0,
0.0,
0.0,
0.0,
0.0,
0.0,
0.0,
0.0,
0.0,
0.0,
0.0,
0.0,
0.0,
0.0,
0.0,
0.0,
0.0,
0.0,
0.0,
0.0,
0.0,
0.0,
0.0,
0.0,
0.0,
0.0,
0.0,
0.0,
0.0,
0.0,
0.0,
0.0,
0.0,
0.0,
0.0,
0.0,
0.0,
0.0,
0.0,
0.0,
0.0,
0.0,
0.0,
0.0,
0.0,
0.0,
0.0,
0.0,
0.0,
0.0,
0.0,
0.0,
0.0,
0.0,
0.0,
0.0,
0.0,
0.0,
0.0,
0.0,
0.0,
0.0,
0.0,
0.0,
0.0,
0.0,
0.0,
0.0,
0.0,
0.0,
0.0,
0.0,
0.0,
0.0,
0.0,
0.0,
0.0,
0.0,
0.0,
0.0,
0.0,
0.0,
0.0,
0.0,
0.0,
0.0,
0.0,
0.0,
0.0,
0.0,
0.0,
0.0,
0.0,
0.0,
0.0,
0.0,
0.0,
0.0,
0.0,
0.0,
0.0,
0.0,
0.0,
0.0,
0.0,
0.0,
0.0,
0.0,
0.0,
0.0,
0.0,
0.0,
0.0,
0.0,
0.0,
0.0,
0.0,
0.0,
0.0,
0.0,
0.0,
0.0,
0.0,
0.0,
0.0,
0.0,
0.0,
0.0,
0.0,
0.0,
0.0,
0.0,
0.0,
0.0,
0.0,
0.0,
0.0,
0.0,
0.0,
0.0,
0.0,
0.0,
0.0,
0.0,
0.0,
0.0,
0.0,
0.0,
0.0,
0.0,
0.0,
0.0,
0.0,
0.0,
0.0,
0.0,
0.0,
0.0,
0.0,
0.0,
0.0,
0.0,
0.0,
0.0,
0.0,
0.0,
0.0,
0.0,
0.0,
0.0,
0.0,
0.0,
0.0,
0.0,
0.0,
0.0,
0.0,
0.0,
0.0,
0.0,
0.0,
0.0,
0.0,
0.0,
0.0,
0.0,
0.0,
0.0,
0.0,
0.0,
0.0,
0.0,
0.0,
0.0,
0.0,
0.0,
0.0,
0.0,
0.0,
0.0,
0.0,
0.0,
0.0,
0.0,
0.0,
0.0,
0.0,
0.0,
0.0,
0.0,
0.0,
0.0,
0.0,
0.0,
0.0,
0.0,
0.0,
0.0,
0.0,
0.0,
0.0,
0.0,
0.0,
0.0,
0.0,
0.0,
0.0,
0.0,
0.0,
0.0,
0.0,
0.0,
0.0,
0.0,
0.0,
0.0,
0.0,
0.0,
0.0,
0.0,
0.0,
0.0,
0.0,
0.0,
0.0,
0.0,
0.0,
0.0,
0.0,
0.0,
0.0,
0.0,
0.0,
0.0,
0.0,
0.0,
0.0,
0.0,
0.0,
0.0,
0.0,
0.0,
0.0,
0.0,
0.0,
0.0,
0.0,
0.0,
0.0,
0.0,
0.0,
0.0,
0.0,
0.0,
0.0,
0.0,
0.0,
0.0,
0.0,
0.0,
0.0,
0.0,
0.0,
0.0,
0.0,
0.0,
0.0,
0.0,
0.0,
0.0,
0.0,
0.0,
0.0,
0.0,
0.0,
0.0,
0.0,
0.0,
0.0,
0.0,
0.0,
0.0,
0.0,
0.0,
0.0,
0.0,
0.0,
0.0,
0.0,
0.0,
0.0,
0.0,
0.0,
0.0,
0.0,
0.0,
0.0,
0.0,
0.0,
0.0,
0.0,
0.0,
0.0,
0.0,
0.0,
0.0,
0.0,
0.0,
0.0,
0.0,
0.0,
0.0,
0.0,
0.0,
0.0,
0.0,
0.0,
0.0,
0.0,
0.0,
0.0,
0.0,
0.0,
0.0,
0.0,
0.0,
0.0,
0.0,
0.0,
0.0,
0.0,
0.0,
0.0,
0.0,
0.0,
0.0,
0.0,
0.0,
0.0,
0.0,
0.0,
0.0,
0.0,
0.0,
0.0,
0.0,
0.0,
0.0,
0.0,
0.0,
0.0,
0.0,
0.0,
0.0,
0.0,
0.0,
0.0,
0.0,
0.0,
0.0,
0.0,
0.0,
0.0,
0.0,
0.0,
0.0,
0.0,
0.0,
0.0,
0.0,
0.0,
0.0,
0.0,
0.0,
0.0,
0.0,
0.0,
0.0,
0.0,
0.0,
0.0,
0.0,
0.0,
0.0,
0.0,
0.0,
0.0,
0.0,
0.0,
0.0,
