1.0651801824569702,
1.0687390565872192,
1.0702139139175415,
1.0712186098098755,
1.0713428258895874,
1.0717575550079346,
1.0722529888153076,
1.0722264051437378,
1.072340965270996,
1.0724787712097168,
1.0721932649612427,
1.0724114179611206,
1.0725312232971191,
1.0722628831863403,
1.072442889213562,
1.0723234415054321,
1.0720124244689941,
1.0720856189727783,
1.0720654726028442,
1.071753740310669,
1.0717922449111938,
1.0715175867080688,
1.0712463855743408,
1.071216344833374,
1.0708882808685303,
1.0708907842636108,
1.0707635879516602,
1.0704046487808228,
1.0704691410064697,
1.0702686309814453,
1.0698671340942383,
1.0698721408843994,
1.0697870254516602,
1.069283127784729,
1.0693511962890625,
1.0691968202590942,
1.0688693523406982,
1.0688270330429077,
1.0686588287353516,
1.0683209896087646,
1.068275809288025,
1.068103313446045,
1.0677872896194458,
1.067612886428833,
1.067355751991272,
1.0670644044876099,
1.0668905973434448,
1.0666413307189941,
1.0663470029830933,
1.066235065460205,
1.0658135414123535,
1.0657854080200195,
1.0656009912490845,
1.0652146339416504,
1.0650920867919922,
1.06482994556427,
1.0643147230148315,
1.064320683479309,
1.0641671419143677,
1.0635727643966675,
1.0635851621627808,
1.063373327255249,
1.0628982782363892,
1.062844157218933,
1.062551736831665,
1.0621697902679443,
1.0620850324630737,
1.061828374862671,
1.061453938484192,
1.061252474784851,
1.0610271692276,
1.0605732202529907,
1.0603958368301392,
1.0601459741592407,
1.0598657131195068,
1.0595779418945312,
1.0591412782669067,
1.0589168071746826,
1.0586724281311035,
1.05820894241333,
1.0580891370773315,
1.0577718019485474,
1.0571781396865845,
1.057043194770813,
1.056820273399353,
1.0563666820526123,
1.0562717914581299,
1.055648684501648,
1.055340051651001,
1.054957389831543,
1.05483877658844,
1.0542961359024048,
1.0543127059936523,
1.053951621055603,
1.0534864664077759,
1.0533119440078735,
1.0530376434326172,
1.052582859992981,
1.0524901151657104,
1.0521992444992065,
1.0517408847808838,
1.0515050888061523,
1.0510509014129639,
1.0507830381393433,
1.0505422353744507,
1.0500355958938599,
1.0497076511383057,
1.0494983196258545,
1.0488954782485962,
1.0484384298324585,
1.0484893321990967,
1.0480073690414429,
1.047646403312683,
1.0475428104400635,
1.0467021465301514,
1.0465677976608276,
1.046316146850586,
1.0453730821609497,
1.0454838275909424,
1.0452805757522583,
1.044270634651184,
1.0444501638412476,
1.0442626476287842,
1.0435495376586914,
1.0435832738876343,
1.0433098077774048,
1.0421093702316284,
1.0422579050064087,
1.041811466217041,
1.0411280393600464,
1.0413533449172974,
1.0411558151245117,
1.040346622467041,
1.0399693250656128,
1.0402131080627441,
1.0398424863815308,
1.0395079851150513,
1.0389944314956665,
1.0385388135910034,
1.0378086566925049,
1.038102626800537,
1.0369343757629395,
1.037118911743164,
1.0364080667495728,
1.0361411571502686,
1.0361453294754028,
1.0354551076889038,
1.0352754592895508,
1.0347936153411865,
1.034778356552124,
1.0342822074890137,
1.0338001251220703,
1.0336151123046875,
1.0331921577453613,
1.0320112705230713,
1.0322256088256836,
1.0322085618972778,
1.0320218801498413,
1.031036615371704,
1.0312172174453735,
1.0307457447052002,
1.030295491218567,
1.0298372507095337,
1.0289828777313232,
1.0293803215026855,
1.0288755893707275,
1.028369426727295,
1.0283129215240479,
1.0279427766799927,
1.0278093814849854,
1.0270038843154907,
1.0265134572982788,
1.02670156955719,
1.0261799097061157,
1.0254802703857422,
1.0263506174087524,
1.0254725217819214,
1.0244652032852173,
1.0247710943222046,
1.0235779285430908,
1.0234944820404053,
1.0231845378875732,
1.0226306915283203,
1.022199273109436,
1.0224800109863281,
1.0219535827636719,
1.021569848060608,
1.0212149620056152,
1.0211844444274902,
1.0205570459365845,
1.0206506252288818,
1.020296335220337,
1.0199216604232788,
1.0201389789581299,
1.0190106630325317,
1.0183088779449463,
1.0185385942459106,
1.0181219577789307,
1.0178061723709106,
1.0179427862167358,
1.017183780670166,
1.0166144371032715,
1.016266107559204,
1.0165663957595825,
1.0156826972961426,
1.0152863264083862,
1.0150421857833862,
1.014729380607605,
1.0141465663909912,
1.013641595840454,
1.0137109756469727,
1.0136486291885376,
1.013181209564209,
1.0128965377807617,
1.0128345489501953,
1.012449860572815,
1.012029767036438,
1.0118778944015503,
1.011719822883606,
1.0109628438949585,
1.010421872138977,
1.0104578733444214,
1.009901762008667,
1.0097826719284058,
1.00944185256958,
1.0091497898101807,
1.0085078477859497,
1.0087109804153442,
1.0083214044570923,
1.0080924034118652,
1.0079305171966553,
1.0073556900024414,
1.0067766904830933,
1.0067416429519653,
1.006548523902893,
1.005823016166687,
1.0058389902114868,
1.005591869354248,
1.005239486694336,
1.0044546127319336,
1.0045852661132812,
1.0039499998092651,
1.004031777381897,
1.0037263631820679,
1.003277063369751,
1.003198266029358,
1.0024832487106323,
1.002617597579956,
1.0021144151687622,
1.0015783309936523,
1.0015603303909302,
1.0011862516403198,
1.0011025667190552,
1.0009163618087769,
0.9998717308044434,
0.9998112916946411,
0.9996369481086731,
0.9996369481086731,
0.997096836566925,
0.997878909111023,
0.9979858994483948,
0.9977730512619019,
0.9978697896003723,
0.9975591897964478,
0.9968348145484924,
0.9967817664146423,
0.9968336224555969,
0.9964064955711365,
0.9962603449821472,
0.9960999488830566,
0.9958187341690063,
0.9955752491950989,
0.9957129955291748,
0.9949246048927307,
0.9950309991836548,
0.9943879246711731,
0.9939194917678833,
0.9941350817680359,
0.9936637878417969,
0.9931908845901489,
0.9934346675872803,
0.9930076599121094,
0.9929566383361816,
0.9928629994392395,
0.992451012134552,
0.9913264513015747,
0.9916591644287109,
0.9910948872566223,
0.9909632205963135,
0.9907602071762085,
0.9904528856277466,
0.9897740483283997,
0.9896686673164368,
0.9893710613250732,
0.989023745059967,
0.9888261556625366,
0.988371729850769,
0.9878866672515869,
0.988112211227417,
0.9875960946083069,
0.9876434206962585,
0.9873591661453247,
0.986992597579956,
0.9867796301841736,
0.9859166145324707,
0.9857933521270752,
0.9854992032051086,
0.9855803847312927,
0.9855826497077942,
0.9848058819770813,
0.9845322966575623,
0.9841324090957642,
0.9838384389877319,
0.9835290908813477,
0.9829649925231934,
0.9830677509307861,
0.982825756072998,
0.9822445511817932,
0.9816460609436035,
0.9811301827430725,
0.9811228513717651,
0.9809396266937256,
0.9799054861068726,
0.9801819920539856,
0.9800006151199341,
0.9794477224349976,
0.978901743888855,
0.9787881970405579,
0.9786782264709473,
0.9781635999679565,
0.9775517582893372,
0.9776106476783752,
0.9769813418388367,
0.9764530658721924,
0.9765467643737793,
0.9763835072517395,
0.9760189056396484,
0.9759951233863831,
0.9749924540519714,
0.9746419191360474,
0.9746423959732056,
0.9741240739822388,
0.9733896255493164,
0.9736409783363342,
0.9730599522590637,
0.9726449847221375,
0.9721944332122803,
0.9719064235687256,
0.9716616868972778,
0.9712347388267517,
0.9710496068000793,
0.9705638289451599,
0.970029354095459,
0.9698100090026855,
0.9692848324775696,
0.9689907431602478,
0.9681293368339539,
0.9682348966598511,
0.967671275138855,
0.9672152400016785,
0.9676273465156555,
0.9669973254203796,
0.9661949872970581,
0.9663671851158142,
0.965846598148346,
0.9656503796577454,
0.9654653072357178,
0.9645877480506897,
0.9640746116638184,
0.9634839296340942,
0.9633544683456421,
0.9631262421607971,
0.962882399559021,
0.9623697400093079,
0.9623543620109558,
0.9616517424583435,
0.9616711139678955,
0.9608386158943176,
0.960180938243866,
0.9600727558135986,
0.9598126411437988,
0.9590126872062683,
0.9582775235176086,
0.9585183262825012,
0.9576368927955627,
0.9574458003044128,
0.9569830894470215,
0.9565894603729248,
0.9564744830131531,
0.9558663368225098,
0.9548827409744263,
0.9547455906867981,
0.9547367095947266,
0.9542983174324036,
0.9531522989273071,
0.9532317519187927,
0.9528176188468933,
0.952343225479126,
0.9519221186637878,
0.9516716599464417,
0.9514768123626709,
0.9511279463768005,
0.9505125284194946,
0.9496781826019287,
0.9493632912635803,
0.9489958882331848,
0.9483558535575867,
0.9476879239082336,
0.9475710988044739,
0.9474876523017883,
0.946303129196167,
0.946239709854126,
0.9457759261131287,
0.9449517130851746,
0.9450612664222717,
0.9443073868751526,
0.9438259601593018,
0.9436160922050476,
0.9432708024978638,
0.942327082157135,
0.9421327710151672,
0.9413544535636902,
0.9408721327781677,
0.9407194256782532,
0.94022136926651,
0.9394790530204773,
0.9386930465698242,
0.9381815791130066,
0.9374747276306152,
0.9376685619354248,
0.9366918206214905,
0.9366584420204163,
0.9359650015830994,
0.9349719285964966,
0.9346277713775635,
0.9342110753059387,
0.933531641960144,
0.9327417612075806,
0.9325518012046814,
0.932029128074646,
0.9316999316215515,
0.9307124018669128,
0.9297370910644531,
0.9293867349624634,
0.9286755323410034,
0.9285131692886353,
0.9279838800430298,
0.9273627996444702,
0.9269372820854187,
0.9260947108268738,
0.9256271123886108,
0.9249807596206665,
0.9238631725311279,
0.9235982298851013,
0.9230469465255737,
0.922426164150238,
0.922146201133728,
0.9214639663696289,
0.9205842018127441,
0.9196943044662476,
0.9192618131637573,
0.9184731841087341,
0.9181321263313293,
0.9171433448791504,
0.916464626789093,
0.9154297113418579,
0.9152860641479492,
0.9142900109291077,
0.913597047328949,
0.9130571484565735,
0.9124902486801147,
0.9118332862854004,
0.9111826419830322,
0.9105240702629089,
0.9096382856369019,
0.9090098738670349,
0.907714307308197,
0.9079148173332214,
0.906895637512207,
0.9060179591178894,
0.9050742387771606,
0.904634416103363,
0.903621256351471,
0.9033448100090027,
0.9025824666023254,
0.901953399181366,
0.9009180068969727,
0.899951159954071,
0.8991844654083252,
0.8985705971717834,
0.8977991342544556,
0.8970664739608765,
0.89597487449646,
0.8950031399726868,
0.8945566415786743,
0.8933238387107849,
0.8927400708198547,
0.891551673412323,
0.8909116983413696,
0.8902122378349304,
0.8892751932144165,
0.8883483409881592,
0.8873979449272156,
0.8862483501434326,
0.8850725889205933,
0.8840600252151489,
0.8824881911277771,
0.8824551105499268,
0.8815149664878845,
0.8807159066200256,
0.8798738121986389,
0.878707766532898,
0.877555787563324,
0.8764178156852722,
0.874851644039154,
0.8736610412597656,
0.8723646998405457,
0.8707476258277893,
0.8694982528686523,
0.8681784272193909,
0.8661900758743286,
0.8650209307670593,
0.8635447025299072,
0.8619177937507629,
0.860673189163208,
0.8590421080589294,
0.8573867082595825,
0.8559265732765198,
0.8541287779808044,
0.85238116979599,
0.8505198955535889,
0.8493321537971497,
0.8473410606384277,
0.8453012704849243,
0.8439168334007263,
0.8420231938362122,
0.8405719995498657,
0.8387867212295532,
0.8369117975234985,
0.8347230553627014,
0.8337128162384033,
0.831393837928772,
0.8298889398574829,
0.8277357816696167,
0.8255829811096191,
0.8255829811096191,
0.0,
0.0,
0.0,
0.0,
0.0,
0.0,
0.0,
0.0,
0.0,
0.0,
0.0,
0.0,
0.0,
0.0,
0.0,
0.0,
0.0,
0.0,
0.0,
0.0,
0.0,
0.0,
0.0,
0.0,
0.0,
0.0,
0.0,
0.0,
0.0,
0.0,
0.0,
0.0,
0.0,
0.0,
0.0,
0.0,
0.0,
0.0,
0.0,
0.0,
0.0,
0.0,
0.0,
0.0,
0.0,
0.0,
0.0,
0.0,
0.0,
0.0,
0.0,
0.0,
0.0,
0.0,
0.0,
0.0,
0.0,
0.0,
0.0,
0.0,
0.0,
0.0,
0.0,
0.0,
0.0,
0.0,
0.0,
0.0,
0.0,
0.0,
0.0,
0.0,
0.0,
0.0,
0.0,
0.0,
0.0,
0.0,
0.0,
0.0,
0.0,
0.0,
0.0,
0.0,
0.0,
0.0,
0.0,
0.0,
0.0,
0.0,
0.0,
0.0,
0.0,
0.0,
0.0,
0.0,
0.0,
0.0,
0.0,
0.0,
0.0,
0.0,
0.0,
0.0,
0.0,
0.0,
0.0,
0.0,
0.0,
0.0,
0.0,
0.0,
0.0,
0.0,
0.0,
0.0,
0.0,
0.0,
0.0,
0.0,
0.0,
0.0,
0.0,
0.0,
0.0,
0.0,
0.0,
0.0,
0.0,
0.0,
0.0,
0.0,
0.0,
0.0,
0.0,
0.0,
0.0,
0.0,
0.0,
0.0,
0.0,
0.0,
0.0,
0.0,
0.0,
0.0,
0.0,
0.0,
0.0,
0.0,
0.0,
0.0,
0.0,
0.0,
0.0,
0.0,
0.0,
0.0,
0.0,
0.0,
0.0,
0.0,
0.0,
0.0,
0.0,
0.0,
0.0,
0.0,
0.0,
0.0,
0.0,
0.0,
0.0,
0.0,
0.0,
0.0,
0.0,
0.0,
0.0,
0.0,
0.0,
0.0,
0.0,
0.0,
0.0,
0.0,
0.0,
0.0,
0.0,
0.0,
0.0,
0.0,
0.0,
0.0,
0.0,
0.0,
0.0,
0.0,
0.0,
0.0,
0.0,
0.0,
0.0,
0.0,
0.0,
0.0,
0.0,
0.0,
0.0,
0.0,
0.0,
0.0,
0.0,
0.0,
0.0,
0.0,
0.0,
0.0,
0.0,
0.0,
0.0,
0.0,
0.0,
0.0,
0.0,
0.0,
0.0,
0.0,
0.0,
0.0,
0.0,
0.0,
0.0,
0.0,
0.0,
0.0,
0.0,
0.0,
0.0,
0.0,
0.0,
0.0,
0.0,
0.0,
0.0,
0.0,
0.0,
0.0,
0.0,
0.0,
0.0,
0.0,
0.0,
0.0,
0.0,
0.0,
0.0,
0.0,
0.0,
0.0,
0.0,
0.0,
0.0,
0.0,
0.0,
0.0,
0.0,
0.0,
0.0,
0.0,
0.0,
0.0,
0.0,
0.0,
0.0,
0.0,
0.0,
0.0,
0.0,
0.0,
0.0,
0.0,
0.0,
0.0,
0.0,
0.0,
0.0,
0.0,
0.0,
0.0,
0.0,
0.0,
0.0,
0.0,
0.0,
0.0,
0.0,
0.0,
0.0,
0.0,
0.0,
0.0,
0.0,
0.0,
0.0,
0.0,
0.0,
0.0,
0.0,
0.0,
0.0,
0.0,
0.0,
0.0,
0.0,
0.0,
0.0,
0.0,
0.0,
0.0,
0.0,
0.0,
0.0,
0.0,
0.0,
0.0,
0.0,
0.0,
0.0,
0.0,
0.0,
0.0,
0.0,
0.0,
0.0,
0.0,
0.0,
0.0,
0.0,
0.0,
0.0,
0.0,
0.0,
0.0,
0.0,
0.0,
0.0,
0.0,
0.0,
0.0,
0.0,
0.0,
0.0,
0.0,
0.0,
0.0,
0.0,
0.0,
0.0,
0.0,
0.0,
0.0,
0.0,
0.0,
0.0,
0.0,
0.0,
0.0,
0.0,
0.0,
0.0,
0.0,
0.0,
0.0,
0.0,
0.0,
0.0,
0.0,
0.0,
0.0,
0.0,
0.0,
0.0,
0.0,
0.0,
0.0,
0.0,
0.0,
0.0,
0.0,
0.0,
0.0,
0.0,
0.0,
0.0,
0.0,
0.0,
0.0,
0.0,
0.0,
0.0,
0.0,
0.0,
0.0,
0.0,
0.0,
0.0,
0.0,
0.0,
0.0,
0.0,
0.0,
0.0,
0.0,
0.0,
0.0,
0.0,
0.0,
0.0,
0.0,
0.0,
0.0,
0.0,
0.0,
0.0,
0.0,
0.0,
0.0,
0.0,
0.0,
0.0,
0.0,
0.0,
0.0,
0.0,
0.0,
0.0,
0.0,
0.0,
0.0,
0.0,
0.0,
0.0,
0.0,
0.0,
0.0,
0.0,
0.0,
0.0,
0.0,
0.0,
0.0,
0.0,
0.0,
0.0,
0.0,
0.0,
0.0,
0.0,
0.0,
0.0,
0.0,
0.0,
0.0,
0.0,
0.0,
0.0,
0.0,
0.0,
0.0,
0.0,
0.0,
0.0,
0.0,
0.0,
0.0,
0.0,
0.0,
0.0,
0.0,
0.0,
0.0,
0.0,
0.0,
0.0,
0.0,
0.0,
0.0,
0.0,
0.0,
0.0,
0.0,
0.0,
0.0,
0.0,
0.0,
0.0,
0.0,
0.0,
0.0,
0.0,
0.0,
0.0,
0.0,
0.0,
0.0,
0.0,
0.0,
0.0,
0.0,
0.0,
0.0,
0.0,
0.0,
0.0,
0.0,
0.0,
0.0,
0.0,
0.0,
0.0,
0.0,
0.0,
0.0,
0.0,
0.0,
0.0,
0.0,
0.0,
0.0,
0.0,
0.0,
0.0,
0.0,
0.0,
0.0,
0.0,
0.0,
0.0,
0.0,
0.0,
0.0,
0.0,
0.0,
0.0,
0.0,
0.0,
0.0,
0.0,
0.0,
0.0,
0.0,
0.0,
0.0,
0.0,
0.0,
0.0,
0.0,
0.0,
0.0,
0.0,
0.0,
0.0,
0.0,
0.0,
0.0,
0.0,
0.0,
0.0,
0.0,
0.0,
0.0,
0.0,
0.0,
0.0,
0.0,
0.0,
0.0,
0.0,
0.0,
0.0,
0.0,
0.0,
0.0,
0.0,
0.0,
0.0,
0.0,
0.0,
0.0,
0.0,
0.0,
0.0,
0.0,
0.0,
0.0,
0.0,
0.0,
0.0,
0.0,
0.0,
0.0,
0.0,
0.0,
0.0,
0.0,
0.0,
0.0,
0.0,
0.0,
0.0,
0.0,
0.0,
0.0,
0.0,
0.0,
0.0,
0.0,
0.0,
0.0,
0.0,
0.0,
0.0,
0.0,
0.0,
0.0,
0.0,
0.0,
0.0,
0.0,
0.0,
0.0,
0.0,
0.0,
0.0,
0.0,
0.0,
0.0,
0.0,
0.0,
0.0,
0.0,
0.0,
0.0,
0.0,
0.0,
0.0,
0.0,
0.0,
0.0,
0.0,
0.0,
0.0,
0.0,
0.0,
0.0,
0.0,
0.0,
0.0,
0.0,
0.0,
0.0,
0.0,
0.0,
0.0,
0.0,
0.0,
0.0,
0.0,
0.0,
0.0,
0.0,
0.0,
0.0,
0.0,
0.0,
0.0,
0.0,
0.0,
0.0,
0.0,
0.0,
0.0,
0.0,
0.0,
0.0,
0.0,
0.0,
0.0,
0.0,
0.0,
0.0,
0.0,
0.0,
0.0,
0.0,
0.0,
0.0,
0.0,
0.0,
0.0,
0.0,
0.0,
0.0,
0.0,
0.0,
0.0,
0.0,
0.0,
0.0,
0.0,
0.0,
0.0,
0.0,
0.0,
0.0,
0.0,
0.0,
0.0,
0.0,
0.0,
0.0,
0.0,
0.0,
0.0,
0.0,
0.0,
0.0,
0.0,
0.0,
0.0,
0.0,
0.0,
0.0,
0.0,
0.0,
0.0,
0.0,
0.0,
0.0,
0.0,
0.0,
0.0,
0.0,
0.0,
0.0,
0.0,
0.0,
0.0,
0.0,
0.0,
0.0,
0.0,
0.0,
0.0,
0.0,
0.0,
0.0,
0.0,
0.0,
0.0,
0.0,
0.0,
0.0,
0.0,
0.0,
0.0,
0.0,
0.0,
0.0,
0.0,
0.0,
0.0,
0.0,
0.0,
0.0,
0.0,
0.0,
0.0,
0.0,
0.0,
0.0,
0.0,
0.0,
0.0,
0.0,
0.0,
0.0,
0.0,
0.0,
0.0,
0.0,
0.0,
0.0,
0.0,
0.0,
0.0,
0.0,
0.0,
0.0,
0.0,
0.0,
0.0,
0.0,
0.0,
0.0,
0.0,
0.0,
0.0,
0.0,
0.0,
0.0,
0.0,
0.0,
0.0,
0.0,
0.0,
0.0,
0.0,
0.0,
0.0,
0.0,
0.0,
0.0,
0.0,
0.0,
0.0,
0.0,
0.0,
0.0,
0.0,
0.0,
0.0,
0.0,
0.0,
0.0,
0.0,
0.0,
0.0,
0.0,
0.0,
0.0,
0.0,
0.0,
0.0,
0.0,
0.0,
0.0,
0.0,
0.0,
0.0,
0.0,
0.0,
0.0,
0.0,
0.0,
0.0,
0.0,
0.0,
0.0,
0.0,
0.0,
0.0,
0.0,
0.0,
0.0,
0.0,
0.0,
0.0,
0.0,
0.0,
0.0,
0.0,
0.0,
0.0,
0.0,
0.0,
0.0,
0.0,
0.0,
0.0,
0.0,
0.0,
0.0,
0.0,
0.0,
0.0,
0.0,
0.0,
0.0,
0.0,
0.0,
0.0,
0.0,
0.0,
0.0,
0.0,
0.0,
0.0,
0.0,
0.0,
0.0,
0.0,
0.0,
0.0,
0.0,
0.0,
0.0,
0.0,
0.0,
0.0,
0.0,
0.0,
0.0,
0.0,
0.0,
0.0,
0.0,
0.0,
0.0,
0.0,
0.0,
0.0,
0.0,
0.0,
0.0,
0.0,
0.0,
0.0,
0.0,
0.0,
0.0,
0.0,
0.0,
0.0,
0.0,
0.0,
0.0,
0.0,
0.0,
0.0,
0.0,
0.0,
0.0,
0.0,
0.0,
0.0,
0.0,
0.0,
0.0,
0.0,
0.0,
0.0,
0.0,
0.0,
0.0,
0.0,
0.0,
0.0,
0.0,
0.0,
0.0,
0.0,
0.0,
0.0,
0.0,
0.0,
0.0,
0.0,
0.0,
0.0,
0.0,
0.0,
0.0,
0.0,
0.0,
0.0,
0.0,
0.0,
0.0,
0.0,
0.0,
0.0,
0.0,
0.0,
0.0,
0.0,
0.0,
0.0,
0.0,
0.0,
0.0,
0.0,
0.0,
0.0,
0.0,
0.0,
0.0,
0.0,
0.0,
0.0,
0.0,
0.0,
0.0,
0.0,
0.0,
0.0,
0.0,
0.0,
0.0,
0.0,
0.0,
0.0,
0.0,
0.0,
0.0,
0.0,
0.0,
0.0,
0.0,
0.0,
0.0,
0.0,
0.0,
0.0,
0.0,
0.0,
0.0,
0.0,
0.0,
0.0,
0.0,
0.0,
0.0,
0.0,
0.0,
0.0,
0.0,
0.0,
0.0,
0.0,
0.0,
0.0,
0.0,
0.0,
0.0,
0.0,
0.0,
0.0,
0.0,
0.0,
0.0,
0.0,
0.0,
0.0,
0.0,
0.0,
0.0,
0.0,
0.0,
0.0,
0.0,
0.0,
0.0,
0.0,
0.0,
0.0,
0.0,
0.0,
0.0,
0.0,
0.0,
0.0,
0.0,
0.0,
0.0,
0.0,
0.0,
0.0,
0.0,
0.0,
0.0,
0.0,
0.0,
0.0,
0.0,
0.0,
0.0,
0.0,
0.0,
0.0,
0.0,
0.0,
0.0,
0.0,
0.0,
0.0,
0.0,
0.0,
0.0,
0.0,
0.0,
0.0,
0.0,
0.0,
0.0,
0.0,
0.0,
0.0,
0.0,
0.0,
0.0,
0.0,
0.0,
0.0,
0.0,
0.0,
0.0,
0.0,
0.0,
0.0,
0.0,
0.0,
0.0,
0.0,
0.0,
0.0,
0.0,
0.0,
0.0,
0.0,
0.0,
0.0,
0.0,
0.0,
0.0,
0.0,
0.0,
0.0,
0.0,
0.0,
0.0,
0.0,
0.0,
0.0,
0.0,
0.0,
0.0,
0.0,
0.0,
0.0,
0.0,
0.0,
0.0,
0.0,
0.0,
0.0,
0.0,
0.0,
0.0,
0.0,
0.0,
0.0,
0.0,
0.0,
0.0,
0.0,
0.0,
0.0,
0.0,
0.0,
0.0,
0.0,
0.0,
0.0,
0.0,
0.0,
0.0,
0.0,
0.0,
0.0,
0.0,
0.0,
0.0,
0.0,
0.0,
0.0,
0.0,
0.0,
0.0,
0.0,
0.0,
0.0,
0.0,
0.0,
0.0,
0.0,
0.0,
0.0,
0.0,
0.0,
0.0,
0.0,
0.0,
0.0,
0.0,
0.0,
0.0,
0.0,
0.0,
0.0,
0.0,
0.0,
0.0,
0.0,
0.0,
0.0,
0.0,
0.0,
0.0,
0.0,
0.0,
0.0,
0.0,
0.0,
0.0,
0.0,
0.0,
0.0,
0.0,
0.0,
0.0,
0.0,
0.0,
0.0,
0.0,
0.0,
0.0,
0.0,
0.0,
0.0,
0.0,
0.0,
0.0,
0.0,
0.0,
0.0,
0.0,
0.0,
0.0,
0.0,
0.0,
0.0,
0.0,
0.0,
0.0,
0.0,
0.0,
0.0,
0.0,
0.0,
0.0,
0.0,
0.0,
0.0,
0.0,
0.0,
0.0,
0.0,
0.0,
0.0,
0.0,
0.0,
0.0,
0.0,
0.0,
0.0,
0.0,
0.0,
0.0,
0.0,
0.0,
0.0,
0.0,
0.0,
0.0,
0.0,
0.0,
0.0,
0.0,
0.0,
0.0,
0.0,
0.0,
0.0,
0.0,
0.0,
0.0,
0.0,
0.0,
0.0,
0.0,
0.0,
0.0,
0.0,
0.0,
0.0,
0.0,
0.0,
0.0,
0.0,
0.0,
0.0,
0.0,
0.0,
0.0,
0.0,
0.0,
0.0,
0.0,
0.0,
0.0,
0.0,
0.0,
0.0,
0.0,
0.0,
0.0,
0.0,
0.0,
0.0,
0.0,
0.0,
0.0,
0.0,
0.0,
0.0,
0.0,
0.0,
0.0,
0.0,
0.0,
0.0,
0.0,
0.0,
0.0,
0.0,
0.0,
0.0,
0.0,
0.0,
0.0,
0.0,
0.0,
0.0,
0.0,
0.0,
0.0,
0.0,
0.0,
0.0,
0.0,
0.0,
0.0,
0.0,
0.0,
0.0,
0.0,
0.0,
0.0,
0.0,
0.0,
0.0,
0.0,
0.0,
0.0,
0.0,
0.0,
0.0,
0.0,
0.0,
0.0,
0.0,
0.0,
0.0,
0.0,
0.0,
0.0,
0.0,
0.0,
0.0,
0.0,
0.0,
0.0,
0.0,
0.0,
0.0,
0.0,
0.0,
0.0,
0.0,
0.0,
0.0,
0.0,
0.0,
0.0,
0.0,
0.0,
0.0,
0.0,
0.0,
0.0,
0.0,
0.0,
0.0,
0.0,
0.0,
0.0,
0.0,
0.0,
0.0,
0.0,
0.0,
0.0,
0.0,
0.0,
0.0,
0.0,
0.0,
0.0,
0.0,
0.0,
0.0,
0.0,
0.0,
0.0,
0.0,
0.0,
0.0,
0.0,
0.0,
0.0,
0.0,
0.0,
0.0,
0.0,
0.0,
0.0,
0.0,
0.0,
0.0,
0.0,
0.0,
0.0,
0.0,
0.0,
0.0,
0.0,
0.0,
0.0,
0.0,
0.0,
0.0,
0.0,
0.0,
0.0,
0.0,
0.0,
0.0,
0.0,
0.0,
0.0,
0.0,
0.0,
0.0,
0.0,
0.0,
0.0,
0.0,
0.0,
0.0,
0.0,
0.0,
0.0,
0.0,
0.0,
0.0,
0.0,
0.0,
0.0,
0.0,
0.0,
0.0,
0.0,
0.0,
0.0,
0.0,
0.0,
0.0,
0.0,
0.0,
0.0,
0.0,
0.0,
0.0,
0.0,
0.0,
0.0,
0.0,
0.0,
0.0,
0.0,
0.0,
0.0,
0.0,
0.0,
0.0,
0.0,
0.0,
0.0,
0.0,
0.0,
0.0,
0.0,
0.0,
0.0,
0.0,
0.0,
0.0,
0.0,
0.0,
0.0,
0.0,
0.0,
0.0,
0.0,
0.0,
0.0,
0.0,
0.0,
0.0,
0.0,
0.0,
0.0,
0.0,
0.0,
0.0,
0.0,
0.0,
0.0,
0.0,
0.0,
0.0,
0.0,
0.0,
0.0,
0.0,
0.0,
0.0,
0.0,
0.0,
0.0,
0.0,
0.0,
0.0,
0.0,
0.0,
0.0,
0.0,
0.0,
0.0,
0.0,
0.0,
0.0,
0.0,
0.0,
0.0,
0.0,
0.0,
0.0,
0.0,
0.0,
0.0,
0.0,
0.0,
0.0,
0.0,
0.0,
0.0,
0.0,
0.0,
0.0,
0.0,
0.0,
0.0,
0.0,
0.0,
0.0,
0.0,
0.0,
0.0,
0.0,
0.0,
0.0,
0.0,
0.0,
0.0,
0.0,
0.0,
0.0,
0.0,
0.0,
0.0,
0.0,
0.0,
0.0,
0.0,
0.0,
0.0,
0.0,
0.0,
0.0,
0.0,
0.0,
0.0,
0.0,
0.0,
0.0,
0.0,
0.0,
0.0,
0.0,
0.0,
0.0,
0.0,
0.0,
0.0,
0.0,
0.0,
0.0,
0.0,
0.0,
0.0,
0.0,
0.0,
0.0,
0.0,
0.0,
0.0,
0.0,
0.0,
0.0,
0.0,
0.0,
0.0,
0.0,
0.0,
0.0,
0.0,
0.0,
0.0,
0.0,
0.0,
0.0,
0.0,
0.0,
0.0,
0.0,
0.0,
0.0,
0.0,
0.0,
0.0,
0.0,
0.0,
0.0,
0.0,
0.0,
0.0,
0.0,
0.0,
0.0,
0.0,
0.0,
0.0,
0.0,
0.0,
0.0,
0.0,
0.0,
0.0,
0.0,
0.0,
0.0,
0.0,
0.0,
0.0,
0.0,
0.0,
0.0,
0.0,
0.0,
0.0,
0.0,
0.0,
0.0,
0.0,
0.0,
0.0,
0.0,
0.0,
0.0,
0.0,
0.0,
0.0,
0.0,
0.0,
0.0,
0.0,
0.0,
0.0,
0.0,
0.0,
0.0,
0.0,
0.0,
0.0,
0.0,
0.0,
0.0,
0.0,
0.0,
0.0,
0.0,
0.0,
0.0,
0.0,
0.0,
0.0,
0.0,
0.0,
0.0,
0.0,
0.0,
0.0,
0.0,
0.0,
0.0,
0.0,
0.0,
0.0,
0.0,
0.0,
0.0,
0.0,
0.0,
0.0,
0.0,
