1.0716273784637451,
1.072705626487732,
1.0742603540420532,
1.0748251676559448,
1.0753649473190308,
1.0755136013031006,
1.075924277305603,
1.0749183893203735,
1.0762544870376587,
1.0763182640075684,
1.0765960216522217,
1.076668381690979,
1.0768581628799438,
1.0767780542373657,
1.0770530700683594,
1.0771286487579346,
1.0772234201431274,
1.0772539377212524,
1.0772191286087036,
1.0771822929382324,
1.0772380828857422,
1.0773415565490723,
1.0774860382080078,
1.0774468183517456,
1.0774803161621094,
1.0775470733642578,
1.0775097608566284,
1.0774307250976562,
1.0774046182632446,
1.077538251876831,
1.0775328874588013,
1.0776216983795166,
1.0775641202926636,
1.0776267051696777,
1.0776503086090088,
1.077531099319458,
1.077475666999817,
1.0774846076965332,
1.0774661302566528,
1.0774062871932983,
1.0774078369140625,
1.0774834156036377,
1.0774307250976562,
1.0774894952774048,
1.0775976181030273,
1.0775080919265747,
1.0775837898254395,
1.0776561498641968,
1.0777442455291748,
1.0777076482772827,
1.0776124000549316,
1.0775707960128784,
1.0777077674865723,
1.0776569843292236,
1.0776132345199585,
1.0775718688964844,
1.0774770975112915,
1.0775783061981201,
1.077523112297058,
1.0774873495101929,
1.0774694681167603,
1.0774273872375488,
1.0773369073867798,
1.0773134231567383,
1.0772435665130615,
1.0772982835769653,
1.0772123336791992,
1.0771398544311523,
1.0770776271820068,
1.0771441459655762,
1.0771580934524536,
1.0770561695098877,
1.0772322416305542,
1.0771249532699585,
1.0771011114120483,
1.0769846439361572,
1.0770152807235718,
1.0771013498306274,
1.0770459175109863,
1.0770246982574463,
1.0770500898361206,
1.0770682096481323,
1.0770642757415771,
1.0770294666290283,
1.077064037322998,
1.0769717693328857,
1.076769471168518,
1.0767556428909302,
1.076691746711731,
1.0764734745025635,
1.0765764713287354,
1.0765674114227295,
1.0764902830123901,
1.076450228691101,
1.0765440464019775,
1.0764893293380737,
1.0765161514282227,
1.0764286518096924,
1.076427936553955,
1.0763919353485107,
1.076348066329956,
1.076431155204773,
1.0764139890670776,
1.0763633251190186,
1.0763674974441528,
1.0764375925064087,
1.0764381885528564,
1.0763880014419556,
1.0763550996780396,
1.07639741897583,
1.0764259099960327,
1.0764179229736328,
1.0763262510299683,
1.0764098167419434,
1.0763407945632935,
1.0763092041015625,
1.0761744976043701,
1.0761748552322388,
1.0762083530426025,
1.0761703252792358,
1.0761240720748901,
1.07599937915802,
1.0759038925170898,
1.0759522914886475,
1.0759152173995972,
1.0757790803909302,
1.0757107734680176,
1.075612187385559,
1.0755047798156738,
1.0754995346069336,
1.0755497217178345,
1.075476050376892,
1.0755207538604736,
1.0753474235534668,
1.0752432346343994,
1.0753456354141235,
1.0754339694976807,
1.0754529237747192,
1.0754443407058716,
1.0754213333129883,
1.07415771484375,
1.0753690004348755,
1.0753945112228394,
1.0754905939102173,
1.075361967086792,
1.075337529182434,
1.0752267837524414,
1.0751824378967285,
1.0751858949661255,
1.0751466751098633,
1.0751150846481323,
1.075078010559082,
1.0750828981399536,
1.0749412775039673,
1.074904203414917,
1.0747640132904053,
1.0747638940811157,
1.074789047241211,
1.0746431350708008,
1.0745806694030762,
1.0744842290878296,
1.0744742155075073,
1.0745267868041992,
1.074460506439209,
1.074592113494873,
1.07453453540802,
1.0745306015014648,
1.0745469331741333,
1.0744853019714355,
1.074450969696045,
1.0743474960327148,
1.0743986368179321,
1.0742708444595337,
1.074318528175354,
1.0742710828781128,
1.0742253065109253,
1.0742688179016113,
1.0741368532180786,
1.0741443634033203,
1.0741106271743774,
1.0740212202072144,
1.0739327669143677,
1.0739078521728516,
1.0739134550094604,
1.0738253593444824,
1.0725594758987427,
1.0736371278762817,
1.0735257863998413,
1.0735313892364502,
1.0734902620315552,
1.073352336883545,
1.073280692100525,
1.0733368396759033,
1.0733516216278076,
1.07337486743927,
1.0733792781829834,
1.0734517574310303,
1.07340407371521,
1.0734024047851562,
1.0732908248901367,
1.0733067989349365,
1.0732380151748657,
1.0732452869415283,
1.0733025074005127,
1.0732520818710327,
1.0731275081634521,
1.0731483697891235,
1.0731241703033447,
1.0730564594268799,
1.0729751586914062,
1.0729327201843262,
1.0728490352630615,
1.072861909866333,
1.0728778839111328,
1.072790503501892,
1.072820782661438,
1.0727583169937134,
1.0726758241653442,
1.072631597518921,
1.0726022720336914,
1.072615623474121,
1.07246732711792,
1.0725148916244507,
1.0725408792495728,
1.0724678039550781,
1.0724161863327026,
1.0723851919174194,
1.0723340511322021,
1.0722639560699463,
1.072287917137146,
1.071053385734558,
1.072183609008789,
1.0721285343170166,
1.0721404552459717,
1.0720016956329346,
1.0720157623291016,
1.071982979774475,
1.0719678401947021,
1.0718785524368286,
1.0719743967056274,
1.0719295740127563,
1.0718977451324463,
1.0718950033187866,
1.071882963180542,
1.0718364715576172,
1.0718231201171875,
1.071671485900879,
1.071666955947876,
1.0716713666915894,
1.0715820789337158,
1.071555733680725,
1.0714834928512573,
1.0714726448059082,
1.0714102983474731,
1.0713956356048584,
1.0713304281234741,
1.0712581872940063,
1.0713056325912476,
1.0712412595748901,
1.0711989402770996,
1.0712215900421143,
1.0711674690246582,
1.0710774660110474,
1.0709912776947021,
1.0708836317062378,
1.0709083080291748,
1.070835828781128,
1.070844292640686,
1.0707206726074219,
1.0707582235336304,
1.0706883668899536,
1.070576548576355,
1.0705475807189941,
1.070500373840332,
1.0704443454742432,
1.0703729391098022,
1.0703651905059814,
1.0701581239700317,
1.07021963596344,
1.0700651407241821,
1.0700393915176392,
1.0699752569198608,
1.0699759721755981,
1.0699553489685059,
1.0698716640472412,
1.0699129104614258,
1.0698652267456055,
1.0698908567428589,
1.069806456565857,
1.0697872638702393,
1.0696773529052734,
1.0696406364440918,
1.069572925567627,
1.0694940090179443,
1.0694962739944458,
1.0695041418075562,
1.0695055723190308,
1.0693656206130981,
1.0693199634552002,
1.0692647695541382,
1.0692002773284912,
1.069092035293579,
1.0690234899520874,
1.068959355354309,
1.068888545036316,
1.0688971281051636,
1.0688259601593018,
1.0687251091003418,
1.0685651302337646,
1.0685664415359497,
1.0684239864349365,
1.068421721458435,
1.0683624744415283,
1.0683050155639648,
1.068176031112671,
1.0682746171951294,
1.0682481527328491,
1.0680874586105347,
1.0680691003799438,
1.0680738687515259,
1.0679666996002197,
1.0678993463516235,
1.0679495334625244,
1.0678620338439941,
1.0678623914718628,
1.0679116249084473,
1.06775963306427,
1.0678359270095825,
1.067649006843567,
1.0676146745681763,
1.06748366355896,
1.0673586130142212,
1.0673604011535645,
1.0673816204071045,
1.0673176050186157,
1.0672537088394165,
1.0672268867492676,
1.0671604871749878,
1.067083716392517,
1.0670979022979736,
1.0669671297073364,
1.0668470859527588,
1.0668048858642578,
1.0666897296905518,
1.0666463375091553,
1.066543459892273,
1.0665168762207031,
1.0664972066879272,
1.066412329673767,
1.0663262605667114,
1.0662983655929565,
1.0662897825241089,
1.066270351409912,
1.0662429332733154,
1.0661938190460205,
1.0661472082138062,
1.066077709197998,
1.0660319328308105,
1.0659059286117554,
1.0657882690429688,
1.0658345222473145,
1.0657784938812256,
1.065750002861023,
1.065712809562683,
1.0655863285064697,
1.0656050443649292,
1.0655626058578491,
1.0654082298278809,
1.0654419660568237,
1.0653966665267944,
1.0653177499771118,
1.0652438402175903,
1.0651572942733765,
1.065126657485962,
1.064963698387146,
1.0649296045303345,
1.0649316310882568,
1.064949870109558,
1.064779281616211,
1.0647183656692505,
1.06461501121521,
1.0646508932113647,
1.0645389556884766,
1.0645345449447632,
1.0644396543502808,
1.0644558668136597,
1.0643632411956787,
1.0642707347869873,
1.0640513896942139,
1.0639803409576416,
1.0639591217041016,
1.0638622045516968,
1.063840627670288,
1.0636913776397705,
1.0636104345321655,
1.0635496377944946,
1.0634486675262451,
1.063398838043213,
1.0633472204208374,
1.063327670097351,
1.0632404088974,
1.0632296800613403,
1.0631688833236694,
1.0630747079849243,
1.0630146265029907,
1.062970757484436,
1.0629252195358276,
1.062778353691101,
1.062788486480713,
1.0627403259277344,
1.0626192092895508,
1.0624933242797852,
1.0624850988388062,
1.0625087022781372,
1.0623598098754883,
1.0623117685317993,
1.0622543096542358,
1.0622520446777344,
1.062081217765808,
1.062008023262024,
1.0619235038757324,
1.0619374513626099,
1.0617504119873047,
1.0617129802703857,
1.061578392982483,
1.061513066291809,
1.0614292621612549,
1.0613681077957153,
1.061287760734558,
1.0611779689788818,
1.061050534248352,
1.060890555381775,
1.0607948303222656,
1.0607011318206787,
1.0606210231781006,
1.0605156421661377,
1.0604884624481201,
1.0603394508361816,
1.060321569442749,
1.0602573156356812,
1.0602872371673584,
1.0601645708084106,
1.0601619482040405,
1.060072422027588,
1.0599875450134277,
1.0600149631500244,
1.0599154233932495,
1.059827446937561,
1.0597909688949585,
1.0597425699234009,
1.059566855430603,
1.0594468116760254,
1.0593329668045044,
1.0591861009597778,
1.0590938329696655,
1.0590876340866089,
1.0590492486953735,
1.058904767036438,
1.0588384866714478,
1.0587389469146729,
1.058637261390686,
1.0585325956344604,
1.058445692062378,
1.0584111213684082,
1.058266043663025,
1.058215618133545,
1.0580902099609375,
1.0579646825790405,
1.057901382446289,
1.0577030181884766,
1.0576801300048828,
1.0576145648956299,
1.0574820041656494,
1.0573554039001465,
1.0572677850723267,
1.0571575164794922,
1.0570179224014282,
1.0569729804992676,
1.0568004846572876,
1.0567245483398438,
1.056684970855713,
1.0565598011016846,
1.0563859939575195,
1.0562525987625122,
1.0562056303024292,
1.056032657623291,
1.055921196937561,
1.0558279752731323,
1.0557128190994263,
1.055540919303894,
1.0553940534591675,
1.055237054824829,
1.0551170110702515,
1.0550189018249512,
1.054847240447998,
1.054660677909851,
1.0545461177825928,
1.0544767379760742,
1.0543007850646973,
1.0540963411331177,
1.0540571212768555,
1.0539246797561646,
1.0538181066513062,
1.0537947416305542,
1.0537900924682617,
1.0536878108978271,
1.0536093711853027,
1.0534639358520508,
1.053394079208374,
1.0532747507095337,
1.0531407594680786,
1.0530833005905151,
1.0529054403305054,
1.052812099456787,
1.0526342391967773,
1.052536964416504,
1.0523911714553833,
1.0522733926773071,
1.0521107912063599,
1.0519654750823975,
1.0518115758895874,
1.0517581701278687,
1.0515015125274658,
1.0514153242111206,
1.0512338876724243,
1.0510390996932983,
1.0508867502212524,
1.050750494003296,
1.0506515502929688,
1.0504447221755981,
1.050333857536316,
1.050245761871338,
1.0500807762145996,
1.0499533414840698,
1.0498281717300415,
1.0497270822525024,
1.0496455430984497,
1.049520492553711,
1.049404263496399,
1.0492515563964844,
1.04915452003479,
1.0490354299545288,
1.0489908456802368,
1.0489039421081543,
1.0487693548202515,
1.0486397743225098,
1.0485148429870605,
1.0483860969543457,
1.0482183694839478,
1.0480812788009644,
1.0479698181152344,
1.0478827953338623,
1.0477453470230103,
1.047616958618164,
1.0475209951400757,
1.047317624092102,
1.0471898317337036,
1.0470765829086304,
1.0468486547470093,
1.0467485189437866,
1.0465357303619385,
1.0463348627090454,
1.0462449789047241,
1.0460810661315918,
1.04595148563385,
1.0457754135131836,
1.0456626415252686,
1.045556664466858,
1.0454026460647583,
1.0452700853347778,
1.0451244115829468,
1.0449376106262207,
1.0447237491607666,
1.0446228981018066,
1.0444996356964111,
1.04441499710083,
1.0441983938217163,
1.0440436601638794,
1.04389488697052,
1.0436811447143555,
1.0435835123062134,
1.0433757305145264,
1.043232798576355,
1.0430288314819336,
1.0428533554077148,
1.0426945686340332,
1.0424929857254028,
1.0422663688659668,
1.0421850681304932,
1.0420095920562744,
1.0418241024017334,
1.0415798425674438,
1.0414252281188965,
1.0411888360977173,
1.0410466194152832,
1.0408480167388916,
1.0406455993652344,
1.0404778718948364,
1.0402694940567017,
1.0388331413269043,
1.039823293685913,
1.039703130722046,
1.0394538640975952,
1.039333462715149,
1.0391182899475098,
1.0389372110366821,
1.0387650728225708,
1.0385493040084839,
1.0383493900299072,
1.0381675958633423,
1.0379230976104736,
1.0377367734909058,
1.037541389465332,
1.037322759628296,
1.0370696783065796,
1.0368916988372803,
1.0366849899291992,
1.0363516807556152,
1.0362054109573364,
1.0359691381454468,
1.0357779264450073,
1.0355069637298584,
1.035352110862732,
1.0350853204727173,
1.0347647666931152,
1.0346355438232422,
1.0343613624572754,
1.0342113971710205,
1.0340005159378052,
1.0337613821029663,
1.0335376262664795,
1.0333077907562256,
1.033079743385315,
1.0327662229537964,
1.0325336456298828,
1.0323140621185303,
1.0319913625717163,
1.0317051410675049,
1.0314102172851562,
1.031186819076538,
1.030968189239502,
1.0307273864746094,
1.0304718017578125,
1.0301820039749146,
1.029822587966919,
1.0295816659927368,
1.0293046236038208,
1.0278176069259644,
1.0288145542144775,
1.028509259223938,
1.0282636880874634,
1.027922511100769,
1.0276626348495483,
1.0274386405944824,
1.027086615562439,
1.0268044471740723,
1.02649986743927,
1.0261589288711548,
1.0259777307510376,
1.0256928205490112,
1.0253657102584839,
1.0250777006149292,
1.0247606039047241,
1.0245287418365479,
1.0241752862930298,
1.0238769054412842,
1.0235967636108398,
1.0233157873153687,
1.0230193138122559,
1.0226377248764038,
1.02238929271698,
1.0220991373062134,
1.0218335390090942,
1.021568775177002,
1.0212039947509766,
1.0208624601364136,
1.0205754041671753,
1.0202360153198242,
1.0198253393173218,
1.019508957862854,
1.0191932916641235,
1.018853783607483,
1.0185039043426514,
1.0181503295898438,
1.0177981853485107,
1.0175163745880127,
1.017177939414978,
1.0167449712753296,
1.0164753198623657,
1.0160598754882812,
1.01569664478302,
1.0153191089630127,
1.0149774551391602,
1.0146434307098389,
1.0141980648040771,
1.0138301849365234,
1.012290120124817,
1.0131580829620361,
1.012811303138733,
1.0124388933181763,
1.0120344161987305,
1.011699914932251,
1.0113061666488647,
1.010947823524475,
1.0105717182159424,
1.0101653337478638,
1.009850025177002,
1.009453296661377,
1.0090628862380981,
1.0086513757705688,
1.0082284212112427,
1.007811188697815,
1.0074108839035034,
1.0069879293441772,
1.006563663482666,
1.0061508417129517,
1.0057191848754883,
1.0052540302276611,
1.0047558546066284,
1.0043625831604004,
1.003899335861206,
1.0034937858581543,
1.0030697584152222,
1.0025595426559448,
1.0020341873168945,
1.0015956163406372,
1.0011333227157593,
1.0006357431411743,
1.0001423358917236,
0.9996331930160522,
0.9992202520370483,
0.998770534992218,
0.9982679486274719,
0.9977255463600159,
0.9972276091575623,
0.996707558631897,
0.9961214661598206,
0.9956489205360413,
0.9950010180473328,
0.9945340156555176,
0.993878185749054,
0.9933346509933472,
0.99283367395401,
0.992228627204895,
0.9916384220123291,
0.9910673499107361,
0.9904400110244751,
0.9898529052734375,
0.989249587059021,
0.9886173605918884,
0.9880580306053162,
0.9873218536376953,
0.9867482781410217,
0.9861038327217102,
0.985465407371521,
0.9848390221595764,
0.9841938018798828,
0.9834410548210144,
0.9828130602836609,
0.982121467590332,
0.9814690947532654,
0.9807628393173218,
0.9800640344619751,
0.9793806672096252,
0.9786635041236877,
0.978017270565033,
0.9772822856903076,
0.9765307307243347,
0.9758329391479492,
0.9751095771789551,
0.9744076728820801,
0.9735643267631531,
0.9728581309318542,
0.9720534682273865,
0.9713426828384399,
0.9706218838691711,
0.969873309135437,
0.9689680933952332,
0.9681976437568665,
0.9674129486083984,
0.9666510820388794,
0.965819239616394,
0.9650350213050842,
0.9641878604888916,
0.9633079171180725,
0.9624848365783691,
0.9616048336029053,
0.9607700705528259,
0.959936261177063,
0.9590182900428772,
0.9581442475318909,
0.9572528600692749,
0.9563597440719604,
0.9553336501121521,
0.9545356035232544,
0.9535213112831116,
0.9526201486587524,
0.9514818787574768,
0.9506974816322327,
0.9496707320213318,
0.9487684965133667,
0.947882354259491,
0.946868896484375,
0.9459194540977478,
0.9449278116226196,
0.943873941898346,
0.9428556561470032,
0.9418872594833374,
0.9408552050590515,
0.9397911429405212,
0.9387231469154358,
0.937701404094696,
0.9366366267204285,
0.9355934262275696,
0.9345358610153198,
0.9334976077079773,
0.9323666095733643,
0.9312174916267395,
0.9301681518554688,
0.9290494918823242,
0.9279371500015259,
0.9268007874488831,
0.9256797432899475,
0.92448890209198,
0.9233478307723999,
0.9221621751785278,
0.9209185838699341,
0.9197221398353577,
0.918440580368042,
0.9172766804695129,
0.9160429239273071,
0.9147390723228455,
0.9134154319763184,
0.9121749401092529,
0.910847544670105,
0.9096286296844482,
0.9083329439163208,
0.9069629311561584,
0.9056100249290466,
0.9042797684669495,
0.902910053730011,
0.9015250205993652,
0.9002121686935425,
0.8988440036773682,
0.8974952697753906,
0.8960660099983215,
0.8946914672851562,
0.8932231664657593,
0.8917965888977051,
0.890365719795227,
0.8888786435127258,
0.8874478936195374,
0.8858718872070312,
0.8844781517982483,
0.8831315636634827,
0.8817899823188782,
0.8806564807891846,
0.8806564807891846,
0.8806564807891846,
0.0,
0.0,
0.0,
0.0,
0.0,
0.0,
0.0,
0.0,
0.0,
0.0,
0.0,
0.0,
0.0,
0.0,
0.0,
0.0,
0.0,
0.0,
0.0,
0.0,
0.0,
0.0,
0.0,
0.0,
0.0,
0.0,
0.0,
0.0,
0.0,
0.0,
0.0,
0.0,
0.0,
0.0,
0.0,
0.0,
0.0,
0.0,
0.0,
0.0,
0.0,
0.0,
0.0,
0.0,
0.0,
0.0,
0.0,
0.0,
0.0,
0.0,
0.0,
0.0,
0.0,
0.0,
0.0,
0.0,
0.0,
0.0,
0.0,
0.0,
0.0,
0.0,
0.0,
0.0,
0.0,
0.0,
0.0,
0.0,
0.0,
0.0,
0.0,
0.0,
0.0,
0.0,
0.0,
0.0,
0.0,
0.0,
0.0,
0.0,
0.0,
0.0,
0.0,
0.0,
0.0,
0.0,
0.0,
0.0,
0.0,
0.0,
0.0,
0.0,
0.0,
0.0,
0.0,
0.0,
0.0,
0.0,
0.0,
0.0,
0.0,
0.0,
0.0,
0.0,
0.0,
0.0,
0.0,
0.0,
0.0,
0.0,
0.0,
0.0,
0.0,
0.0,
0.0,
0.0,
0.0,
0.0,
0.0,
0.0,
0.0,
0.0,
0.0,
0.0,
0.0,
0.0,
0.0,
0.0,
0.0,
0.0,
0.0,
0.0,
0.0,
0.0,
0.0,
0.0,
0.0,
0.0,
0.0,
0.0,
0.0,
0.0,
0.0,
0.0,
0.0,
0.0,
0.0,
0.0,
0.0,
0.0,
0.0,
0.0,
0.0,
0.0,
0.0,
0.0,
0.0,
0.0,
0.0,
0.0,
0.0,
0.0,
0.0,
0.0,
0.0,
0.0,
0.0,
0.0,
0.0,
0.0,
0.0,
0.0,
0.0,
0.0,
0.0,
0.0,
0.0,
0.0,
0.0,
0.0,
0.0,
0.0,
0.0,
0.0,
0.0,
0.0,
0.0,
0.0,
0.0,
0.0,
0.0,
0.0,
0.0,
0.0,
0.0,
0.0,
0.0,
0.0,
0.0,
0.0,
0.0,
0.0,
0.0,
0.0,
0.0,
0.0,
0.0,
0.0,
0.0,
0.0,
0.0,
0.0,
0.0,
0.0,
0.0,
0.0,
0.0,
0.0,
0.0,
0.0,
0.0,
0.0,
0.0,
0.0,
0.0,
0.0,
0.0,
0.0,
0.0,
0.0,
0.0,
0.0,
0.0,
0.0,
0.0,
0.0,
0.0,
0.0,
0.0,
0.0,
0.0,
0.0,
0.0,
0.0,
0.0,
0.0,
0.0,
0.0,
0.0,
0.0,
0.0,
0.0,
0.0,
0.0,
0.0,
0.0,
0.0,
0.0,
0.0,
0.0,
0.0,
0.0,
0.0,
0.0,
0.0,
0.0,
0.0,
0.0,
0.0,
0.0,
0.0,
0.0,
0.0,
0.0,
0.0,
0.0,
0.0,
0.0,
0.0,
0.0,
0.0,
0.0,
0.0,
0.0,
0.0,
0.0,
0.0,
0.0,
0.0,
0.0,
0.0,
0.0,
0.0,
0.0,
0.0,
0.0,
0.0,
0.0,
0.0,
0.0,
0.0,
0.0,
0.0,
0.0,
0.0,
0.0,
0.0,
0.0,
0.0,
0.0,
0.0,
0.0,
0.0,
0.0,
0.0,
0.0,
0.0,
0.0,
0.0,
0.0,
0.0,
0.0,
0.0,
0.0,
0.0,
0.0,
0.0,
0.0,
0.0,
0.0,
0.0,
0.0,
0.0,
0.0,
0.0,
0.0,
0.0,
0.0,
0.0,
0.0,
0.0,
0.0,
0.0,
0.0,
0.0,
0.0,
0.0,
0.0,
0.0,
0.0,
0.0,
0.0,
0.0,
0.0,
0.0,
0.0,
0.0,
0.0,
0.0,
0.0,
0.0,
0.0,
0.0,
0.0,
0.0,
0.0,
0.0,
0.0,
0.0,
0.0,
0.0,
0.0,
0.0,
0.0,
0.0,
0.0,
0.0,
0.0,
0.0,
0.0,
0.0,
0.0,
0.0,
0.0,
0.0,
0.0,
0.0,
0.0,
0.0,
0.0,
0.0,
0.0,
0.0,
0.0,
0.0,
0.0,
0.0,
0.0,
0.0,
0.0,
0.0,
0.0,
0.0,
0.0,
0.0,
0.0,
0.0,
0.0,
0.0,
0.0,
0.0,
0.0,
0.0,
0.0,
0.0,
0.0,
0.0,
0.0,
0.0,
0.0,
0.0,
0.0,
0.0,
0.0,
0.0,
0.0,
0.0,
0.0,
0.0,
0.0,
0.0,
0.0,
0.0,
0.0,
0.0,
0.0,
0.0,
0.0,
0.0,
0.0,
0.0,
0.0,
0.0,
0.0,
0.0,
0.0,
0.0,
0.0,
0.0,
0.0,
0.0,
0.0,
0.0,
0.0,
0.0,
0.0,
0.0,
0.0,
0.0,
0.0,
0.0,
0.0,
0.0,
0.0,
0.0,
0.0,
0.0,
0.0,
0.0,
0.0,
0.0,
0.0,
0.0,
0.0,
0.0,
0.0,
0.0,
0.0,
0.0,
0.0,
0.0,
0.0,
0.0,
0.0,
0.0,
0.0,
0.0,
0.0,
0.0,
0.0,
0.0,
0.0,
0.0,
0.0,
0.0,
0.0,
0.0,
0.0,
0.0,
0.0,
0.0,
0.0,
0.0,
0.0,
0.0,
0.0,
0.0,
0.0,
0.0,
0.0,
0.0,
0.0,
0.0,
0.0,
0.0,
0.0,
0.0,
0.0,
0.0,
0.0,
0.0,
0.0,
0.0,
0.0,
0.0,
0.0,
0.0,
0.0,
0.0,
0.0,
0.0,
0.0,
0.0,
0.0,
0.0,
0.0,
0.0,
0.0,
0.0,
0.0,
0.0,
0.0,
0.0,
0.0,
0.0,
0.0,
0.0,
0.0,
0.0,
0.0,
0.0,
0.0,
0.0,
0.0,
0.0,
0.0,
0.0,
0.0,
0.0,
0.0,
0.0,
0.0,
0.0,
0.0,
0.0,
0.0,
0.0,
0.0,
0.0,
0.0,
0.0,
0.0,
0.0,
0.0,
0.0,
0.0,
0.0,
0.0,
0.0,
0.0,
0.0,
0.0,
0.0,
0.0,
0.0,
0.0,
0.0,
0.0,
0.0,
0.0,
0.0,
0.0,
0.0,
0.0,
0.0,
0.0,
0.0,
0.0,
0.0,
0.0,
0.0,
0.0,
0.0,
0.0,
0.0,
0.0,
0.0,
0.0,
0.0,
0.0,
0.0,
0.0,
0.0,
0.0,
0.0,
0.0,
0.0,
0.0,
0.0,
0.0,
0.0,
0.0,
0.0,
0.0,
0.0,
0.0,
0.0,
0.0,
0.0,
0.0,
0.0,
0.0,
0.0,
0.0,
0.0,
0.0,
0.0,
0.0,
0.0,
0.0,
0.0,
0.0,
0.0,
0.0,
0.0,
0.0,
0.0,
0.0,
0.0,
0.0,
0.0,
0.0,
0.0,
0.0,
0.0,
0.0,
0.0,
0.0,
0.0,
0.0,
0.0,
0.0,
0.0,
0.0,
0.0,
0.0,
0.0,
0.0,
0.0,
0.0,
0.0,
0.0,
0.0,
0.0,
0.0,
0.0,
0.0,
0.0,
0.0,
0.0,
0.0,
0.0,
0.0,
0.0,
0.0,
0.0,
0.0,
0.0,
0.0,
0.0,
0.0,
0.0,
0.0,
0.0,
0.0,
0.0,
0.0,
0.0,
0.0,
0.0,
0.0,
0.0,
0.0,
0.0,
0.0,
0.0,
0.0,
0.0,
0.0,
0.0,
0.0,
0.0,
0.0,
0.0,
0.0,
0.0,
0.0,
0.0,
0.0,
0.0,
0.0,
0.0,
0.0,
0.0,
0.0,
0.0,
0.0,
0.0,
0.0,
0.0,
0.0,
0.0,
0.0,
0.0,
0.0,
0.0,
0.0,
0.0,
0.0,
0.0,
0.0,
0.0,
0.0,
0.0,
0.0,
0.0,
0.0,
0.0,
0.0,
0.0,
0.0,
0.0,
0.0,
0.0,
0.0,
0.0,
0.0,
0.0,
0.0,
0.0,
0.0,
0.0,
0.0,
0.0,
0.0,
0.0,
0.0,
0.0,
0.0,
0.0,
0.0,
0.0,
0.0,
0.0,
0.0,
0.0,
0.0,
0.0,
0.0,
0.0,
0.0,
0.0,
0.0,
0.0,
0.0,
0.0,
0.0,
0.0,
0.0,
0.0,
0.0,
0.0,
0.0,
0.0,
0.0,
0.0,
0.0,
0.0,
0.0,
0.0,
0.0,
0.0,
0.0,
0.0,
0.0,
0.0,
0.0,
0.0,
0.0,
0.0,
0.0,
0.0,
0.0,
0.0,
0.0,
0.0,
0.0,
0.0,
0.0,
0.0,
0.0,
0.0,
0.0,
0.0,
0.0,
0.0,
0.0,
0.0,
0.0,
0.0,
0.0,
0.0,
0.0,
0.0,
0.0,
0.0,
0.0,
0.0,
0.0,
0.0,
0.0,
0.0,
0.0,
0.0,
0.0,
0.0,
0.0,
0.0,
0.0,
0.0,
0.0,
0.0,
0.0,
0.0,
0.0,
0.0,
0.0,
0.0,
0.0,
0.0,
0.0,
0.0,
0.0,
0.0,
0.0,
0.0,
0.0,
0.0,
0.0,
0.0,
0.0,
0.0,
0.0,
0.0,
0.0,
0.0,
0.0,
0.0,
0.0,
0.0,
0.0,
0.0,
0.0,
0.0,
0.0,
0.0,
0.0,
0.0,
0.0,
0.0,
0.0,
0.0,
0.0,
0.0,
0.0,
0.0,
0.0,
0.0,
0.0,
0.0,
0.0,
0.0,
0.0,
0.0,
0.0,
0.0,
0.0,
0.0,
0.0,
0.0,
0.0,
0.0,
0.0,
0.0,
0.0,
0.0,
0.0,
0.0,
0.0,
0.0,
0.0,
0.0,
0.0,
0.0,
0.0,
0.0,
0.0,
0.0,
0.0,
0.0,
0.0,
0.0,
0.0,
0.0,
0.0,
0.0,
0.0,
0.0,
0.0,
0.0,
0.0,
0.0,
0.0,
0.0,
0.0,
0.0,
0.0,
0.0,
0.0,
0.0,
0.0,
0.0,
0.0,
0.0,
0.0,
0.0,
0.0,
0.0,
0.0,
0.0,
0.0,
0.0,
0.0,
0.0,
0.0,
0.0,
0.0,
0.0,
0.0,
0.0,
0.0,
0.0,
0.0,
0.0,
0.0,
0.0,
0.0,
0.0,
0.0,
0.0,
0.0,
0.0,
0.0,
0.0,
0.0,
0.0,
0.0,
0.0,
0.0,
0.0,
0.0,
0.0,
0.0,
0.0,
0.0,
0.0,
0.0,
0.0,
0.0,
0.0,
0.0,
0.0,
0.0,
0.0,
0.0,
0.0,
0.0,
0.0,
0.0,
0.0,
0.0,
0.0,
0.0,
0.0,
0.0,
0.0,
0.0,
0.0,
0.0,
0.0,
0.0,
0.0,
0.0,
0.0,
0.0,
0.0,
0.0,
0.0,
0.0,
0.0,
0.0,
0.0,
0.0,
0.0,
0.0,
0.0,
0.0,
0.0,
0.0,
0.0,
0.0,
0.0,
0.0,
0.0,
0.0,
0.0,
0.0,
0.0,
0.0,
0.0,
0.0,
0.0,
0.0,
0.0,
0.0,
0.0,
0.0,
0.0,
0.0,
0.0,
0.0,
0.0,
0.0,
0.0,
0.0,
0.0,
0.0,
0.0,
0.0,
0.0,
0.0,
0.0,
0.0,
0.0,
0.0,
0.0,
0.0,
0.0,
0.0,
0.0,
0.0,
0.0,
0.0,
0.0,
0.0,
0.0,
0.0,
0.0,
0.0,
0.0,
0.0,
0.0,
0.0,
0.0,
0.0,
0.0,
0.0,
0.0,
0.0,
0.0,
0.0,
0.0,
0.0,
0.0,
0.0,
0.0,
0.0,
0.0,
0.0,
0.0,
0.0,
0.0,
0.0,
0.0,
0.0,
0.0,
0.0,
0.0,
0.0,
0.0,
0.0,
0.0,
0.0,
0.0,
0.0,
0.0,
0.0,
0.0,
0.0,
0.0,
0.0,
0.0,
0.0,
0.0,
0.0,
0.0,
0.0,
0.0,
0.0,
0.0,
0.0,
0.0,
0.0,
0.0,
0.0,
0.0,
0.0,
0.0,
0.0,
0.0,
0.0,
0.0,
0.0,
0.0,
0.0,
0.0,
0.0,
0.0,
0.0,
0.0,
0.0,
0.0,
0.0,
0.0,
0.0,
0.0,
0.0,
0.0,
0.0,
0.0,
0.0,
0.0,
0.0,
0.0,
0.0,
0.0,
0.0,
0.0,
0.0,
0.0,
0.0,
0.0,
0.0,
0.0,
0.0,
0.0,
0.0,
0.0,
0.0,
0.0,
0.0,
0.0,
0.0,
0.0,
0.0,
0.0,
0.0,
0.0,
0.0,
0.0,
0.0,
0.0,
0.0,
0.0,
0.0,
0.0,
0.0,
0.0,
0.0,
0.0,
0.0,
0.0,
0.0,
0.0,
0.0,
0.0,
0.0,
0.0,
0.0,
0.0,
0.0,
0.0,
0.0,
0.0,
0.0,
0.0,
0.0,
0.0,
0.0,
0.0,
0.0,
0.0,
0.0,
0.0,
0.0,
0.0,
0.0,
0.0,
0.0,
0.0,
0.0,
0.0,
0.0,
0.0,
0.0,
0.0,
0.0,
0.0,
0.0,
0.0,
0.0,
0.0,
0.0,
0.0,
0.0,
0.0,
0.0,
0.0,
0.0,
0.0,
0.0,
0.0,
0.0,
0.0,
0.0,
0.0,
0.0,
0.0,
0.0,
0.0,
0.0,
0.0,
0.0,
0.0,
0.0,
0.0,
0.0,
0.0,
0.0,
0.0,
0.0,
0.0,
0.0,
0.0,
0.0,
0.0,
0.0,
0.0,
0.0,
0.0,
0.0,
0.0,
0.0,
0.0,
0.0,
0.0,
0.0,
0.0,
0.0,
0.0,
0.0,
0.0,
0.0,
0.0,
0.0,
0.0,
0.0,
0.0,
0.0,
0.0,
0.0,
0.0,
0.0,
0.0,
0.0,
0.0,
0.0,
0.0,
0.0,
0.0,
0.0,
0.0,
0.0,
0.0,
0.0,
0.0,
0.0,
0.0,
0.0,
0.0,
0.0,
0.0,
0.0,
0.0,
0.0,
0.0,
0.0,
0.0,
0.0,
0.0,
0.0,
0.0,
0.0,
0.0,
0.0,
0.0,
0.0,
0.0,
0.0,
0.0,
0.0,
0.0,
0.0,
0.0,
0.0,
0.0,
0.0,
0.0,
0.0,
0.0,
0.0,
0.0,
0.0,
0.0,
0.0,
0.0,
0.0,
0.0,
0.0,
0.0,
0.0,
0.0,
0.0,
0.0,
0.0,
0.0,
0.0,
0.0,
0.0,
0.0,
0.0,
0.0,
0.0,
0.0,
0.0,
0.0,
0.0,
0.0,
0.0,
0.0,
0.0,
0.0,
0.0,
0.0,
0.0,
0.0,
0.0,
0.0,
0.0,
0.0,
0.0,
0.0,
0.0,
0.0,
0.0,
0.0,
0.0,
0.0,
0.0,
0.0,
0.0,
0.0,
0.0,
0.0,
0.0,
0.0,
0.0,
0.0,
0.0,
0.0,
0.0,
0.0,
0.0,
0.0,
0.0,
0.0,
0.0,
0.0,
0.0,
0.0,
0.0,
0.0,
0.0,
0.0,
0.0,
0.0,
0.0,
0.0,
0.0,
0.0,
0.0,
0.0,
0.0,
0.0,
0.0,
