1.067467212677002,
1.068023681640625,
1.0685793161392212,
1.0689353942871094,
1.069345474243164,
1.0696204900741577,
1.069675087928772,
1.0698928833007812,
1.0698838233947754,
1.0700043439865112,
1.0700950622558594,
1.070094108581543,
1.0699189901351929,
1.070003867149353,
1.0700381994247437,
1.070153832435608,
1.0701316595077515,
1.07008695602417,
1.0699752569198608,
1.0699589252471924,
1.0699667930603027,
1.0698708295822144,
1.0698977708816528,
1.069944143295288,
1.0699619054794312,
1.0698812007904053,
1.0698273181915283,
1.0698293447494507,
1.0697821378707886,
1.0697418451309204,
1.0697532892227173,
1.0696768760681152,
1.0698215961456299,
1.069737434387207,
1.0697888135910034,
1.0697498321533203,
1.0696473121643066,
1.0695271492004395,
1.0694948434829712,
1.0694091320037842,
1.069381594657898,
1.069322943687439,
1.069231629371643,
1.0692696571350098,
1.0693073272705078,
1.0694160461425781,
1.0692939758300781,
1.0692222118377686,
1.0692839622497559,
1.0691702365875244,
1.069173812866211,
1.0691543817520142,
1.0691272020339966,
1.0691221952438354,
1.0690736770629883,
1.0678836107254028,
1.068939208984375,
1.0689886808395386,
1.068992257118225,
1.0689200162887573,
1.0688682794570923,
1.0687774419784546,
1.0687410831451416,
1.0686269998550415,
1.0686880350112915,
1.068652629852295,
1.0685194730758667,
1.068485140800476,
1.0683932304382324,
1.0683493614196777,
1.0682581663131714,
1.0681284666061401,
1.0681102275848389,
1.0680261850357056,
1.0680413246154785,
1.0680302381515503,
1.0679627656936646,
1.0679216384887695,
1.067893147468567,
1.0678030252456665,
1.0678184032440186,
1.067753553390503,
1.067794919013977,
1.0678054094314575,
1.0677069425582886,
1.0676971673965454,
1.0677424669265747,
1.0665782690048218,
1.0677541494369507,
1.0676641464233398,
1.0677224397659302,
1.0675686597824097,
1.0675010681152344,
1.0674195289611816,
1.0673003196716309,
1.0673038959503174,
1.0673013925552368,
1.0672014951705933,
1.0671082735061646,
1.067001461982727,
1.0670382976531982,
1.067010521888733,
1.0669370889663696,
1.0669573545455933,
1.0669828653335571,
1.0667905807495117,
1.0666824579238892,
1.066627025604248,
1.0666024684906006,
1.06654953956604,
1.0666093826293945,
1.0665196180343628,
1.0666790008544922,
1.0666886568069458,
1.0666815042495728,
1.0666764974594116,
1.0666555166244507,
1.066597819328308,
1.0665557384490967,
1.0666344165802002,
1.0666179656982422,
1.0667098760604858,
1.06666898727417,
1.0665779113769531,
1.0664973258972168,
1.0664933919906616,
1.0665210485458374,
1.0664488077163696,
1.0663384199142456,
1.0661886930465698,
1.0661921501159668,
1.0662013292312622,
1.0661072731018066,
1.065983533859253,
1.0659440755844116,
1.0658780336380005,
1.0659058094024658,
1.0658900737762451,
1.0656956434249878,
1.0656577348709106,
1.0656660795211792,
1.065582275390625,
1.0655406713485718,
1.0654414892196655,
1.0655982494354248,
1.0656471252441406,
1.065724492073059,
1.0656646490097046,
1.065627098083496,
1.065550684928894,
1.0655372142791748,
1.0654302835464478,
1.0654292106628418,
1.0653496980667114,
1.0655195713043213,
1.0654711723327637,
1.0653084516525269,
1.0651589632034302,
1.065201759338379,
1.065101981163025,
1.064966082572937,
1.0650190114974976,
1.0649502277374268,
1.0648008584976196,
1.0647114515304565,
1.0645866394042969,
1.064527988433838,
1.0644943714141846,
1.064440369606018,
1.0643665790557861,
1.0643266439437866,
1.064319372177124,
1.064193844795227,
1.0641964673995972,
1.0642237663269043,
1.0643051862716675,
1.0642776489257812,
1.0641921758651733,
1.064204216003418,
1.0643106698989868,
1.0641893148422241,
1.064060091972351,
1.0640755891799927,
1.063960075378418,
1.0639736652374268,
1.0640394687652588,
1.0639739036560059,
1.0638657808303833,
1.0638142824172974,
1.0637723207473755,
1.0637062788009644,
1.0636816024780273,
1.0635647773742676,
1.0635261535644531,
1.0635671615600586,
1.063407063484192,
1.0633987188339233,
1.0633829832077026,
1.0632460117340088,
1.0631664991378784,
1.063056230545044,
1.0628998279571533,
1.0628143548965454,
1.0627925395965576,
1.062795639038086,
1.062704086303711,
1.062654972076416,
1.0627799034118652,
1.0628365278244019,
1.0626444816589355,
1.062671184539795,
1.06270170211792,
1.062737226486206,
1.0626649856567383,
1.0626220703125,
1.062634825706482,
1.0626393556594849,
1.0613309144973755,
1.0624959468841553,
1.062386155128479,
1.0623725652694702,
1.0623869895935059,
1.0622984170913696,
1.0623804330825806,
1.0623083114624023,
1.0622140169143677,
1.0621750354766846,
1.0621334314346313,
1.062086820602417,
1.0620331764221191,
1.0619429349899292,
1.061936855316162,
1.0619871616363525,
1.0617780685424805,
1.06168794631958,
1.061699390411377,
1.061603307723999,
1.0615813732147217,
1.0615248680114746,
1.0615500211715698,
1.0614991188049316,
1.061467170715332,
1.0615922212600708,
1.0614863634109497,
1.061432123184204,
1.0613394975662231,
1.0613468885421753,
1.061296820640564,
1.0612411499023438,
1.0611516237258911,
1.060182809829712,
1.0611274242401123,
1.0610947608947754,
1.0608192682266235,
1.0607855319976807,
1.0606886148452759,
1.0605754852294922,
1.0606577396392822,
1.0605616569519043,
1.0605131387710571,
1.0604151487350464,
1.0603752136230469,
1.0603286027908325,
1.0602360963821411,
1.0602003335952759,
1.0601812601089478,
1.0601686239242554,
1.0600745677947998,
1.0600178241729736,
1.0599405765533447,
1.0599274635314941,
1.059812307357788,
1.0598640441894531,
1.0597710609436035,
1.05972158908844,
1.0596837997436523,
1.0596239566802979,
1.0596128702163696,
1.0595420598983765,
1.059464931488037,
1.0594197511672974,
1.0594425201416016,
1.0593292713165283,
1.059282898902893,
1.0592316389083862,
1.059190273284912,
1.059159517288208,
1.0590628385543823,
1.0590362548828125,
1.0590118169784546,
1.0588363409042358,
1.0588277578353882,
1.0587271451950073,
1.058700442314148,
1.0586671829223633,
1.058632493019104,
1.0586191415786743,
1.0584815740585327,
1.0584522485733032,
1.0582795143127441,
1.058324933052063,
1.0581893920898438,
1.0580589771270752,
1.0581566095352173,
1.0580956935882568,
1.0579650402069092,
1.0579206943511963,
1.057924509048462,
1.0578701496124268,
1.0578604936599731,
1.0578752756118774,
1.0577577352523804,
1.0576558113098145,
1.0575183629989624,
1.0576242208480835,
1.0575426816940308,
1.0575098991394043,
1.0571688413619995,
1.057360053062439,
1.0574883222579956,
1.057488203048706,
1.0573906898498535,
1.0572363138198853,
1.057158350944519,
1.0571366548538208,
1.0570964813232422,
1.057034969329834,
1.0570120811462402,
1.0569449663162231,
1.056795358657837,
1.0568492412567139,
1.0567456483840942,
1.0566798448562622,
1.0565911531448364,
1.0565985441207886,
1.0564320087432861,
1.0564677715301514,
1.0564560890197754,
1.0563747882843018,
1.0562171936035156,
1.0561679601669312,
1.0561037063598633,
1.0560849905014038,
1.0560870170593262,
1.0560216903686523,
1.0560051202774048,
1.0559180974960327,
1.0558398962020874,
1.0558018684387207,
1.0557029247283936,
1.0556787252426147,
1.0544357299804688,
1.0555834770202637,
1.0555152893066406,
1.055376648902893,
1.055474877357483,
1.0554412603378296,
1.0552836656570435,
1.0552492141723633,
1.05519700050354,
1.055169701576233,
1.055073857307434,
1.055081844329834,
1.0549392700195312,
1.0548659563064575,
1.0548021793365479,
1.0548431873321533,
1.0547749996185303,
1.054707646369934,
1.0547215938568115,
1.0546683073043823,
1.0545469522476196,
1.0544527769088745,
1.0544592142105103,
1.054452657699585,
1.0543347597122192,
1.0543051958084106,
1.0543341636657715,
1.0542163848876953,
1.0541744232177734,
1.0541832447052002,
1.05418062210083,
1.0540333986282349,
1.0541046857833862,
1.0540488958358765,
1.0527968406677246,
1.0540388822555542,
1.0540026426315308,
1.0539193153381348,
1.0538347959518433,
1.0537558794021606,
1.0536761283874512,
1.0537207126617432,
1.0536478757858276,
1.0536800622940063,
1.05356764793396,
1.0535331964492798,
1.0534788370132446,
1.053459882736206,
1.0533897876739502,
1.0534379482269287,
1.0532348155975342,
1.0532269477844238,
1.053269863128662,
1.0531636476516724,
1.0530452728271484,
1.0529332160949707,
1.0528769493103027,
1.052838921546936,
1.0527987480163574,
1.0527886152267456,
1.0527511835098267,
1.0527276992797852,
1.0527271032333374,
1.0526304244995117,
1.052589774131775,
1.0526208877563477,
1.0524907112121582,
1.052403211593628,
1.0523382425308228,
1.0523349046707153,
1.0522907972335815,
1.0522892475128174,
1.052097201347351,
1.0520604848861694,
1.0520329475402832,
1.0519466400146484,
1.052014946937561,
1.051917314529419,
1.051857829093933,
1.051850438117981,
1.0517675876617432,
1.051771879196167,
1.0517510175704956,
1.0516427755355835,
1.0516386032104492,
1.0515282154083252,
1.0514949560165405,
1.051535725593567,
1.0514075756072998,
1.0514659881591797,
1.0513346195220947,
1.0512027740478516,
1.0512259006500244,
1.051166296005249,
1.051059603691101,
1.0510447025299072,
1.0510075092315674,
1.0509119033813477,
1.0508793592453003,
1.0508744716644287,
1.050761342048645,
1.0507909059524536,
1.0507079362869263,
1.0506651401519775,
1.0506502389907837,
1.0505437850952148,
1.050466537475586,
1.0503872632980347,
1.050305724143982,
1.0502482652664185,
1.0502437353134155,
1.0501797199249268,
1.0501387119293213,
1.0500701665878296,
1.049981951713562,
1.0498913526535034,
1.0498754978179932,
1.0498203039169312,
1.0497164726257324,
1.0496065616607666,
1.0495941638946533,
1.0495496988296509,
1.0494171380996704,
1.0494028329849243,
1.0492671728134155,
1.0492045879364014,
1.049100399017334,
1.0490942001342773,
1.0491020679473877,
1.0490810871124268,
1.049041986465454,
1.0489598512649536,
1.0489546060562134,
1.0490254163742065,
1.0488835573196411,
1.048856496810913,
1.0488702058792114,
1.0475987195968628,
1.048761010169983,
1.0487077236175537,
1.0486515760421753,
1.0485873222351074,
1.048539400100708,
1.0484784841537476,
1.0484334230422974,
1.0484422445297241,
1.0482906103134155,
1.0482144355773926,
1.0482722520828247,
1.048137903213501,
1.0480057001113892,
1.0480345487594604,
1.0478782653808594,
1.0477951765060425,
1.0476926565170288,
1.0476009845733643,
1.047593116760254,
1.0475366115570068,
1.0474653244018555,
1.047433853149414,
1.0474239587783813,
1.0471943616867065,
1.0471781492233276,
1.04719877243042,
1.047142744064331,
1.0470517873764038,
1.0470548868179321,
1.046930193901062,
1.0468876361846924,
1.046756625175476,
1.0468379259109497,
1.0467731952667236,
1.0467579364776611,
1.0467138290405273,
1.0465619564056396,
1.0464966297149658,
1.0463567972183228,
1.0463299751281738,
1.0462135076522827,
1.0461907386779785,
1.0461777448654175,
1.0460593700408936,
1.0459661483764648,
1.0459195375442505,
1.0458334684371948,
1.0458232164382935,
1.045649528503418,
1.0456360578536987,
1.0455046892166138,
1.0454981327056885,
1.0453435182571411,
1.0452193021774292,
1.0451655387878418,
1.0449693202972412,
1.0448813438415527,
1.0448887348175049,
1.0449086427688599,
1.044804334640503,
1.0448020696640015,
1.0447648763656616,
1.0447176694869995,
1.0447354316711426,
1.0447074174880981,
1.0446968078613281,
1.0446449518203735,
1.0446234941482544,
1.043368935585022,
1.0445830821990967,
1.0445464849472046,
1.0443545579910278,
1.0444058179855347,
1.0443174839019775,
1.0442367792129517,
1.0440969467163086,
1.0440053939819336,
1.0439167022705078,
1.0438898801803589,
1.0438517332077026,
1.0437031984329224,
1.0436705350875854,
1.043541669845581,
1.0434982776641846,
1.0434808731079102,
1.0433709621429443,
1.0432851314544678,
1.0431854724884033,
1.0430610179901123,
1.0430160760879517,
1.0429937839508057,
1.0428636074066162,
1.0428162813186646,
1.042746663093567,
1.042759895324707,
1.04265296459198,
1.0426650047302246,
1.0425076484680176,
1.042494535446167,
1.042385458946228,
1.0424280166625977,
1.0423487424850464,
1.04231858253479,
1.041008472442627,
1.0422300100326538,
1.0422264337539673,
1.0421814918518066,
1.0421102046966553,
1.0420030355453491,
1.0419049263000488,
1.041864037513733,
1.0417841672897339,
1.041690707206726,
1.041709303855896,
1.0416291952133179,
1.0415740013122559,
1.0414892435073853,
1.0413938760757446,
1.0413408279418945,
1.0412518978118896,
1.0412124395370483,
1.041119933128357,
1.0410962104797363,
1.041009545326233,
1.0409330129623413,
1.0408626794815063,
1.0407878160476685,
1.0406955480575562,
1.040701150894165,
1.04058837890625,
1.0405163764953613,
1.040450930595398,
1.040376901626587,
1.0402750968933105,
1.0402568578720093,
1.0401804447174072,
1.0400538444519043,
1.040002703666687,
1.0387568473815918,
1.0399168729782104,
1.0399032831192017,
1.0397793054580688,
1.0397382974624634,
1.0396467447280884,
1.0395731925964355,
1.039543867111206,
1.0394542217254639,
1.0393990278244019,
1.0393145084381104,
1.039244532585144,
1.0391511917114258,
1.039069414138794,
1.039004921913147,
1.038996696472168,
1.0388846397399902,
1.0388742685317993,
1.038785457611084,
1.038711667060852,
1.0386216640472412,
1.0385074615478516,
1.038388729095459,
1.038366675376892,
1.0382500886917114,
1.0382472276687622,
1.0381691455841064,
1.038086175918579,
1.0380600690841675,
1.0378739833831787,
1.0378395318984985,
1.0378150939941406,
1.0377326011657715,
1.0376769304275513,
1.0375573635101318,
1.0362613201141357,
1.0374104976654053,
1.0373549461364746,
1.0373146533966064,
1.0372402667999268,
1.0371052026748657,
1.0370688438415527,
1.0370255708694458,
1.036922574043274,
1.036816954612732,
1.0368238687515259,
1.0367116928100586,
1.036641240119934,
1.0365359783172607,
1.0364285707473755,
1.0363889932632446,
1.0363184213638306,
1.0362257957458496,
1.0361785888671875,
1.0361214876174927,
1.036008358001709,
1.03592050075531,
1.03585684299469,
1.0358436107635498,
1.0357604026794434,
1.0356873273849487,
1.035666823387146,
1.0355377197265625,
1.0354539155960083,
1.0353906154632568,
1.0353127717971802,
1.03519606590271,
1.035129427909851,
1.0349785089492798,
1.0349231958389282,
1.0347974300384521,
1.0347247123718262,
1.0347365140914917,
1.034684419631958,
1.0346252918243408,
1.0345417261123657,
1.0344349145889282,
1.0343080759048462,
1.0341461896896362,
1.034088134765625,
1.0339723825454712,
1.0338444709777832,
1.0337655544281006,
1.0336071252822876,
1.0336021184921265,
1.0334899425506592,
1.0334612131118774,
1.033425211906433,
1.0332435369491577,
1.0331966876983643,
1.033105731010437,
1.0330039262771606,
1.0329196453094482,
1.0328837633132935,
1.032801628112793,
1.0326738357543945,
1.0325967073440552,
1.0325199365615845,
1.0324040651321411,
1.0323110818862915,
1.0322448015213013,
1.0321667194366455,
1.0320841073989868,
1.0320149660110474,
1.0319300889968872,
1.0318241119384766,
1.0316556692123413,
1.0316367149353027,
1.0316106081008911,
1.0315520763397217,
1.0314685106277466,
1.0313771963119507,
1.0313202142715454,
1.0312297344207764,
1.0311261415481567,
1.0310111045837402,
1.0309107303619385,
1.0308009386062622,
1.0307592153549194,
1.030696988105774,
1.030517578125,
1.0304487943649292,
1.030327558517456,
1.0302183628082275,
1.0301566123962402,
1.0300872325897217,
1.0299861431121826,
1.0299052000045776,
1.0297740697860718,
1.0296099185943604,
1.0296039581298828,
1.0295113325119019,
1.0293761491775513,
1.0293467044830322,
1.0292428731918335,
1.0291918516159058,
1.0290688276290894,
1.0289485454559326,
1.0288357734680176,
1.0287634134292603,
1.028632402420044,
1.0285680294036865,
1.027220606803894,
1.028327465057373,
1.0282986164093018,
1.028259515762329,
1.0281219482421875,
1.0280877351760864,
1.0279786586761475,
1.027925729751587,
1.0278072357177734,
1.0277122259140015,
1.027558445930481,
1.0275464057922363,
1.0273817777633667,
1.0273445844650269,
1.027246117591858,
1.027108907699585,
1.0270136594772339,
1.026885747909546,
1.0268874168395996,
1.0267062187194824,
1.0266133546829224,
1.0265014171600342,
1.0263713598251343,
1.0261991024017334,
1.0260993242263794,
1.02606999874115,
1.025901198387146,
1.0259126424789429,
1.0257785320281982,
1.0256714820861816,
1.0255496501922607,
1.025490164756775,
1.025390863418579,
1.025324821472168,
1.025164008140564,
1.025032877922058,
1.0236576795578003,
1.0248368978500366,
1.0247251987457275,
1.0245592594146729,
1.0245120525360107,
1.0243549346923828,
1.0243191719055176,
1.0241203308105469,
1.0239918231964111,
1.02387273311615,
1.0237560272216797,
1.0236016511917114,
1.0234932899475098,
1.0233393907546997,
1.023168683052063,
1.0230681896209717,
1.0229042768478394,
1.0227547883987427,
1.0226521492004395,
1.0224814414978027,
1.02239191532135,
1.0222467184066772,
1.022114634513855,
1.0219541788101196,
1.0217951536178589,
1.0216139554977417,
1.0215368270874023,
1.0213698148727417,
1.021252989768982,
1.02110755443573,
1.020995855331421,
1.0208637714385986,
1.020667552947998,
1.0205365419387817,
1.0204194784164429,
1.0202678442001343,
1.0200788974761963,
1.0200605392456055,
1.0198818445205688,
1.0197705030441284,
1.0196582078933716,
1.0195239782333374,
1.0194092988967896,
1.0192221403121948,
1.0190603733062744,
1.018884301185608,
1.0187251567840576,
1.0186026096343994,
1.018466591835022,
1.018326997756958,
1.0181443691253662,
1.017991065979004,
1.0178866386413574,
1.017714262008667,
1.0175437927246094,
1.0173592567443848,
1.017232894897461,
1.0170460939407349,
1.0169095993041992,
1.0166488885879517,
1.0164539813995361,
1.016288161277771,
1.0161173343658447,
1.0159094333648682,
1.015728235244751,
1.0155794620513916,
1.015455961227417,
1.0152649879455566,
1.0150837898254395,
1.0149869918823242,
1.0147366523742676,
1.0146572589874268,
1.0144374370574951,
1.0130257606506348,
1.014070749282837,
1.0138427019119263,
1.0136818885803223,
1.0135294198989868,
1.0132505893707275,
1.013013243675232,
1.0128147602081299,
1.0126439332962036,
1.0123941898345947,
1.0121729373931885,
1.0119764804840088,
1.0117660760879517,
1.0116424560546875,
1.0114147663116455,
1.0112409591674805,
1.010942816734314,
1.0108119249343872,
1.01055109500885,
1.01034677028656,
1.0101611614227295,
1.0099185705184937,
1.0096378326416016,
1.009425401687622,
1.0091946125030518,
1.0089353322982788,
1.0086891651153564,
1.00847327709198,
1.008270025253296,
1.008016586303711,
1.0077731609344482,
1.0074478387832642,
1.0072752237319946,
1.006946086883545,
1.0067135095596313,
1.0064626932144165,
1.006177544593811,
1.0046664476394653,
1.005679965019226,
1.0054327249526978,
1.0051522254943848,
1.0048487186431885,
1.0046731233596802,
1.0043407678604126,
1.004013180732727,
1.0037206411361694,
1.0034360885620117,
1.0031681060791016,
1.0028529167175293,
1.0025655031204224,
1.0023752450942993,
1.002012014389038,
1.001702904701233,
1.0013582706451416,
1.0010318756103516,
1.000731110572815,
1.0004452466964722,
1.000081181526184,
0.9997380971908569,
0.9994404315948486,
0.9991574287414551,
0.9987586736679077,
0.9984198212623596,
0.9981545805931091,
0.9977831244468689,
0.9974644780158997,
0.9971069693565369,
0.9967641830444336,
0.9964434504508972,
0.996035099029541,
0.9957360029220581,
0.995291531085968,
0.9948731660842896,
0.9945712089538574,
0.994209349155426,
0.9938467144966125,
0.993376612663269,
0.9930568337440491,
0.9927175641059875,
0.9922711849212646,
0.9918856620788574,
0.9913706183433533,
0.9909374713897705,
0.9905937910079956,
0.9901147484779358,
0.9897109270095825,
0.9893513321876526,
0.9888663291931152,
0.9884985089302063,
0.9879863262176514,
0.9875436425209045,
0.9871431589126587,
0.9866564869880676,
0.9862102270126343,
0.9857504367828369,
0.9853561520576477,
0.984835684299469,
0.9843706488609314,
0.9839115142822266,
0.9834793210029602,
0.9830232262611389,
0.9825567007064819,
0.9819789528846741,
0.9815940856933594,
0.9809556007385254,
0.9804847240447998,
0.9799609184265137,
0.9794731736183167,
0.9789465069770813,
0.9784294962882996,
0.9779075980186462,
0.9773659706115723,
0.9768185615539551,
0.9762606024742126,
0.9757179021835327,
0.9752702116966248,
0.9746960997581482,
0.9741162061691284,
0.9735767245292664,
0.9730147123336792,
0.9724201560020447,
0.9718812704086304,
0.9712591767311096,
0.9706539511680603,
0.9700697064399719,
0.9694694876670837,
0.9689043164253235,
0.9682905673980713,
0.9677325487136841,
0.9671910405158997,
0.966556191444397,
0.9659075140953064,
0.9652698636054993,
0.9647499918937683,
0.9641650915145874,
0.9631307721138,
0.9629298448562622,
0.9623258709907532,
0.9617300033569336,
0.9611248970031738,
0.9605279564857483,
0.9597570300102234,
0.9592800140380859,
0.9585258364677429,
0.957952618598938,
0.9572886824607849,
0.9566360712051392,
0.9560297131538391,
0.9553895592689514,
0.9547367691993713,
0.9540385603904724,
0.9534475803375244,
0.9527522921562195,
0.9520952701568604,
0.9514905214309692,
0.9508296847343445,
0.9501885771751404,
0.9495519399642944,
0.9488686323165894,
0.9482312202453613,
0.9476410746574402,
0.9469596147537231,
0.9462894797325134,
0.9456358551979065,
0.9449039697647095,
0.9442641735076904,
0.9435854554176331,
0.9429347515106201,
0.9422564506530762,
0.9415780901908875,
0.9409421682357788,
0.9403164386749268,
0.9395422339439392,
0.9389781951904297,
0.9382763504981995,
0.9375638365745544,
0.9369317293167114,
0.9362565875053406,
0.9356250762939453,
0.9349240660667419,
0.9342735409736633,
0.9336400032043457,
0.9330039024353027,
0.9322960376739502,
0.9316929578781128,
0.9310635924339294,
0.9303163290023804,
0.9297366142272949,
0.9290786981582642,
0.9283921122550964,
0.9277400970458984,
0.92705899477005,
0.9264750480651855,
0.9257532358169556,
0.9239168167114258,
0.9244452714920044,
0.9238300323486328,
0.9232062101364136,
0.9225637316703796,
0.9219027757644653,
0.9212981462478638,
0.9206498861312866,
0.9199826717376709,
0.9193373322486877,
0.9186858534812927,
0.9180733561515808,
0.9174280762672424,
0.9167549014091492,
0.9161304235458374,
0.9154601097106934,
0.9148179888725281,
0.9142180681228638,
0.9135733842849731,
0.9128820300102234,
0.9122880697250366,
0.9116537570953369,
0.911041259765625,
0.9104150533676147,
0.9097378849983215,
0.9091023206710815,
0.9084998369216919,
0.9078476428985596,
0.9071947932243347,
0.9065706729888916,
0.9059544205665588,
0.905314564704895,
0.9046238660812378,
0.9040318131446838,
0.9034167528152466,
0.9027705192565918,
0.9021872282028198,
0.9015131592750549,
0.9009194374084473,
0.9002472758293152,
0.8996241092681885,
0.8989598155021667,
0.8983186483383179,
0.8965359330177307,
0.8971353769302368,
0.8964700698852539,
0.8958392143249512,
0.8952500820159912,
0.8946043848991394,
0.8939394950866699,
0.8933343887329102,
0.8926815390586853,
0.8920432329177856,
0.8914141654968262,
0.8907833695411682,
0.8901704549789429,
0.8895628452301025,
0.8889085650444031,
0.888237476348877,
0.8876066207885742,
0.8869553804397583,
0.8862742781639099,
0.8856732249259949,
0.8851884007453918,
0.8844891786575317,
0.8839632272720337,
0.8831964135169983,
0.8825904130935669,
0.882013201713562,
0.8813359141349792,
0.8807687759399414,
0.8804073929786682,
0.8800390362739563,
0.8800390362739563,
0.8800390362739563,
0.0,
0.0,
0.0,
0.0,
0.0,
0.0,
0.0,
0.0,
0.0,
0.0,
0.0,
0.0,
0.0,
0.0,
0.0,
0.0,
0.0,
0.0,
0.0,
0.0,
0.0,
0.0,
0.0,
0.0,
0.0,
0.0,
0.0,
0.0,
0.0,
0.0,
0.0,
0.0,
0.0,
0.0,
0.0,
0.0,
0.0,
0.0,
0.0,
0.0,
0.0,
0.0,
0.0,
0.0,
0.0,
0.0,
0.0,
0.0,
0.0,
0.0,
0.0,
0.0,
0.0,
0.0,
0.0,
0.0,
0.0,
0.0,
0.0,
0.0,
0.0,
0.0,
0.0,
0.0,
0.0,
0.0,
0.0,
0.0,
0.0,
0.0,
0.0,
0.0,
0.0,
0.0,
0.0,
0.0,
0.0,
0.0,
0.0,
0.0,
0.0,
0.0,
0.0,
0.0,
0.0,
0.0,
0.0,
0.0,
0.0,
0.0,
0.0,
0.0,
0.0,
0.0,
0.0,
0.0,
0.0,
0.0,
0.0,
0.0,
0.0,
0.0,
0.0,
0.0,
0.0,
0.0,
0.0,
0.0,
0.0,
0.0,
0.0,
0.0,
0.0,
0.0,
0.0,
0.0,
0.0,
0.0,
0.0,
0.0,
0.0,
0.0,
0.0,
0.0,
0.0,
0.0,
0.0,
0.0,
0.0,
0.0,
0.0,
0.0,
0.0,
0.0,
0.0,
0.0,
0.0,
0.0,
0.0,
0.0,
0.0,
0.0,
0.0,
0.0,
0.0,
0.0,
0.0,
0.0,
0.0,
0.0,
0.0,
0.0,
0.0,
0.0,
0.0,
0.0,
0.0,
0.0,
0.0,
0.0,
0.0,
0.0,
0.0,
0.0,
0.0,
0.0,
0.0,
0.0,
0.0,
0.0,
0.0,
0.0,
0.0,
0.0,
0.0,
0.0,
0.0,
0.0,
0.0,
0.0,
0.0,
0.0,
0.0,
0.0,
0.0,
0.0,
0.0,
0.0,
0.0,
0.0,
0.0,
0.0,
0.0,
0.0,
0.0,
0.0,
0.0,
0.0,
0.0,
0.0,
0.0,
0.0,
0.0,
0.0,
0.0,
0.0,
0.0,
0.0,
0.0,
0.0,
0.0,
0.0,
0.0,
0.0,
0.0,
0.0,
0.0,
0.0,
0.0,
0.0,
0.0,
0.0,
0.0,
0.0,
0.0,
0.0,
0.0,
0.0,
0.0,
0.0,
0.0,
0.0,
0.0,
0.0,
0.0,
0.0,
0.0,
0.0,
0.0,
0.0,
0.0,
0.0,
0.0,
0.0,
0.0,
0.0,
0.0,
0.0,
0.0,
0.0,
0.0,
0.0,
0.0,
0.0,
0.0,
0.0,
0.0,
0.0,
0.0,
0.0,
0.0,
0.0,
0.0,
0.0,
0.0,
0.0,
0.0,
0.0,
0.0,
0.0,
0.0,
0.0,
0.0,
0.0,
0.0,
0.0,
0.0,
0.0,
0.0,
0.0,
0.0,
0.0,
0.0,
0.0,
0.0,
0.0,
0.0,
0.0,
0.0,
0.0,
0.0,
0.0,
0.0,
0.0,
0.0,
0.0,
0.0,
0.0,
0.0,
0.0,
0.0,
0.0,
0.0,
0.0,
0.0,
0.0,
0.0,
0.0,
0.0,
0.0,
0.0,
0.0,
0.0,
0.0,
0.0,
0.0,
0.0,
0.0,
0.0,
0.0,
0.0,
0.0,
0.0,
0.0,
0.0,
0.0,
0.0,
0.0,
0.0,
0.0,
0.0,
0.0,
0.0,
0.0,
0.0,
0.0,
0.0,
0.0,
0.0,
0.0,
0.0,
0.0,
0.0,
0.0,
0.0,
0.0,
0.0,
0.0,
0.0,
0.0,
0.0,
0.0,
0.0,
0.0,
0.0,
0.0,
0.0,
0.0,
0.0,
0.0,
0.0,
0.0,
0.0,
0.0,
0.0,
0.0,
0.0,
0.0,
0.0,
0.0,
0.0,
0.0,
0.0,
0.0,
0.0,
0.0,
0.0,
0.0,
0.0,
0.0,
0.0,
0.0,
0.0,
0.0,
0.0,
0.0,
0.0,
0.0,
0.0,
0.0,
0.0,
0.0,
0.0,
0.0,
0.0,
0.0,
0.0,
0.0,
0.0,
0.0,
0.0,
0.0,
0.0,
0.0,
0.0,
0.0,
0.0,
0.0,
0.0,
0.0,
0.0,
0.0,
0.0,
0.0,
0.0,
0.0,
0.0,
0.0,
0.0,
0.0,
0.0,
0.0,
0.0,
0.0,
0.0,
0.0,
0.0,
0.0,
0.0,
0.0,
0.0,
0.0,
0.0,
0.0,
0.0,
0.0,
0.0,
0.0,
0.0,
0.0,
0.0,
0.0,
0.0,
0.0,
0.0,
0.0,
0.0,
0.0,
0.0,
0.0,
0.0,
0.0,
0.0,
0.0,
0.0,
0.0,
0.0,
0.0,
0.0,
0.0,
0.0,
0.0,
0.0,
0.0,
0.0,
0.0,
0.0,
0.0,
0.0,
0.0,
0.0,
0.0,
0.0,
0.0,
0.0,
0.0,
0.0,
0.0,
0.0,
0.0,
0.0,
0.0,
0.0,
0.0,
0.0,
0.0,
0.0,
0.0,
0.0,
0.0,
0.0,
0.0,
0.0,
0.0,
0.0,
0.0,
0.0,
0.0,
0.0,
0.0,
0.0,
0.0,
0.0,
0.0,
0.0,
0.0,
0.0,
0.0,
0.0,
0.0,
0.0,
0.0,
0.0,
0.0,
0.0,
0.0,
0.0,
0.0,
0.0,
0.0,
0.0,
0.0,
0.0,
0.0,
0.0,
0.0,
0.0,
0.0,
0.0,
0.0,
0.0,
0.0,
0.0,
0.0,
0.0,
0.0,
0.0,
0.0,
0.0,
0.0,
0.0,
0.0,
0.0,
0.0,
0.0,
0.0,
0.0,
0.0,
0.0,
0.0,
0.0,
0.0,
0.0,
0.0,
0.0,
0.0,
0.0,
0.0,
0.0,
0.0,
0.0,
0.0,
0.0,
0.0,
0.0,
0.0,
0.0,
0.0,
0.0,
0.0,
0.0,
0.0,
0.0,
0.0,
0.0,
0.0,
0.0,
0.0,
0.0,
0.0,
0.0,
0.0,
0.0,
0.0,
0.0,
0.0,
0.0,
0.0,
0.0,
0.0,
0.0,
0.0,
0.0,
0.0,
0.0,
0.0,
0.0,
0.0,
0.0,
0.0,
0.0,
0.0,
0.0,
0.0,
0.0,
0.0,
0.0,
0.0,
0.0,
0.0,
0.0,
0.0,
0.0,
0.0,
0.0,
0.0,
0.0,
0.0,
0.0,
0.0,
0.0,
0.0,
0.0,
0.0,
0.0,
0.0,
0.0,
0.0,
0.0,
0.0,
0.0,
0.0,
0.0,
0.0,
0.0,
0.0,
0.0,
0.0,
0.0,
0.0,
0.0,
0.0,
0.0,
0.0,
0.0,
0.0,
0.0,
0.0,
0.0,
0.0,
0.0,
0.0,
0.0,
0.0,
0.0,
0.0,
0.0,
0.0,
0.0,
0.0,
0.0,
0.0,
0.0,
0.0,
0.0,
0.0,
0.0,
0.0,
0.0,
0.0,
0.0,
0.0,
0.0,
0.0,
0.0,
0.0,
0.0,
0.0,
0.0,
0.0,
0.0,
0.0,
0.0,
0.0,
0.0,
0.0,
0.0,
0.0,
0.0,
0.0,
0.0,
0.0,
0.0,
0.0,
0.0,
0.0,
0.0,
0.0,
0.0,
0.0,
0.0,
0.0,
0.0,
0.0,
0.0,
0.0,
0.0,
0.0,
0.0,
0.0,
0.0,
0.0,
0.0,
0.0,
0.0,
0.0,
0.0,
0.0,
0.0,
0.0,
0.0,
0.0,
0.0,
0.0,
0.0,
0.0,
0.0,
0.0,
0.0,
0.0,
0.0,
0.0,
0.0,
0.0,
0.0,
0.0,
0.0,
0.0,
0.0,
0.0,
0.0,
0.0,
0.0,
0.0,
0.0,
0.0,
0.0,
0.0,
0.0,
0.0,
0.0,
0.0,
0.0,
0.0,
0.0,
0.0,
0.0,
0.0,
0.0,
0.0,
0.0,
0.0,
0.0,
0.0,
0.0,
0.0,
0.0,
0.0,
0.0,
0.0,
0.0,
0.0,
0.0,
0.0,
0.0,
0.0,
0.0,
0.0,
0.0,
0.0,
0.0,
0.0,
0.0,
0.0,
0.0,
0.0,
0.0,
0.0,
0.0,
0.0,
0.0,
0.0,
0.0,
0.0,
0.0,
0.0,
0.0,
0.0,
0.0,
0.0,
0.0,
0.0,
0.0,
0.0,
0.0,
0.0,
0.0,
0.0,
0.0,
0.0,
0.0,
0.0,
0.0,
0.0,
0.0,
0.0,
0.0,
0.0,
0.0,
0.0,
0.0,
0.0,
0.0,
0.0,
0.0,
0.0,
0.0,
0.0,
0.0,
0.0,
0.0,
0.0,
0.0,
0.0,
0.0,
0.0,
0.0,
0.0,
0.0,
0.0,
0.0,
0.0,
0.0,
0.0,
0.0,
0.0,
0.0,
0.0,
0.0,
0.0,
0.0,
0.0,
0.0,
0.0,
0.0,
0.0,
0.0,
0.0,
0.0,
0.0,
0.0,
0.0,
0.0,
0.0,
0.0,
0.0,
0.0,
0.0,
0.0,
0.0,
0.0,
0.0,
0.0,
0.0,
0.0,
0.0,
0.0,
0.0,
0.0,
0.0,
0.0,
0.0,
0.0,
0.0,
0.0,
0.0,
0.0,
0.0,
0.0,
0.0,
0.0,
0.0,
0.0,
0.0,
0.0,
0.0,
0.0,
0.0,
0.0,
0.0,
0.0,
0.0,
0.0,
0.0,
0.0,
0.0,
0.0,
0.0,
0.0,
0.0,
0.0,
0.0,
0.0,
0.0,
0.0,
0.0,
0.0,
0.0,
0.0,
0.0,
0.0,
0.0,
0.0,
0.0,
0.0,
0.0,
0.0,
0.0,
0.0,
0.0,
0.0,
0.0,
0.0,
0.0,
0.0,
0.0,
0.0,
0.0,
0.0,
0.0,
0.0,
0.0,
0.0,
0.0,
0.0,
0.0,
0.0,
0.0,
0.0,
0.0,
0.0,
0.0,
0.0,
0.0,
0.0,
0.0,
0.0,
0.0,
0.0,
0.0,
0.0,
0.0,
0.0,
0.0,
0.0,
0.0,
0.0,
0.0,
0.0,
0.0,
0.0,
0.0,
0.0,
0.0,
0.0,
0.0,
0.0,
0.0,
0.0,
0.0,
0.0,
0.0,
0.0,
0.0,
0.0,
0.0,
0.0,
0.0,
0.0,
0.0,
0.0,
0.0,
0.0,
0.0,
0.0,
0.0,
0.0,
0.0,
0.0,
0.0,
0.0,
0.0,
0.0,
0.0,
0.0,
0.0,
0.0,
0.0,
0.0,
0.0,
0.0,
0.0,
0.0,
0.0,
0.0,
0.0,
0.0,
0.0,
0.0,
0.0,
0.0,
0.0,
0.0,
0.0,
0.0,
0.0,
0.0,
0.0,
0.0,
0.0,
0.0,
0.0,
0.0,
0.0,
0.0,
0.0,
0.0,
0.0,
0.0,
0.0,
0.0,
0.0,
0.0,
0.0,
0.0,
0.0,
0.0,
0.0,
0.0,
0.0,
0.0,
0.0,
0.0,
0.0,
0.0,
0.0,
0.0,
0.0,
0.0,
0.0,
0.0,
0.0,
0.0,
0.0,
0.0,
0.0,
0.0,
0.0,
0.0,
0.0,
0.0,
0.0,
0.0,
0.0,
0.0,
0.0,
0.0,
0.0,
0.0,
0.0,
0.0,
0.0,
0.0,
0.0,
0.0,
0.0,
0.0,
0.0,
0.0,
0.0,
0.0,
0.0,
0.0,
0.0,
0.0,
0.0,
0.0,
0.0,
0.0,
0.0,
0.0,
0.0,
0.0,
0.0,
0.0,
0.0,
0.0,
0.0,
0.0,
0.0,
0.0,
0.0,
0.0,
0.0,
0.0,
0.0,
0.0,
0.0,
0.0,
0.0,
0.0,
0.0,
0.0,
0.0,
0.0,
0.0,
0.0,
0.0,
0.0,
0.0,
0.0,
0.0,
0.0,
0.0,
0.0,
0.0,
0.0,
0.0,
0.0,
0.0,
0.0,
0.0,
0.0,
0.0,
0.0,
0.0,
0.0,
0.0,
0.0,
0.0,
0.0,
0.0,
0.0,
0.0,
0.0,
0.0,
0.0,
