1.0642238855361938,
1.0650602579116821,
1.0661838054656982,
1.0667455196380615,
1.0672237873077393,
1.067445993423462,
1.0679124593734741,
1.0680420398712158,
1.0683438777923584,
1.068261981010437,
1.068327784538269,
1.0682318210601807,
1.0683635473251343,
1.0682955980300903,
1.0683252811431885,
1.0684775114059448,
1.068479299545288,
1.0684272050857544,
1.0684186220169067,
1.0683461427688599,
1.0682827234268188,
1.068339228630066,
1.0683585405349731,
1.0684494972229004,
1.0684471130371094,
1.0683822631835938,
1.0684562921524048,
1.0684400796890259,
1.0686824321746826,
1.0687202215194702,
1.068739891052246,
1.068662405014038,
1.068593144416809,
1.068655014038086,
1.068571925163269,
1.0684430599212646,
1.0683757066726685,
1.0683543682098389,
1.068389892578125,
1.0683801174163818,
1.0683789253234863,
1.068291425704956,
1.0683382749557495,
1.0682035684585571,
1.0682604312896729,
1.0680530071258545,
1.068071722984314,
1.0680478811264038,
1.0680077075958252,
1.0681363344192505,
1.0680794715881348,
1.0680819749832153,
1.0680574178695679,
1.0679230690002441,
1.0678484439849854,
1.067760705947876,
1.067856788635254,
1.067795991897583,
1.0676264762878418,
1.0677056312561035,
1.0676743984222412,
1.067618489265442,
1.0676355361938477,
1.0676212310791016,
1.067679762840271,
1.0675485134124756,
1.0674489736557007,
1.067391276359558,
1.06735360622406,
1.067460298538208,
1.0674753189086914,
1.0672944784164429,
1.0673059225082397,
1.0671708583831787,
1.0672000646591187,
1.0671974420547485,
1.067121982574463,
1.0672532320022583,
1.067102313041687,
1.0670108795166016,
1.0671026706695557,
1.0670757293701172,
1.0670597553253174,
1.0671485662460327,
1.067064642906189,
1.0669503211975098,
1.0669840574264526,
1.067065715789795,
1.067119836807251,
1.067119836807251,
1.0670511722564697,
1.066967487335205,
1.0667939186096191,
1.0668721199035645,
1.0666992664337158,
1.0665401220321655,
1.066576600074768,
1.0665373802185059,
1.0665124654769897,
1.066477656364441,
1.0664310455322266,
1.0664921998977661,
1.0664960145950317,
1.066463828086853,
1.0664482116699219,
1.0663573741912842,
1.0662792921066284,
1.0662387609481812,
1.0661344528198242,
1.06619131565094,
1.0662025213241577,
1.0661700963974,
1.0662376880645752,
1.0663002729415894,
1.0661468505859375,
1.0662522315979004,
1.0662987232208252,
1.066314697265625,
1.0663716793060303,
1.066257357597351,
1.0663607120513916,
1.0662155151367188,
1.0662169456481934,
1.0661875009536743,
1.066129446029663,
1.0660357475280762,
1.0662213563919067,
1.066054344177246,
1.0658884048461914,
1.0658982992172241,
1.0656721591949463,
1.0656468868255615,
1.065649390220642,
1.0656639337539673,
1.0655521154403687,
1.0654679536819458,
1.0654715299606323,
1.0654603242874146,
1.0654969215393066,
1.0654501914978027,
1.0654698610305786,
1.0652719736099243,
1.065306305885315,
1.065361499786377,
1.0654133558273315,
1.0653480291366577,
1.0652676820755005,
1.065342903137207,
1.0653867721557617,
1.0653318166732788,
1.0652992725372314,
1.06521737575531,
1.0652843713760376,
1.0652704238891602,
1.0651856660842896,
1.0651335716247559,
1.065149188041687,
1.06508469581604,
1.0650783777236938,
1.0649380683898926,
1.0649302005767822,
1.0649038553237915,
1.0647082328796387,
1.0645835399627686,
1.0644327402114868,
1.0644618272781372,
1.064384937286377,
1.064241647720337,
1.064350962638855,
1.0643998384475708,
1.0643600225448608,
1.0641294717788696,
1.0641556978225708,
1.06412672996521,
1.0641285181045532,
1.0641685724258423,
1.064097285270691,
1.0640742778778076,
1.0640876293182373,
1.0640358924865723,
1.0640604496002197,
1.0638805627822876,
1.063750982284546,
1.0637342929840088,
1.0637786388397217,
1.063732385635376,
1.0636565685272217,
1.0634245872497559,
1.0635623931884766,
1.063532829284668,
1.0634974241256714,
1.0635100603103638,
1.063288927078247,
1.0632305145263672,
1.0633537769317627,
1.0631548166275024,
1.0630983114242554,
1.0630654096603394,
1.0629806518554688,
1.0629583597183228,
1.0628758668899536,
1.062867283821106,
1.0626546144485474,
1.0625864267349243,
1.0625712871551514,
1.0624252557754517,
1.0624516010284424,
1.0624890327453613,
1.0624090433120728,
1.0624371767044067,
1.0624914169311523,
1.0626215934753418,
1.0625561475753784,
1.0624841451644897,
1.0624760389328003,
1.062452793121338,
1.062448501586914,
1.0625638961791992,
1.0623975992202759,
1.0622143745422363,
1.0621225833892822,
1.0619657039642334,
1.0619796514511108,
1.0620540380477905,
1.0619362592697144,
1.0619301795959473,
1.0618417263031006,
1.0618057250976562,
1.061794400215149,
1.061712622642517,
1.0617032051086426,
1.0617210865020752,
1.0617420673370361,
1.0617033243179321,
1.0615272521972656,
1.0614675283432007,
1.0613900423049927,
1.061391830444336,
1.0614209175109863,
1.0612962245941162,
1.0612726211547852,
1.0611851215362549,
1.0609970092773438,
1.0610440969467163,
1.0609172582626343,
1.0609145164489746,
1.0608965158462524,
1.06098210811615,
1.0609073638916016,
1.0607945919036865,
1.0608443021774292,
1.0607417821884155,
1.0607434511184692,
1.06065034866333,
1.0606328248977661,
1.0605497360229492,
1.060430645942688,
1.0603629350662231,
1.0602980852127075,
1.0602152347564697,
1.0602449178695679,
1.0602500438690186,
1.06027090549469,
1.060209035873413,
1.0601102113723755,
1.0599868297576904,
1.05997633934021,
1.0598644018173218,
1.0598424673080444,
1.0598697662353516,
1.0597094297409058,
1.0596706867218018,
1.0596669912338257,
1.0595582723617554,
1.05949068069458,
1.0595496892929077,
1.0596054792404175,
1.0594648122787476,
1.05940842628479,
1.0593303442001343,
1.0591697692871094,
1.0590728521347046,
1.0591341257095337,
1.0591100454330444,
1.059086561203003,
1.0590639114379883,
1.0590224266052246,
1.0588865280151367,
1.058936357498169,
1.058817982673645,
1.0588189363479614,
1.058631181716919,
1.0585628747940063,
1.058554768562317,
1.0583733320236206,
1.0584100484848022,
1.0583617687225342,
1.0584378242492676,
1.0582835674285889,
1.0582599639892578,
1.0579713582992554,
1.0580886602401733,
1.0580264329910278,
1.0580440759658813,
1.0578491687774658,
1.057942509651184,
1.0578001737594604,
1.0578763484954834,
1.057836890220642,
1.0578302145004272,
1.0576961040496826,
1.0575230121612549,
1.0575323104858398,
1.0575695037841797,
1.0573502779006958,
1.0573794841766357,
1.0573313236236572,
1.0573077201843262,
1.0574129819869995,
1.057294487953186,
1.057100534439087,
1.057020664215088,
1.056897521018982,
1.0568623542785645,
1.05681574344635,
1.056944489479065,
1.056793451309204,
1.0567530393600464,
1.0566924810409546,
1.0566372871398926,
1.0565732717514038,
1.0565969944000244,
1.056493878364563,
1.0564062595367432,
1.0563756227493286,
1.0562583208084106,
1.0562115907669067,
1.0561922788619995,
1.0561885833740234,
1.0561010837554932,
1.0560170412063599,
1.056006908416748,
1.056012511253357,
1.0559152364730835,
1.0558348894119263,
1.0558429956436157,
1.055827021598816,
1.0557419061660767,
1.05572509765625,
1.0556830167770386,
1.055654764175415,
1.055654764175415,
1.055604338645935,
1.0555672645568848,
1.0556703805923462,
1.0555731058120728,
1.055410623550415,
1.0553747415542603,
1.0554172992706299,
1.0551676750183105,
1.0551578998565674,
1.0552772283554077,
1.0550837516784668,
1.0550451278686523,
1.0549850463867188,
1.055118441581726,
1.0548949241638184,
1.0547298192977905,
1.0546998977661133,
1.0547429323196411,
1.0547107458114624,
1.0545494556427002,
1.0544929504394531,
1.054354190826416,
1.0543678998947144,
1.0544133186340332,
1.0542781352996826,
1.0543242692947388,
1.054270625114441,
1.0543516874313354,
1.0543080568313599,
1.054266333580017,
1.0542081594467163,
1.0540930032730103,
1.0541629791259766,
1.0540714263916016,
1.053939938545227,
1.0539624691009521,
1.0538876056671143,
1.0538733005523682,
1.0538079738616943,
1.0538121461868286,
1.0537641048431396,
1.0537147521972656,
1.0537629127502441,
1.0536577701568604,
1.053544521331787,
1.0536837577819824,
1.0537528991699219,
1.0536715984344482,
1.0536198616027832,
1.053619623184204,
1.0535712242126465,
1.053447961807251,
1.0533685684204102,
1.0533995628356934,
1.0533636808395386,
1.0533215999603271,
1.0532736778259277,
1.0532771348953247,
1.0531935691833496,
1.0530710220336914,
1.0529839992523193,
1.0531460046768188,
1.0531022548675537,
1.0530688762664795,
1.053025722503662,
1.0530660152435303,
1.052980899810791,
1.0528470277786255,
1.052829384803772,
1.0526031255722046,
1.0527286529541016,
1.0525364875793457,
1.0526759624481201,
1.0526087284088135,
1.0525600910186768,
1.0526201725006104,
1.0525332689285278,
1.052459478378296,
1.0523813962936401,
1.0523759126663208,
1.0523182153701782,
1.052378535270691,
1.0522443056106567,
1.0523000955581665,
1.0522689819335938,
1.052280068397522,
1.0521351099014282,
1.0520741939544678,
1.0519832372665405,
1.0519274473190308,
1.051975131034851,
1.0519999265670776,
1.0517692565917969,
1.0517343282699585,
1.0517011880874634,
1.051510214805603,
1.0514719486236572,
1.0514510869979858,
1.0514676570892334,
1.0514155626296997,
1.051247000694275,
1.051278829574585,
1.0511221885681152,
1.0511263608932495,
1.050991415977478,
1.0509899854660034,
1.0508158206939697,
1.0507053136825562,
1.0506868362426758,
1.0506707429885864,
1.0504192113876343,
1.0503767728805542,
1.0503870248794556,
1.0501269102096558,
1.0500857830047607,
1.050041675567627,
1.0500116348266602,
1.0499902963638306,
1.0497184991836548,
1.0496351718902588,
1.0496888160705566,
1.04949152469635,
1.049584150314331,
1.0496716499328613,
1.0496243238449097,
1.0496699810028076,
1.0496972799301147,
1.049773097038269,
1.0497289896011353,
1.0496786832809448,
1.0496329069137573,
1.0497771501541138,
1.0496138334274292,
1.0494861602783203,
1.0494027137756348,
1.0493431091308594,
1.0492942333221436,
1.0489599704742432,
1.0490055084228516,
1.048948049545288,
1.0487498044967651,
1.048712134361267,
1.0487060546875,
1.0486654043197632,
1.0486705303192139,
1.0485057830810547,
1.048366665840149,
1.0484530925750732,
1.048393726348877,
1.0483506917953491,
1.0483704805374146,
1.0481520891189575,
1.0480716228485107,
1.0478616952896118,
1.0479365587234497,
1.047964334487915,
1.0478204488754272,
1.0477129220962524,
1.0476739406585693,
1.0477172136306763,
1.0475564002990723,
1.0473672151565552,
1.047310471534729,
1.0475269556045532,
1.0474127531051636,
1.047342300415039,
1.0471638441085815,
1.0471246242523193,
1.0470582246780396,
1.046899676322937,
1.0468701124191284,
1.0468685626983643,
1.0468096733093262,
1.0467652082443237,
1.0467839241027832,
1.0465344190597534,
1.0465712547302246,
1.0464569330215454,
1.046403408050537,
1.0463230609893799,
1.0462002754211426,
1.0460883378982544,
1.045990228652954,
1.0459904670715332,
1.0459585189819336,
1.0460796356201172,
1.0458412170410156,
1.045594334602356,
1.045649766921997,
1.0454881191253662,
1.0455074310302734,
1.0456584692001343,
1.0456743240356445,
1.045897126197815,
1.0459189414978027,
1.045786738395691,
1.0457578897476196,
1.0457383394241333,
1.045541524887085,
1.0455368757247925,
1.0454691648483276,
1.0455325841903687,
1.04532790184021,
1.0452563762664795,
1.0452229976654053,
1.045142412185669,
1.0450422763824463,
1.0451000928878784,
1.0449764728546143,
1.0447922945022583,
1.0448037385940552,
1.0447816848754883,
1.0446356534957886,
1.0446367263793945,
1.0446209907531738,
1.0444585084915161,
1.0443365573883057,
1.0442429780960083,
1.0441540479660034,
1.0441901683807373,
1.0440089702606201,
1.043928623199463,
1.0439945459365845,
1.0438616275787354,
1.0438344478607178,
1.0437235832214355,
1.0435317754745483,
1.0434956550598145,
1.0434505939483643,
1.0432497262954712,
1.0432841777801514,
1.0418733358383179,
1.042550802230835,
1.0429645776748657,
1.0430500507354736,
1.0429688692092896,
1.0429251194000244,
1.0429399013519287,
1.0428909063339233,
1.0427745580673218,
1.0426647663116455,
1.0426920652389526,
1.0426275730133057,
1.0426609516143799,
1.042341947555542,
1.042540431022644,
1.042481541633606,
1.042401909828186,
1.0423587560653687,
1.0423831939697266,
1.0422016382217407,
1.0421062707901,
1.0419509410858154,
1.0419834852218628,
1.0419059991836548,
1.0418682098388672,
1.0417003631591797,
1.0418204069137573,
1.0416067838668823,
1.0415599346160889,
1.0414948463439941,
1.0414870977401733,
1.041401743888855,
1.0414354801177979,
1.0413357019424438,
1.0412503480911255,
1.0411577224731445,
1.0410001277923584,
1.0408368110656738,
1.0408744812011719,
1.0406776666641235,
1.040693998336792,
1.0407997369766235,
1.0406007766723633,
1.0404119491577148,
1.0404173135757446,
1.0403996706008911,
1.0403937101364136,
1.0403021574020386,
1.0402294397354126,
1.040297269821167,
1.0402154922485352,
1.0400842428207397,
1.040052890777588,
1.0399610996246338,
1.0399616956710815,
1.0398365259170532,
1.0398043394088745,
1.0396658182144165,
1.0394991636276245,
1.0395210981369019,
1.0393766164779663,
1.0394140481948853,
1.0393140316009521,
1.0392838716506958,
1.0390902757644653,
1.0391006469726562,
1.039044976234436,
1.0389801263809204,
1.0388301610946655,
1.0387033224105835,
1.0387200117111206,
1.0386453866958618,
1.0384116172790527,
1.038400411605835,
1.0383411645889282,
1.0383648872375488,
1.0381889343261719,
1.038128137588501,
1.0380104780197144,
1.0380609035491943,
1.0379080772399902,
1.0378375053405762,
1.0378302335739136,
1.0377119779586792,
1.0377129316329956,
1.0377298593521118,
1.0374253988265991,
1.037323236465454,
1.037229061126709,
1.0370819568634033,
1.0371084213256836,
1.037023663520813,
1.0370056629180908,
1.03700590133667,
1.0368876457214355,
1.0367695093154907,
1.0367447137832642,
1.0367182493209839,
1.03653085231781,
1.0364165306091309,
1.0364593267440796,
1.0362403392791748,
1.0362340211868286,
1.03612220287323,
1.0360075235366821,
1.036105990409851,
1.0360164642333984,
1.036102056503296,
1.0358010530471802,
1.0357691049575806,
1.035619854927063,
1.0354564189910889,
1.035313606262207,
1.035362720489502,
1.0353748798370361,
1.0349100828170776,
1.0349476337432861,
1.0348763465881348,
1.034889578819275,
1.0347862243652344,
1.0348461866378784,
1.034598708152771,
1.0345014333724976,
1.0344184637069702,
1.0342726707458496,
1.0343022346496582,
1.0341103076934814,
1.0342007875442505,
1.0340114831924438,
1.0339432954788208,
1.033708095550537,
1.0336456298828125,
1.0336214303970337,
1.0334419012069702,
1.0332733392715454,
1.0332833528518677,
1.0330605506896973,
1.0330662727355957,
1.032950758934021,
1.032790184020996,
1.0327813625335693,
1.0327038764953613,
1.032806396484375,
1.0325859785079956,
1.0325740575790405,
1.032517671585083,
1.032282829284668,
1.0322773456573486,
1.032302975654602,
1.0321637392044067,
1.0322304964065552,
1.0321389436721802,
1.0318984985351562,
1.0318690538406372,
1.0318127870559692,
1.031786561012268,
1.0316166877746582,
1.031421422958374,
1.0314257144927979,
1.0312261581420898,
1.0312128067016602,
1.0311508178710938,
1.0310600996017456,
1.031008005142212,
1.0309606790542603,
1.030657172203064,
1.0305109024047852,
1.0304687023162842,
1.030338168144226,
1.0302749872207642,
1.0302114486694336,
1.0300348997116089,
1.0299832820892334,
1.0298840999603271,
1.0298142433166504,
1.0297902822494507,
1.029513955116272,
1.0294413566589355,
1.029310703277588,
1.0291916131973267,
1.029115080833435,
1.0290167331695557,
1.029136061668396,
1.0287798643112183,
1.0286880731582642,
1.028524398803711,
1.028325080871582,
1.0283340215682983,
1.0280976295471191,
1.0280396938323975,
1.0278881788253784,
1.0278420448303223,
1.0277153253555298,
1.027557134628296,
1.0273736715316772,
1.0270978212356567,
1.0271515846252441,
1.0271459817886353,
1.0268561840057373,
1.0267177820205688,
1.0267539024353027,
1.0265917778015137,
1.0264679193496704,
1.026497483253479,
1.026212215423584,
1.0260823965072632,
1.0261518955230713,
1.0260716676712036,
1.0258212089538574,
1.0255732536315918,
1.0255191326141357,
1.02540123462677,
1.0251795053482056,
1.0249707698822021,
1.02479887008667,
1.0246284008026123,
1.0244026184082031,
1.0242912769317627,
1.0241361856460571,
1.0240662097930908,
1.0239225625991821,
1.023632526397705,
1.0236167907714844,
1.0233190059661865,
1.0232031345367432,
1.0229878425598145,
1.0228428840637207,
1.0226850509643555,
1.0225224494934082,
1.022351861000061,
1.0221532583236694,
1.0219696760177612,
1.021742343902588,
1.0215774774551392,
1.021388053894043,
1.0213481187820435,
1.020999550819397,
1.0208743810653687,
1.0206304788589478,
1.0204994678497314,
1.020315170288086,
1.020220160484314,
1.0199952125549316,
1.0198252201080322,
1.0196937322616577,
1.0196152925491333,
1.019423484802246,
1.0192832946777344,
1.0191677808761597,
1.0188125371932983,
1.0186165571212769,
1.0184705257415771,
1.0181119441986084,
1.0179098844528198,
1.0177110433578491,
1.0174710750579834,
1.0172805786132812,
1.0170061588287354,
1.0169579982757568,
1.01664137840271,
1.0162142515182495,
1.0161820650100708,
1.0158220529556274,
1.015673279762268,
1.015372395515442,
1.0151400566101074,
1.014957070350647,
1.0144898891448975,
1.0142691135406494,
1.0141459703445435,
1.0139408111572266,
1.0136892795562744,
1.0134719610214233,
1.0132588148117065,
1.0129259824752808,
1.0127184391021729,
1.0126633644104004,
1.0123237371444702,
1.0121387243270874,
1.0118516683578491,
1.0115803480148315,
1.011197566986084,
1.0109525918960571,
1.0105557441711426,
1.010351538658142,
1.0103009939193726,
1.0098618268966675,
1.0096147060394287,
1.0092543363571167,
1.0090923309326172,
1.0088181495666504,
1.00832200050354,
1.0079911947250366,
1.0077790021896362,
1.0075377225875854,
1.007231593132019,
1.006927251815796,
1.0066070556640625,
1.0062389373779297,
1.00603187084198,
1.0057237148284912,
1.0053887367248535,
1.005102515220642,
1.0047240257263184,
1.0043927431106567,
1.0041300058364868,
1.0037568807601929,
1.003443956375122,
1.0030627250671387,
1.002561092376709,
1.0022245645523071,
1.0018677711486816,
1.0014116764068604,
1.0011870861053467,
1.0009381771087646,
1.0005682706832886,
1.000152587890625,
0.9998025298118591,
0.9995537400245667,
0.9990284442901611,
0.9986028671264648,
0.9981221556663513,
0.997627854347229,
0.9972767233848572,
0.9970033764839172,
0.996664822101593,
0.9961625337600708,
0.9959233403205872,
0.9954581260681152,
0.9947546124458313,
0.9945468902587891,
0.9940087199211121,
0.9934625029563904,
0.993091881275177,
0.9926862120628357,
0.9922383427619934,
0.9917958974838257,
0.9913212060928345,
0.9906941652297974,
0.990234375,
0.9897578954696655,
0.9891762137413025,
0.988619863986969,
0.9880930185317993,
0.9875358939170837,
0.9871017932891846,
0.9866417646408081,
0.9860175848007202,
0.9853598475456238,
0.9849255084991455,
0.9842343926429749,
0.9836588501930237,
0.9830818772315979,
0.9825849533081055,
0.9817485213279724,
0.9812700152397156,
0.9803060293197632,
0.9798144102096558,
0.9792488813400269,
0.9781667590141296,
0.9774969220161438,
0.9768022298812866,
0.9759882688522339,
0.9753490686416626,
0.9746358394622803,
0.974053680896759,
0.9732157588005066,
0.9725240468978882,
0.9716609716415405,
0.9709573984146118,
0.9702258110046387,
0.9694611430168152,
0.9685804843902588,
0.967893660068512,
0.9669747352600098,
0.9662424325942993,
0.965229868888855,
0.9646129608154297,
0.9637402296066284,
0.9628840684890747,
0.9622974991798401,
0.9614068269729614,
0.9605502486228943,
0.9597389101982117,
0.9589396119117737,
0.9579317569732666,
0.9570903778076172,
0.9562620520591736,
0.9555397629737854,
0.9546518325805664,
0.9537906050682068,
0.9528912305831909,
0.9520175457000732,
0.9512660503387451,
0.9503522515296936,
0.9494606256484985,
0.9487513303756714,
0.9479792714118958,
0.9470902681350708,
0.9462688565254211,
0.9455009698867798,
0.9445960521697998,
0.9438332915306091,
0.9430713653564453,
0.9421941041946411,
0.9413996934890747,
0.9404875636100769,
0.9396583437919617,
0.9389182925224304,
0.9381774067878723,
0.9374325275421143,
0.9365271329879761,
0.935791015625,
0.9349572062492371,
0.9341986179351807,
0.933371901512146,
0.9325317144393921,
0.9317429065704346,
0.931014895439148,
0.930158793926239,
0.9294361472129822,
0.9287281632423401,
0.9278900027275085,
0.9271097779273987,
0.9262927770614624,
0.925459623336792,
0.9248970746994019,
0.9239465594291687,
0.9231569766998291,
0.9223863482475281,
0.9215843677520752,
0.9208898544311523,
0.9199283123016357,
0.9191830158233643,
0.9184347987174988,
0.9175242781639099,
0.9168261885643005,
0.9161010980606079,
0.9154266119003296,
0.9145509600639343,
0.9136808514595032,
0.9128444790840149,
0.9120586514472961,
0.9111924767494202,
0.9103586673736572,
0.9096543788909912,
0.9087796807289124,
0.9079349040985107,
0.9070459008216858,
0.9062125086784363,
0.9053295850753784,
0.9046964645385742,
0.9036555886268616,
0.9029404520988464,
0.9018778800964355,
0.9010425209999084,
0.9001664519309998,
0.8994292616844177,
0.898574709892273,
0.8976662158966064,
0.8968245387077332,
0.8959071040153503,
0.8949921727180481,
0.8941563367843628,
0.8932645916938782,
0.8923349380493164,
0.8914552927017212,
0.890531599521637,
0.8896110653877258,
0.88857501745224,
0.8875159621238708,
0.8865677118301392,
0.8856236934661865,
0.884675920009613,
0.8836697936058044,
0.8826972842216492,
0.8817512392997742,
0.8810480237007141,
0.8802734017372131,
0.8802734017372131,
0.8802734017372131,
0.0,
0.0,
0.0,
0.0,
0.0,
0.0,
0.0,
0.0,
0.0,
0.0,
0.0,
0.0,
0.0,
0.0,
0.0,
0.0,
0.0,
0.0,
0.0,
0.0,
0.0,
0.0,
0.0,
0.0,
0.0,
0.0,
0.0,
0.0,
0.0,
0.0,
0.0,
0.0,
0.0,
0.0,
0.0,
0.0,
0.0,
0.0,
0.0,
0.0,
0.0,
0.0,
0.0,
0.0,
0.0,
0.0,
0.0,
0.0,
0.0,
0.0,
0.0,
0.0,
0.0,
0.0,
0.0,
0.0,
0.0,
0.0,
0.0,
0.0,
0.0,
0.0,
0.0,
0.0,
0.0,
0.0,
0.0,
0.0,
0.0,
0.0,
0.0,
0.0,
0.0,
0.0,
0.0,
0.0,
0.0,
0.0,
0.0,
0.0,
0.0,
0.0,
0.0,
0.0,
0.0,
0.0,
0.0,
0.0,
0.0,
0.0,
0.0,
0.0,
0.0,
0.0,
0.0,
0.0,
0.0,
0.0,
0.0,
0.0,
0.0,
0.0,
0.0,
0.0,
0.0,
0.0,
0.0,
0.0,
0.0,
0.0,
0.0,
0.0,
0.0,
0.0,
0.0,
0.0,
0.0,
0.0,
0.0,
0.0,
0.0,
0.0,
0.0,
0.0,
0.0,
0.0,
0.0,
0.0,
0.0,
0.0,
0.0,
0.0,
0.0,
0.0,
0.0,
0.0,
0.0,
0.0,
0.0,
0.0,
0.0,
0.0,
0.0,
0.0,
0.0,
0.0,
0.0,
0.0,
0.0,
0.0,
0.0,
0.0,
0.0,
0.0,
0.0,
0.0,
0.0,
0.0,
0.0,
0.0,
0.0,
0.0,
0.0,
0.0,
0.0,
0.0,
0.0,
0.0,
0.0,
0.0,
0.0,
0.0,
0.0,
0.0,
0.0,
0.0,
0.0,
0.0,
0.0,
0.0,
0.0,
0.0,
0.0,
0.0,
0.0,
0.0,
0.0,
0.0,
0.0,
0.0,
0.0,
0.0,
0.0,
0.0,
0.0,
0.0,
0.0,
0.0,
0.0,
0.0,
0.0,
0.0,
0.0,
0.0,
0.0,
0.0,
0.0,
0.0,
0.0,
0.0,
0.0,
0.0,
0.0,
0.0,
0.0,
0.0,
0.0,
0.0,
0.0,
0.0,
0.0,
0.0,
0.0,
0.0,
0.0,
0.0,
0.0,
0.0,
0.0,
0.0,
0.0,
0.0,
0.0,
0.0,
0.0,
0.0,
0.0,
0.0,
0.0,
0.0,
0.0,
0.0,
0.0,
0.0,
0.0,
0.0,
0.0,
0.0,
0.0,
0.0,
0.0,
0.0,
0.0,
0.0,
0.0,
0.0,
0.0,
0.0,
0.0,
0.0,
0.0,
0.0,
0.0,
0.0,
0.0,
0.0,
0.0,
0.0,
0.0,
0.0,
0.0,
0.0,
0.0,
0.0,
0.0,
0.0,
0.0,
0.0,
0.0,
0.0,
0.0,
0.0,
0.0,
0.0,
0.0,
0.0,
0.0,
0.0,
0.0,
0.0,
0.0,
0.0,
0.0,
0.0,
0.0,
0.0,
0.0,
0.0,
0.0,
0.0,
0.0,
0.0,
0.0,
0.0,
0.0,
0.0,
0.0,
0.0,
0.0,
0.0,
0.0,
0.0,
0.0,
0.0,
0.0,
0.0,
0.0,
0.0,
0.0,
0.0,
0.0,
0.0,
0.0,
0.0,
0.0,
0.0,
0.0,
0.0,
0.0,
0.0,
0.0,
0.0,
0.0,
0.0,
0.0,
0.0,
0.0,
0.0,
0.0,
0.0,
0.0,
0.0,
0.0,
0.0,
0.0,
0.0,
0.0,
0.0,
0.0,
0.0,
0.0,
0.0,
0.0,
0.0,
0.0,
0.0,
0.0,
0.0,
0.0,
0.0,
0.0,
0.0,
0.0,
0.0,
0.0,
0.0,
0.0,
0.0,
0.0,
0.0,
0.0,
0.0,
0.0,
0.0,
0.0,
0.0,
0.0,
0.0,
0.0,
0.0,
0.0,
0.0,
0.0,
0.0,
0.0,
0.0,
0.0,
0.0,
0.0,
0.0,
0.0,
0.0,
0.0,
0.0,
0.0,
0.0,
0.0,
0.0,
0.0,
0.0,
0.0,
0.0,
0.0,
0.0,
0.0,
0.0,
0.0,
0.0,
0.0,
0.0,
0.0,
0.0,
0.0,
0.0,
0.0,
0.0,
0.0,
0.0,
0.0,
0.0,
0.0,
0.0,
0.0,
0.0,
0.0,
0.0,
0.0,
0.0,
0.0,
0.0,
0.0,
0.0,
0.0,
0.0,
0.0,
0.0,
0.0,
0.0,
0.0,
0.0,
0.0,
0.0,
0.0,
0.0,
0.0,
0.0,
0.0,
0.0,
0.0,
0.0,
0.0,
0.0,
0.0,
0.0,
0.0,
0.0,
0.0,
0.0,
0.0,
0.0,
0.0,
0.0,
0.0,
0.0,
0.0,
0.0,
0.0,
0.0,
0.0,
0.0,
0.0,
0.0,
0.0,
0.0,
0.0,
0.0,
0.0,
0.0,
0.0,
0.0,
0.0,
0.0,
0.0,
0.0,
0.0,
0.0,
0.0,
0.0,
0.0,
0.0,
0.0,
0.0,
0.0,
0.0,
0.0,
0.0,
0.0,
0.0,
0.0,
0.0,
0.0,
0.0,
0.0,
0.0,
0.0,
0.0,
0.0,
0.0,
0.0,
0.0,
0.0,
0.0,
0.0,
0.0,
0.0,
0.0,
0.0,
0.0,
0.0,
0.0,
0.0,
0.0,
0.0,
0.0,
0.0,
0.0,
0.0,
0.0,
0.0,
0.0,
0.0,
0.0,
0.0,
0.0,
0.0,
0.0,
0.0,
0.0,
0.0,
0.0,
0.0,
0.0,
0.0,
0.0,
0.0,
0.0,
0.0,
0.0,
0.0,
0.0,
0.0,
0.0,
0.0,
0.0,
0.0,
0.0,
0.0,
0.0,
0.0,
0.0,
0.0,
0.0,
0.0,
0.0,
0.0,
0.0,
0.0,
0.0,
0.0,
0.0,
0.0,
0.0,
0.0,
0.0,
0.0,
0.0,
0.0,
0.0,
0.0,
0.0,
0.0,
0.0,
0.0,
0.0,
0.0,
0.0,
0.0,
0.0,
0.0,
0.0,
0.0,
0.0,
0.0,
0.0,
0.0,
0.0,
0.0,
0.0,
0.0,
0.0,
0.0,
0.0,
0.0,
0.0,
0.0,
0.0,
0.0,
0.0,
0.0,
0.0,
0.0,
0.0,
0.0,
0.0,
0.0,
0.0,
0.0,
0.0,
0.0,
0.0,
0.0,
0.0,
0.0,
0.0,
0.0,
0.0,
0.0,
0.0,
0.0,
0.0,
0.0,
0.0,
0.0,
0.0,
0.0,
0.0,
0.0,
0.0,
0.0,
0.0,
0.0,
0.0,
0.0,
0.0,
0.0,
0.0,
0.0,
0.0,
0.0,
0.0,
0.0,
0.0,
0.0,
0.0,
0.0,
0.0,
0.0,
0.0,
0.0,
0.0,
0.0,
0.0,
0.0,
0.0,
0.0,
0.0,
0.0,
0.0,
0.0,
0.0,
0.0,
0.0,
0.0,
0.0,
0.0,
0.0,
0.0,
0.0,
0.0,
0.0,
0.0,
0.0,
0.0,
0.0,
0.0,
0.0,
0.0,
0.0,
0.0,
0.0,
0.0,
0.0,
0.0,
0.0,
0.0,
0.0,
0.0,
0.0,
0.0,
0.0,
0.0,
0.0,
0.0,
0.0,
0.0,
0.0,
0.0,
0.0,
0.0,
0.0,
0.0,
0.0,
0.0,
0.0,
0.0,
0.0,
0.0,
0.0,
0.0,
0.0,
0.0,
0.0,
0.0,
0.0,
0.0,
0.0,
0.0,
0.0,
0.0,
0.0,
0.0,
0.0,
0.0,
0.0,
0.0,
0.0,
0.0,
0.0,
0.0,
0.0,
0.0,
0.0,
0.0,
0.0,
0.0,
0.0,
0.0,
0.0,
0.0,
0.0,
0.0,
0.0,
0.0,
0.0,
0.0,
0.0,
0.0,
0.0,
0.0,
0.0,
0.0,
0.0,
0.0,
0.0,
0.0,
0.0,
0.0,
0.0,
0.0,
0.0,
0.0,
0.0,
0.0,
0.0,
0.0,
0.0,
0.0,
0.0,
0.0,
0.0,
0.0,
0.0,
0.0,
0.0,
0.0,
0.0,
0.0,
0.0,
0.0,
0.0,
0.0,
0.0,
0.0,
0.0,
0.0,
0.0,
0.0,
0.0,
0.0,
0.0,
0.0,
0.0,
0.0,
0.0,
0.0,
0.0,
0.0,
0.0,
0.0,
0.0,
0.0,
0.0,
0.0,
0.0,
0.0,
0.0,
0.0,
0.0,
0.0,
0.0,
0.0,
0.0,
0.0,
0.0,
0.0,
0.0,
0.0,
0.0,
0.0,
0.0,
0.0,
0.0,
0.0,
0.0,
0.0,
0.0,
0.0,
0.0,
0.0,
0.0,
0.0,
0.0,
0.0,
0.0,
0.0,
0.0,
0.0,
0.0,
0.0,
0.0,
0.0,
0.0,
0.0,
0.0,
0.0,
0.0,
0.0,
0.0,
0.0,
0.0,
0.0,
0.0,
0.0,
0.0,
0.0,
0.0,
0.0,
0.0,
0.0,
0.0,
0.0,
0.0,
0.0,
0.0,
0.0,
0.0,
0.0,
0.0,
0.0,
0.0,
0.0,
0.0,
0.0,
0.0,
0.0,
0.0,
0.0,
0.0,
0.0,
0.0,
0.0,
0.0,
0.0,
0.0,
0.0,
0.0,
0.0,
0.0,
0.0,
0.0,
0.0,
0.0,
0.0,
0.0,
0.0,
0.0,
0.0,
0.0,
0.0,
0.0,
0.0,
0.0,
0.0,
0.0,
0.0,
0.0,
0.0,
0.0,
0.0,
0.0,
0.0,
0.0,
0.0,
0.0,
0.0,
0.0,
0.0,
0.0,
0.0,
0.0,
0.0,
0.0,
0.0,
0.0,
0.0,
0.0,
0.0,
0.0,
0.0,
0.0,
0.0,
0.0,
0.0,
0.0,
0.0,
0.0,
0.0,
0.0,
0.0,
0.0,
0.0,
0.0,
0.0,
0.0,
0.0,
0.0,
0.0,
0.0,
0.0,
0.0,
0.0,
0.0,
0.0,
0.0,
0.0,
0.0,
0.0,
0.0,
0.0,
0.0,
0.0,
0.0,
0.0,
0.0,
0.0,
0.0,
0.0,
0.0,
0.0,
0.0,
0.0,
0.0,
0.0,
0.0,
0.0,
0.0,
0.0,
0.0,
0.0,
0.0,
0.0,
0.0,
0.0,
0.0,
0.0,
0.0,
0.0,
0.0,
0.0,
0.0,
0.0,
0.0,
0.0,
0.0,
0.0,
0.0,
0.0,
0.0,
0.0,
0.0,
0.0,
0.0,
0.0,
0.0,
0.0,
0.0,
0.0,
0.0,
0.0,
0.0,
0.0,
0.0,
0.0,
0.0,
0.0,
0.0,
0.0,
0.0,
0.0,
0.0,
0.0,
0.0,
0.0,
0.0,
0.0,
0.0,
0.0,
0.0,
0.0,
0.0,
0.0,
0.0,
0.0,
0.0,
0.0,
0.0,
0.0,
0.0,
0.0,
0.0,
0.0,
0.0,
0.0,
0.0,
0.0,
0.0,
0.0,
0.0,
0.0,
0.0,
0.0,
0.0,
0.0,
0.0,
0.0,
0.0,
0.0,
0.0,
0.0,
0.0,
0.0,
0.0,
0.0,
0.0,
0.0,
0.0,
0.0,
0.0,
0.0,
0.0,
0.0,
0.0,
0.0,
0.0,
0.0,
0.0,
0.0,
0.0,
0.0,
0.0,
0.0,
0.0,
0.0,
0.0,
0.0,
0.0,
0.0,
0.0,
0.0,
0.0,
0.0,
0.0,
0.0,
0.0,
0.0,
0.0,
0.0,
0.0,
0.0,
0.0,
0.0,
0.0,
0.0,
0.0,
0.0,
0.0,
0.0,
0.0,
0.0,
0.0,
0.0,
0.0,
0.0,
0.0,
0.0,
0.0,
0.0,
0.0,
0.0,
0.0,
0.0,
0.0,
0.0,
0.0,
0.0,
0.0,
0.0,
0.0,
0.0,
0.0,
0.0,
0.0,
0.0,
0.0,
0.0,
0.0,
0.0,
0.0,
0.0,
0.0,
0.0,
0.0,
0.0,
0.0,
0.0,
0.0,
0.0,
0.0,
0.0,
0.0,
0.0,
0.0,
0.0,
0.0,
0.0,
0.0,
0.0,
0.0,
0.0,
0.0,
0.0,
0.0,
0.0,
0.0,
0.0,
0.0,
0.0,
0.0,
0.0,
0.0,
0.0,
0.0,
0.0,
0.0,
0.0,
0.0,
0.0,
0.0,
0.0,
0.0,
0.0,
0.0,
0.0,
0.0,
0.0,
0.0,
0.0,
0.0,
0.0,
0.0,
0.0,
0.0,
0.0,
0.0,
0.0,
0.0,
0.0,
0.0,
0.0,
0.0,
0.0,
0.0,
0.0,
0.0,
0.0,
0.0,
0.0,
0.0,
0.0,
0.0,
0.0,
0.0,
0.0,
0.0,
0.0,
0.0,
0.0,
0.0,
0.0,
0.0,
0.0,
0.0,
0.0,
0.0,
0.0,
0.0,
0.0,
0.0,
0.0,
0.0,
