1.0673251152038574,
1.0680679082870483,
1.0686511993408203,
1.0690908432006836,
1.069509744644165,
1.069737195968628,
1.0700269937515259,
1.0690362453460693,
1.0705024003982544,
1.070604681968689,
1.0706613063812256,
1.070418119430542,
1.070471167564392,
1.0705543756484985,
1.0705639123916626,
1.070736050605774,
1.0707296133041382,
1.070760726928711,
1.070705533027649,
1.070668339729309,
1.0706710815429688,
1.0706276893615723,
1.0705918073654175,
1.0705801248550415,
1.0705342292785645,
1.070559024810791,
1.0705616474151611,
1.0705760717391968,
1.0706363916397095,
1.0705856084823608,
1.070586085319519,
1.0705065727233887,
1.0705004930496216,
1.0706030130386353,
1.0705687999725342,
1.0704516172409058,
1.0704550743103027,
1.0704346895217896,
1.0704385042190552,
1.0703977346420288,
1.0703399181365967,
1.0703085660934448,
1.0702537298202515,
1.0701888799667358,
1.0703039169311523,
1.0703425407409668,
1.0702894926071167,
1.0702072381973267,
1.0702118873596191,
1.070246696472168,
1.0702595710754395,
1.0702224969863892,
1.0701998472213745,
1.0701647996902466,
1.0701308250427246,
1.0700663328170776,
1.070076823234558,
1.0700757503509521,
1.070016622543335,
1.0699824094772339,
1.0699836015701294,
1.0698493719100952,
1.0698773860931396,
1.069786548614502,
1.0697766542434692,
1.0696594715118408,
1.0696206092834473,
1.0696295499801636,
1.0696924924850464,
1.0695762634277344,
1.0695459842681885,
1.0695083141326904,
1.0694806575775146,
1.069754958152771,
1.0693966150283813,
1.0692534446716309,
1.0692120790481567,
1.0692269802093506,
1.0692157745361328,
1.0692379474639893,
1.0691044330596924,
1.0690613985061646,
1.069101333618164,
1.0690815448760986,
1.0691802501678467,
1.0691074132919312,
1.069006323814392,
1.0689678192138672,
1.0688282251358032,
1.068763017654419,
1.068692922592163,
1.068687081336975,
1.0685585737228394,
1.0686289072036743,
1.0685267448425293,
1.0684707164764404,
1.0684577226638794,
1.0684442520141602,
1.068435788154602,
1.0682997703552246,
1.06827712059021,
1.068074345588684,
1.0680513381958008,
1.0679378509521484,
1.068005084991455,
1.0680155754089355,
1.0680723190307617,
1.0679945945739746,
1.0680346488952637,
1.0680084228515625,
1.0679035186767578,
1.068000078201294,
1.0679107904434204,
1.0678355693817139,
1.067895770072937,
1.067932367324829,
1.067793369293213,
1.0678054094314575,
1.0677311420440674,
1.0676125288009644,
1.0676193237304688,
1.0675067901611328,
1.0674870014190674,
1.0673640966415405,
1.067345142364502,
1.0672754049301147,
1.0671275854110718,
1.067065954208374,
1.0670597553253174,
1.0669621229171753,
1.066940188407898,
1.066876769065857,
1.0668991804122925,
1.0668268203735352,
1.0667641162872314,
1.0666697025299072,
1.0665870904922485,
1.0665905475616455,
1.0667058229446411,
1.066650152206421,
1.0666050910949707,
1.066607117652893,
1.0653406381607056,
1.0665743350982666,
1.0664666891098022,
1.0664374828338623,
1.066372036933899,
1.0663268566131592,
1.0661754608154297,
1.0661299228668213,
1.0661273002624512,
1.0661245584487915,
1.0660439729690552,
1.0659239292144775,
1.0658982992172241,
1.065796971321106,
1.0656849145889282,
1.0657069683074951,
1.0656373500823975,
1.0654610395431519,
1.0653825998306274,
1.065351963043213,
1.0653162002563477,
1.0651668310165405,
1.0652104616165161,
1.0652649402618408,
1.065242886543274,
1.0653043985366821,
1.0652556419372559,
1.065222144126892,
1.0651330947875977,
1.0651957988739014,
1.064997673034668,
1.0649678707122803,
1.0649080276489258,
1.0649183988571167,
1.0648537874221802,
1.0648338794708252,
1.0647474527359009,
1.064540982246399,
1.0646498203277588,
1.0645461082458496,
1.0645054578781128,
1.064438819885254,
1.0643761157989502,
1.06432044506073,
1.0642590522766113,
1.064156174659729,
1.0640548467636108,
1.0640182495117188,
1.063856601715088,
1.0637943744659424,
1.0637657642364502,
1.0635647773742676,
1.0634725093841553,
1.0636001825332642,
1.0636072158813477,
1.0636796951293945,
1.0636050701141357,
1.0636088848114014,
1.063488483428955,
1.0634592771530151,
1.0634078979492188,
1.0634081363677979,
1.0634061098098755,
1.0634374618530273,
1.0633633136749268,
1.063272476196289,
1.063245415687561,
1.0631792545318604,
1.063064694404602,
1.0631102323532104,
1.0630384683609009,
1.0629210472106934,
1.0629191398620605,
1.0629472732543945,
1.0629171133041382,
1.0628734827041626,
1.0627845525741577,
1.0626726150512695,
1.062687635421753,
1.0626322031021118,
1.0624983310699463,
1.0623996257781982,
1.0623327493667603,
1.062333345413208,
1.062286615371704,
1.0622175931930542,
1.0621289014816284,
1.062048077583313,
1.062121033668518,
1.0620522499084473,
1.0619984865188599,
1.0619739294052124,
1.06192147731781,
1.0617648363113403,
1.0616536140441895,
1.0615109205245972,
1.061556339263916,
1.0615112781524658,
1.0614631175994873,
1.0613716840744019,
1.0613646507263184,
1.0614033937454224,
1.061362385749817,
1.061326265335083,
1.0612602233886719,
1.0612108707427979,
1.061132550239563,
1.061152696609497,
1.0610473155975342,
1.0610308647155762,
1.0609008073806763,
1.0608246326446533,
1.0608646869659424,
1.0607713460922241,
1.0606509447097778,
1.0606298446655273,
1.06056809425354,
1.060483455657959,
1.0604074001312256,
1.060338020324707,
1.0603511333465576,
1.0603454113006592,
1.0601900815963745,
1.0601216554641724,
1.0600531101226807,
1.0599539279937744,
1.0599285364151,
1.0598156452178955,
1.05972158908844,
1.0597825050354004,
1.0597208738327026,
1.0596976280212402,
1.05962073802948,
1.05949068069458,
1.0594404935836792,
1.0593284368515015,
1.0593119859695435,
1.059239387512207,
1.0591987371444702,
1.0590765476226807,
1.058997631072998,
1.0589649677276611,
1.0588306188583374,
1.0588513612747192,
1.0587576627731323,
1.0587213039398193,
1.0586634874343872,
1.0586395263671875,
1.0585155487060547,
1.0584818124771118,
1.058333158493042,
1.058336615562439,
1.0583311319351196,
1.0581218004226685,
1.058058261871338,
1.057992935180664,
1.0579602718353271,
1.0579097270965576,
1.0578416585922241,
1.0577917098999023,
1.057664394378662,
1.0575133562088013,
1.057489037513733,
1.0573642253875732,
1.0573707818984985,
1.057289958000183,
1.0572034120559692,
1.0571706295013428,
1.0570987462997437,
1.0571039915084839,
1.0569196939468384,
1.0568654537200928,
1.0567914247512817,
1.056658148765564,
1.0566012859344482,
1.0564327239990234,
1.056455135345459,
1.0563565492630005,
1.0562901496887207,
1.056170105934143,
1.0560883283615112,
1.0559402704238892,
1.0559496879577637,
1.0559325218200684,
1.055827021598816,
1.055722713470459,
1.0555449724197388,
1.055510401725769,
1.0555346012115479,
1.0554369688034058,
1.0553804636001587,
1.0552315711975098,
1.0551254749298096,
1.0550332069396973,
1.0549570322036743,
1.0549273490905762,
1.0547971725463867,
1.0548268556594849,
1.0546742677688599,
1.0545824766159058,
1.0544811487197876,
1.0544229745864868,
1.0543599128723145,
1.0542206764221191,
1.0541802644729614,
1.0540485382080078,
1.0540012121200562,
1.0539299249649048,
1.0537853240966797,
1.053758144378662,
1.0536402463912964,
1.05351984500885,
1.0534833669662476,
1.0534015893936157,
1.053270936012268,
1.0532902479171753,
1.05320143699646,
1.0531675815582275,
1.0531573295593262,
1.0530632734298706,
1.05294668674469,
1.052847146987915,
1.0527563095092773,
1.0527033805847168,
1.0526231527328491,
1.0525891780853271,
1.0524500608444214,
1.05238938331604,
1.052355408668518,
1.0522987842559814,
1.0509865283966064,
1.0520998239517212,
1.0520659685134888,
1.0519062280654907,
1.0519328117370605,
1.0517162084579468,
1.051751732826233,
1.0516085624694824,
1.0515130758285522,
1.0514899492263794,
1.0514169931411743,
1.0513088703155518,
1.0512175559997559,
1.0510735511779785,
1.0509862899780273,
1.0508830547332764,
1.050821304321289,
1.05070161819458,
1.0506452322006226,
1.0505379438400269,
1.0505273342132568,
1.0504506826400757,
1.0502947568893433,
1.0501576662063599,
1.050140619277954,
1.0500081777572632,
1.049987554550171,
1.0498381853103638,
1.0498034954071045,
1.0497575998306274,
1.049685001373291,
1.0495661497116089,
1.0494749546051025,
1.0493497848510742,
1.0491968393325806,
1.0491909980773926,
1.0490399599075317,
1.0489881038665771,
1.0488696098327637,
1.0487185716629028,
1.0486811399459839,
1.0485426187515259,
1.0485577583312988,
1.0484868288040161,
1.0483436584472656,
1.0482683181762695,
1.0482282638549805,
1.048054814338684,
1.0479990243911743,
1.0479166507720947,
1.0478376150131226,
1.0477068424224854,
1.0476731061935425,
1.047498345375061,
1.0473742485046387,
1.0473581552505493,
1.0472170114517212,
1.0470874309539795,
1.0470826625823975,
1.0469355583190918,
1.0468605756759644,
1.0466364622116089,
1.046616554260254,
1.0465065240859985,
1.0464547872543335,
1.0462461709976196,
1.0461363792419434,
1.0459136962890625,
1.0458571910858154,
1.0456795692443848,
1.045580506324768,
1.045386552810669,
1.045289397239685,
1.045235514640808,
1.045185923576355,
1.0451011657714844,
1.044998288154602,
1.0450507402420044,
1.0448843240737915,
1.0448591709136963,
1.0446761846542358,
1.044660210609436,
1.0445529222488403,
1.0444804430007935,
1.0443075895309448,
1.0442087650299072,
1.0440679788589478,
1.043969750404358,
1.0438650846481323,
1.0437376499176025,
1.0436458587646484,
1.0435495376586914,
1.0433857440948486,
1.0432177782058716,
1.0418834686279297,
1.0430264472961426,
1.042916178703308,
1.042804479598999,
1.0426946878433228,
1.0425628423690796,
1.0424541234970093,
1.0423200130462646,
1.0422219038009644,
1.0420600175857544,
1.0419267416000366,
1.0418356657028198,
1.0416659116744995,
1.0416032075881958,
1.0414950847625732,
1.0413916110992432,
1.0412544012069702,
1.041122317314148,
1.0409817695617676,
1.0408992767333984,
1.040779948234558,
1.0406734943389893,
1.0405664443969727,
1.0403690338134766,
1.040189504623413,
1.0400582551956177,
1.03994882106781,
1.0397801399230957,
1.0396664142608643,
1.0396099090576172,
1.0394165515899658,
1.0392876863479614,
1.0390909910202026,
1.0389784574508667,
1.038796067237854,
1.0386191606521606,
1.0384107828140259,
1.0381802320480347,
1.0381165742874146,
1.037948489189148,
1.0377392768859863,
1.0375908613204956,
1.0374648571014404,
1.037330150604248,
1.0372060537338257,
1.0370477437973022,
1.036974310874939,
1.0368907451629639,
1.0367417335510254,
1.0366021394729614,
1.036423683166504,
1.0362733602523804,
1.0360994338989258,
1.0360289812088013,
1.0358635187149048,
1.0356935262680054,
1.035578966140747,
1.0353279113769531,
1.035220980644226,
1.0350247621536255,
1.0348775386810303,
1.0347286462783813,
1.0345981121063232,
1.0343676805496216,
1.0341743230819702,
1.0340185165405273,
1.0338863134384155,
1.0336633920669556,
1.0335139036178589,
1.033333420753479,
1.0331203937530518,
1.0329005718231201,
1.0327574014663696,
1.0325978994369507,
1.0324033498764038,
1.032285451889038,
1.0320689678192139,
1.0319162607192993,
1.031714677810669,
1.0315488576889038,
1.031319260597229,
1.0311412811279297,
1.0310306549072266,
1.030813455581665,
1.0306434631347656,
1.030419111251831,
1.0303220748901367,
1.0301611423492432,
1.0299712419509888,
1.0298445224761963,
1.0296653509140015,
1.0295007228851318,
1.0292541980743408,
1.0291472673416138,
1.0289809703826904,
1.0288280248641968,
1.0285615921020508,
1.0284857749938965,
1.0282235145568848,
1.028026819229126,
1.0278640985488892,
1.0276583433151245,
1.0274182558059692,
1.0271880626678467,
1.0269547700881958,
1.0267430543899536,
1.0265668630599976,
1.0264129638671875,
1.0261859893798828,
1.025973916053772,
1.025694489479065,
1.0255712270736694,
1.0253719091415405,
1.0251669883728027,
1.0249806642532349,
1.0247622728347778,
1.024572730064392,
1.0244263410568237,
1.0241557359695435,
1.0239464044570923,
1.0238158702850342,
1.0235604047775269,
1.0233081579208374,
1.0230501890182495,
1.0228266716003418,
1.0226151943206787,
1.022460699081421,
1.0221396684646606,
1.0219500064849854,
1.0217576026916504,
1.0214930772781372,
1.0212403535842896,
1.0210083723068237,
1.0207639932632446,
1.02057683467865,
1.0203065872192383,
1.0200448036193848,
1.0197832584381104,
1.0195578336715698,
1.019384741783142,
1.0190807580947876,
1.0188357830047607,
1.0186347961425781,
1.0183897018432617,
1.0181485414505005,
1.0178959369659424,
1.017685055732727,
1.0173969268798828,
1.0171068906784058,
1.0168602466583252,
1.016608476638794,
1.016358494758606,
1.0161391496658325,
1.0159215927124023,
1.015602707862854,
1.015278697013855,
1.0150413513183594,
1.0147278308868408,
1.0144227743148804,
1.0141997337341309,
1.0139615535736084,
1.0136774778366089,
1.0134427547454834,
1.0131062269210815,
1.0128220319747925,
1.0125322341918945,
1.0122475624084473,
1.0119599103927612,
1.0117229223251343,
1.0114657878875732,
1.0111693143844604,
1.0108790397644043,
1.01057767868042,
1.0103102922439575,
1.0100473165512085,
1.0097403526306152,
1.0094512701034546,
1.0090937614440918,
1.008862853050232,
1.0084587335586548,
1.0081528425216675,
1.0078526735305786,
1.007559061050415,
1.0071605443954468,
1.0067172050476074,
1.0065441131591797,
1.0061215162277222,
1.0058465003967285,
1.005561113357544,
1.0052026510238647,
1.0048867464065552,
1.0044561624526978,
1.004101276397705,
1.0037221908569336,
1.0034081935882568,
1.0030795335769653,
1.002751111984253,
1.002366542816162,
1.0020134449005127,
1.001611590385437,
1.0012892484664917,
1.0008578300476074,
1.0004957914352417,
1.0000971555709839,
0.9997535347938538,
0.9993643760681152,
0.9990081191062927,
0.9985858201980591,
0.998184084892273,
0.9978020787239075,
0.997412919998169,
0.996992826461792,
0.9966592788696289,
0.9962485432624817,
0.9958173036575317,
0.9954276084899902,
0.9949989914894104,
0.9945128560066223,
0.9941114783287048,
0.9936900734901428,
0.9932295083999634,
0.9927807450294495,
0.9923100471496582,
0.9918267130851746,
0.9914454221725464,
0.9909279346466064,
0.990484893321991,
0.9899834990501404,
0.989460825920105,
0.9889862537384033,
0.9884825944900513,
0.9879330992698669,
0.9874388575553894,
0.9868678450584412,
0.986311137676239,
0.9858362674713135,
0.9852491617202759,
0.984684407711029,
0.9841043949127197,
0.9835391044616699,
0.982923150062561,
0.9823628664016724,
0.9817466735839844,
0.9811859726905823,
0.9805664420127869,
0.9799433946609497,
0.979267954826355,
0.9787358045578003,
0.9780381321907043,
0.9774595499038696,
0.9768232107162476,
0.9761183857917786,
0.9755003452301025,
0.9748055338859558,
0.974179744720459,
0.9735243320465088,
0.9727970361709595,
0.9720972776412964,
0.9713615775108337,
0.9706741571426392,
0.9699113368988037,
0.9691485166549683,
0.9684479832649231,
0.9677512645721436,
0.9669277667999268,
0.9662143588066101,
0.965503990650177,
0.964702308177948,
0.9639129638671875,
0.9631553888320923,
0.9623929858207703,
0.9616088271141052,
0.9608665108680725,
0.9600030183792114,
0.9591135382652283,
0.9582869410514832,
0.9575578570365906,
0.9566859006881714,
0.9558048248291016,
0.9549768567085266,
0.9541574120521545,
0.9533199667930603,
0.952420711517334,
0.9515791535377502,
0.950739860534668,
0.949812650680542,
0.9489575624465942,
0.9480311274528503,
0.9471049308776855,
0.9461106657981873,
0.9451431035995483,
0.9442784190177917,
0.942779541015625,
0.9423514008522034,
0.9413784742355347,
0.9403853416442871,
0.93937087059021,
0.9385001063346863,
0.9374485611915588,
0.9364796876907349,
0.9353598952293396,
0.9343953728675842,
0.9333381056785583,
0.9323931932449341,
0.9312639236450195,
0.9302507042884827,
0.9291066527366638,
0.9280479550361633,
0.9270239472389221,
0.9260122179985046,
0.9249903559684753,
0.923841118812561,
0.9227396249771118,
0.9217180013656616,
0.9205890893936157,
0.9194567799568176,
0.9183909893035889,
0.917332112789154,
0.9162279963493347,
0.9150763154029846,
0.9139617085456848,
0.9129180312156677,
0.9117102026939392,
0.9106377959251404,
0.9094947576522827,
0.908324658870697,
0.9072545170783997,
0.9062102437019348,
0.9050103425979614,
0.9038825035095215,
0.9026379585266113,
0.9015233516693115,
0.9003639221191406,
0.899265468120575,
0.8981226682662964,
0.896946132183075,
0.8958040475845337,
0.8946117162704468,
0.8935403823852539,
0.8923252820968628,
0.8911365270614624,
0.8899977207183838,
0.8889309167861938,
0.8877928256988525,
0.886594831943512,
0.8854401707649231,
0.8842438459396362,
0.883131742477417,
0.8821845650672913,
0.8811336755752563,
0.8811336755752563,
0.8811336755752563,
0.0,
0.0,
0.0,
0.0,
0.0,
0.0,
0.0,
0.0,
0.0,
0.0,
0.0,
0.0,
0.0,
0.0,
0.0,
0.0,
0.0,
0.0,
0.0,
0.0,
0.0,
0.0,
0.0,
0.0,
0.0,
0.0,
0.0,
0.0,
0.0,
0.0,
0.0,
0.0,
0.0,
0.0,
0.0,
0.0,
0.0,
0.0,
0.0,
0.0,
0.0,
0.0,
0.0,
0.0,
0.0,
0.0,
0.0,
0.0,
0.0,
0.0,
0.0,
0.0,
0.0,
0.0,
0.0,
0.0,
0.0,
0.0,
0.0,
0.0,
0.0,
0.0,
0.0,
0.0,
0.0,
0.0,
0.0,
0.0,
0.0,
0.0,
0.0,
0.0,
0.0,
0.0,
0.0,
0.0,
0.0,
0.0,
0.0,
0.0,
0.0,
0.0,
0.0,
0.0,
0.0,
0.0,
0.0,
0.0,
0.0,
0.0,
0.0,
0.0,
0.0,
0.0,
0.0,
0.0,
0.0,
0.0,
0.0,
0.0,
0.0,
0.0,
0.0,
0.0,
0.0,
0.0,
0.0,
0.0,
0.0,
0.0,
0.0,
0.0,
0.0,
0.0,
0.0,
0.0,
0.0,
0.0,
0.0,
0.0,
0.0,
0.0,
0.0,
0.0,
0.0,
0.0,
0.0,
0.0,
0.0,
0.0,
0.0,
0.0,
0.0,
0.0,
0.0,
0.0,
0.0,
0.0,
0.0,
0.0,
0.0,
0.0,
0.0,
0.0,
0.0,
0.0,
0.0,
0.0,
0.0,
0.0,
0.0,
0.0,
0.0,
0.0,
0.0,
0.0,
0.0,
0.0,
0.0,
0.0,
0.0,
0.0,
0.0,
0.0,
0.0,
0.0,
0.0,
0.0,
0.0,
0.0,
0.0,
0.0,
0.0,
0.0,
0.0,
0.0,
0.0,
0.0,
0.0,
0.0,
0.0,
0.0,
0.0,
0.0,
0.0,
0.0,
0.0,
0.0,
0.0,
0.0,
0.0,
0.0,
0.0,
0.0,
0.0,
0.0,
0.0,
0.0,
0.0,
0.0,
0.0,
0.0,
0.0,
0.0,
0.0,
0.0,
0.0,
0.0,
0.0,
0.0,
0.0,
0.0,
0.0,
0.0,
0.0,
0.0,
0.0,
0.0,
0.0,
0.0,
0.0,
0.0,
0.0,
0.0,
0.0,
0.0,
0.0,
0.0,
0.0,
0.0,
0.0,
0.0,
0.0,
0.0,
0.0,
0.0,
0.0,
0.0,
0.0,
0.0,
0.0,
0.0,
0.0,
0.0,
0.0,
0.0,
0.0,
0.0,
0.0,
0.0,
0.0,
0.0,
0.0,
0.0,
0.0,
0.0,
0.0,
0.0,
0.0,
0.0,
0.0,
0.0,
0.0,
0.0,
0.0,
0.0,
0.0,
0.0,
0.0,
0.0,
0.0,
0.0,
0.0,
0.0,
0.0,
0.0,
0.0,
0.0,
0.0,
0.0,
0.0,
0.0,
0.0,
0.0,
0.0,
0.0,
0.0,
0.0,
0.0,
0.0,
0.0,
0.0,
0.0,
0.0,
0.0,
0.0,
0.0,
0.0,
0.0,
0.0,
0.0,
0.0,
0.0,
0.0,
0.0,
0.0,
0.0,
0.0,
0.0,
0.0,
0.0,
0.0,
0.0,
0.0,
0.0,
0.0,
0.0,
0.0,
0.0,
0.0,
0.0,
0.0,
0.0,
0.0,
0.0,
0.0,
0.0,
0.0,
0.0,
0.0,
0.0,
0.0,
0.0,
0.0,
0.0,
0.0,
0.0,
0.0,
0.0,
0.0,
0.0,
0.0,
0.0,
0.0,
0.0,
0.0,
0.0,
0.0,
0.0,
0.0,
0.0,
0.0,
0.0,
0.0,
0.0,
0.0,
0.0,
0.0,
0.0,
0.0,
0.0,
0.0,
0.0,
0.0,
0.0,
0.0,
0.0,
0.0,
0.0,
0.0,
0.0,
0.0,
0.0,
0.0,
0.0,
0.0,
0.0,
0.0,
0.0,
0.0,
0.0,
0.0,
0.0,
0.0,
0.0,
0.0,
0.0,
0.0,
0.0,
0.0,
0.0,
0.0,
0.0,
0.0,
0.0,
0.0,
0.0,
0.0,
0.0,
0.0,
0.0,
0.0,
0.0,
0.0,
0.0,
0.0,
0.0,
0.0,
0.0,
0.0,
0.0,
0.0,
0.0,
0.0,
0.0,
0.0,
0.0,
0.0,
0.0,
0.0,
0.0,
0.0,
0.0,
0.0,
0.0,
0.0,
0.0,
0.0,
0.0,
0.0,
0.0,
0.0,
0.0,
0.0,
0.0,
0.0,
0.0,
0.0,
0.0,
0.0,
0.0,
0.0,
0.0,
0.0,
0.0,
0.0,
0.0,
0.0,
0.0,
0.0,
0.0,
0.0,
0.0,
0.0,
0.0,
0.0,
0.0,
0.0,
0.0,
0.0,
0.0,
0.0,
0.0,
0.0,
0.0,
0.0,
0.0,
0.0,
0.0,
0.0,
0.0,
0.0,
0.0,
0.0,
0.0,
0.0,
0.0,
0.0,
0.0,
0.0,
0.0,
0.0,
0.0,
0.0,
0.0,
0.0,
0.0,
0.0,
0.0,
0.0,
0.0,
0.0,
0.0,
0.0,
0.0,
0.0,
0.0,
0.0,
0.0,
0.0,
0.0,
0.0,
0.0,
0.0,
0.0,
0.0,
0.0,
0.0,
0.0,
0.0,
0.0,
0.0,
0.0,
0.0,
0.0,
0.0,
0.0,
0.0,
0.0,
0.0,
0.0,
0.0,
0.0,
0.0,
0.0,
0.0,
0.0,
0.0,
0.0,
0.0,
0.0,
0.0,
0.0,
0.0,
0.0,
0.0,
0.0,
0.0,
0.0,
0.0,
0.0,
0.0,
0.0,
0.0,
0.0,
0.0,
0.0,
0.0,
0.0,
0.0,
0.0,
0.0,
0.0,
0.0,
0.0,
0.0,
0.0,
0.0,
0.0,
0.0,
0.0,
0.0,
0.0,
0.0,
0.0,
0.0,
0.0,
0.0,
0.0,
0.0,
0.0,
0.0,
0.0,
0.0,
0.0,
0.0,
0.0,
0.0,
0.0,
0.0,
0.0,
0.0,
0.0,
0.0,
0.0,
0.0,
0.0,
0.0,
0.0,
0.0,
0.0,
0.0,
0.0,
0.0,
0.0,
0.0,
0.0,
0.0,
0.0,
0.0,
0.0,
0.0,
0.0,
0.0,
0.0,
0.0,
0.0,
0.0,
0.0,
0.0,
0.0,
0.0,
0.0,
0.0,
0.0,
0.0,
0.0,
0.0,
0.0,
0.0,
0.0,
0.0,
0.0,
0.0,
0.0,
0.0,
0.0,
0.0,
0.0,
0.0,
0.0,
0.0,
0.0,
0.0,
0.0,
0.0,
0.0,
0.0,
0.0,
0.0,
0.0,
0.0,
0.0,
0.0,
0.0,
0.0,
0.0,
0.0,
0.0,
0.0,
0.0,
0.0,
0.0,
0.0,
0.0,
0.0,
0.0,
0.0,
0.0,
0.0,
0.0,
0.0,
0.0,
0.0,
0.0,
0.0,
0.0,
0.0,
0.0,
0.0,
0.0,
0.0,
0.0,
0.0,
0.0,
0.0,
0.0,
0.0,
0.0,
0.0,
0.0,
0.0,
0.0,
0.0,
0.0,
0.0,
0.0,
0.0,
0.0,
0.0,
0.0,
0.0,
0.0,
0.0,
0.0,
0.0,
0.0,
0.0,
0.0,
0.0,
0.0,
0.0,
0.0,
0.0,
0.0,
0.0,
0.0,
0.0,
0.0,
0.0,
0.0,
0.0,
0.0,
0.0,
0.0,
0.0,
0.0,
0.0,
0.0,
0.0,
0.0,
0.0,
0.0,
0.0,
0.0,
0.0,
0.0,
0.0,
0.0,
0.0,
0.0,
0.0,
0.0,
0.0,
0.0,
0.0,
0.0,
0.0,
0.0,
0.0,
0.0,
0.0,
0.0,
0.0,
0.0,
0.0,
0.0,
0.0,
0.0,
0.0,
0.0,
0.0,
0.0,
0.0,
0.0,
0.0,
0.0,
0.0,
0.0,
0.0,
0.0,
0.0,
0.0,
0.0,
0.0,
0.0,
0.0,
0.0,
0.0,
0.0,
0.0,
0.0,
0.0,
0.0,
0.0,
0.0,
0.0,
0.0,
0.0,
0.0,
0.0,
0.0,
0.0,
0.0,
0.0,
0.0,
0.0,
0.0,
0.0,
0.0,
0.0,
0.0,
0.0,
0.0,
0.0,
0.0,
0.0,
0.0,
0.0,
0.0,
0.0,
0.0,
0.0,
0.0,
0.0,
0.0,
0.0,
0.0,
0.0,
0.0,
0.0,
0.0,
0.0,
0.0,
0.0,
0.0,
0.0,
0.0,
0.0,
0.0,
0.0,
0.0,
0.0,
0.0,
0.0,
0.0,
0.0,
0.0,
0.0,
0.0,
0.0,
0.0,
0.0,
0.0,
0.0,
0.0,
0.0,
0.0,
0.0,
0.0,
0.0,
0.0,
0.0,
0.0,
0.0,
0.0,
0.0,
0.0,
0.0,
0.0,
0.0,
0.0,
0.0,
0.0,
0.0,
0.0,
0.0,
0.0,
0.0,
0.0,
0.0,
0.0,
0.0,
0.0,
0.0,
0.0,
0.0,
0.0,
0.0,
0.0,
0.0,
0.0,
0.0,
0.0,
0.0,
0.0,
0.0,
0.0,
0.0,
0.0,
0.0,
0.0,
0.0,
0.0,
0.0,
0.0,
0.0,
0.0,
0.0,
0.0,
0.0,
0.0,
0.0,
0.0,
0.0,
0.0,
0.0,
0.0,
0.0,
0.0,
0.0,
0.0,
0.0,
0.0,
0.0,
0.0,
0.0,
0.0,
0.0,
0.0,
0.0,
0.0,
0.0,
0.0,
0.0,
0.0,
0.0,
0.0,
0.0,
0.0,
0.0,
0.0,
0.0,
0.0,
0.0,
0.0,
0.0,
0.0,
0.0,
0.0,
0.0,
0.0,
0.0,
0.0,
0.0,
0.0,
0.0,
0.0,
0.0,
0.0,
0.0,
0.0,
0.0,
0.0,
0.0,
0.0,
0.0,
0.0,
0.0,
0.0,
0.0,
0.0,
0.0,
0.0,
0.0,
0.0,
0.0,
0.0,
0.0,
0.0,
0.0,
0.0,
0.0,
0.0,
0.0,
0.0,
0.0,
0.0,
0.0,
0.0,
0.0,
0.0,
0.0,
0.0,
0.0,
0.0,
0.0,
0.0,
0.0,
0.0,
0.0,
0.0,
0.0,
0.0,
0.0,
0.0,
0.0,
0.0,
0.0,
0.0,
0.0,
0.0,
0.0,
0.0,
0.0,
0.0,
0.0,
0.0,
0.0,
0.0,
0.0,
0.0,
0.0,
0.0,
0.0,
0.0,
0.0,
0.0,
0.0,
0.0,
0.0,
0.0,
0.0,
0.0,
0.0,
0.0,
0.0,
0.0,
0.0,
0.0,
0.0,
0.0,
0.0,
0.0,
0.0,
0.0,
0.0,
0.0,
0.0,
0.0,
0.0,
0.0,
0.0,
0.0,
0.0,
0.0,
0.0,
0.0,
0.0,
0.0,
0.0,
0.0,
0.0,
0.0,
0.0,
0.0,
0.0,
0.0,
0.0,
0.0,
0.0,
0.0,
0.0,
0.0,
0.0,
0.0,
0.0,
0.0,
0.0,
0.0,
0.0,
0.0,
0.0,
0.0,
0.0,
0.0,
0.0,
0.0,
0.0,
0.0,
0.0,
0.0,
0.0,
0.0,
0.0,
0.0,
0.0,
0.0,
0.0,
0.0,
0.0,
0.0,
0.0,
0.0,
0.0,
0.0,
0.0,
0.0,
0.0,
0.0,
0.0,
0.0,
0.0,
0.0,
0.0,
0.0,
0.0,
0.0,
0.0,
0.0,
0.0,
0.0,
0.0,
0.0,
0.0,
0.0,
0.0,
0.0,
0.0,
0.0,
0.0,
0.0,
0.0,
0.0,
0.0,
0.0,
0.0,
0.0,
0.0,
0.0,
0.0,
0.0,
0.0,
0.0,
0.0,
0.0,
0.0,
0.0,
0.0,
0.0,
0.0,
0.0,
0.0,
0.0,
0.0,
0.0,
0.0,
0.0,
0.0,
0.0,
0.0,
0.0,
0.0,
0.0,
0.0,
0.0,
0.0,
0.0,
0.0,
0.0,
0.0,
0.0,
0.0,
0.0,
0.0,
0.0,
0.0,
0.0,
0.0,
0.0,
0.0,
0.0,
0.0,
0.0,
0.0,
0.0,
0.0,
0.0,
0.0,
0.0,
0.0,
0.0,
0.0,
0.0,
0.0,
0.0,
0.0,
0.0,
0.0,
0.0,
0.0,
0.0,
0.0,
0.0,
0.0,
0.0,
0.0,
0.0,
0.0,
0.0,
0.0,
0.0,
0.0,
0.0,
0.0,
0.0,
0.0,
0.0,
0.0,
0.0,
0.0,
0.0,
0.0,
0.0,
0.0,
0.0,
0.0,
0.0,
0.0,
0.0,
0.0,
0.0,
0.0,
0.0,
0.0,
0.0,
0.0,
0.0,
0.0,
0.0,
0.0,
0.0,
0.0,
0.0,
0.0,
0.0,
0.0,
0.0,
0.0,
0.0,
0.0,
0.0,
0.0,
0.0,
0.0,
0.0,
0.0,
0.0,
0.0,
0.0,
0.0,
0.0,
0.0,
0.0,
0.0,
0.0,
0.0,
0.0,
0.0,
0.0,
0.0,
0.0,
0.0,
0.0,
0.0,
0.0,
0.0,
0.0,
0.0,
0.0,
0.0,
0.0,
0.0,
0.0,
0.0,
0.0,
0.0,
0.0,
0.0,
0.0,
0.0,
0.0,
0.0,
0.0,
0.0,
0.0,
0.0,
0.0,
0.0,
0.0,
0.0,
0.0,
0.0,
0.0,
0.0,
0.0,
0.0,
0.0,
0.0,
0.0,
0.0,
0.0,
0.0,
0.0,
0.0,
0.0,
0.0,
0.0,
0.0,
0.0,
0.0,
0.0,
0.0,
0.0,
0.0,
0.0,
0.0,
0.0,
0.0,
0.0,
0.0,
0.0,
0.0,
0.0,
0.0,
0.0,
0.0,
0.0,
0.0,
0.0,
0.0,
0.0,
0.0,
0.0,
0.0,
0.0,
0.0,
0.0,
0.0,
0.0,
0.0,
0.0,
0.0,
0.0,
0.0,
0.0,
0.0,
0.0,
0.0,
0.0,
0.0,
0.0,
0.0,
0.0,
0.0,
0.0,
0.0,
0.0,
0.0,
0.0,
0.0,
0.0,
0.0,
0.0,
0.0,
0.0,
0.0,
0.0,
0.0,
0.0,
0.0,
0.0,
0.0,
0.0,
0.0,
0.0,
0.0,
0.0,
0.0,
0.0,
0.0,
0.0,
0.0,
0.0,
0.0,
0.0,
0.0,
0.0,
0.0,
0.0,
0.0,
0.0,
0.0,
0.0,
0.0,
0.0,
0.0,
0.0,
0.0,
0.0,
0.0,
0.0,
0.0,
0.0,
0.0,
0.0,
0.0,
0.0,
0.0,
0.0,
0.0,
0.0,
0.0,
0.0,
0.0,
0.0,
0.0,
0.0,
0.0,
0.0,
0.0,
0.0,
0.0,
0.0,
0.0,
0.0,
0.0,
0.0,
0.0,
0.0,
0.0,
0.0,
0.0,
0.0,
0.0,
0.0,
0.0,
0.0,
0.0,
0.0,
0.0,
0.0,
0.0,
0.0,
0.0,
0.0,
0.0,
0.0,
0.0,
0.0,
0.0,
0.0,
0.0,
0.0,
0.0,
0.0,
0.0,
0.0,
0.0,
0.0,
0.0,
0.0,
0.0,
0.0,
0.0,
0.0,
0.0,
0.0,
0.0,
0.0,
0.0,
0.0,
0.0,
0.0,
0.0,
0.0,
0.0,
0.0,
0.0,
0.0,
0.0,
0.0,
0.0,
0.0,
0.0,
0.0,
0.0,
0.0,
0.0,
0.0,
0.0,
0.0,
0.0,
0.0,
0.0,
0.0,
