1.0709693431854248,
1.0720186233520508,
1.0725762844085693,
1.073028326034546,
1.0737658739089966,
1.0741376876831055,
1.0745055675506592,
1.0747789144515991,
1.0748755931854248,
1.0749502182006836,
1.0751450061798096,
1.0751887559890747,
1.0752843618392944,
1.0751407146453857,
1.0753923654556274,
1.075333595275879,
1.0754038095474243,
1.07540762424469,
1.075508952140808,
1.0754928588867188,
1.0755256414413452,
1.0754401683807373,
1.0754917860031128,
1.0755467414855957,
1.0754252672195435,
1.0754643678665161,
1.0753638744354248,
1.0753470659255981,
1.07527494430542,
1.0754609107971191,
1.0755040645599365,
1.0756522417068481,
1.075643539428711,
1.0756701231002808,
1.0756595134735107,
1.0757495164871216,
1.0758094787597656,
1.075691819190979,
1.0757688283920288,
1.0756230354309082,
1.0756497383117676,
1.0756497383117676,
1.0755300521850586,
1.0753908157348633,
1.0754681825637817,
1.0754905939102173,
1.0754666328430176,
1.075469970703125,
1.0755631923675537,
1.0754289627075195,
1.0754588842391968,
1.0754867792129517,
1.0754190683364868,
1.0754226446151733,
1.075339436531067,
1.0754269361495972,
1.0755025148391724,
1.0753943920135498,
1.0754109621047974,
1.075439691543579,
1.0754451751708984,
1.0754226446151733,
1.0753401517868042,
1.0753135681152344,
1.0752568244934082,
1.0750925540924072,
1.0751402378082275,
1.0751323699951172,
1.0751489400863647,
1.0751787424087524,
1.0752129554748535,
1.0750917196273804,
1.0751230716705322,
1.0751254558563232,
1.0751725435256958,
1.0751121044158936,
1.0750563144683838,
1.0749746561050415,
1.0750253200531006,
1.0750653743743896,
1.0738662481307983,
1.074989676475525,
1.074853539466858,
1.0748504400253296,
1.0749329328536987,
1.0749609470367432,
1.075036883354187,
1.0750343799591064,
1.0749928951263428,
1.0748569965362549,
1.0747795104980469,
1.074812412261963,
1.0746630430221558,
1.0746088027954102,
1.0745975971221924,
1.0745453834533691,
1.0745518207550049,
1.07445228099823,
1.0744086503982544,
1.0744349956512451,
1.0744390487670898,
1.0743298530578613,
1.074366569519043,
1.074334740638733,
1.0742781162261963,
1.0742467641830444,
1.0741517543792725,
1.0741912126541138,
1.0742114782333374,
1.0742135047912598,
1.0741139650344849,
1.074195146560669,
1.0741262435913086,
1.0740617513656616,
1.0740275382995605,
1.0738967657089233,
1.0739372968673706,
1.073979139328003,
1.0739805698394775,
1.0739872455596924,
1.0740193128585815,
1.0738402605056763,
1.0737817287445068,
1.0736958980560303,
1.0736427307128906,
1.073675274848938,
1.0735911130905151,
1.0736100673675537,
1.0734741687774658,
1.0735594034194946,
1.0733824968338013,
1.0735161304473877,
1.0734347105026245,
1.0733963251113892,
1.0733695030212402,
1.0733979940414429,
1.0734491348266602,
1.0732866525650024,
1.073032021522522,
1.0730350017547607,
1.0730563402175903,
1.0730865001678467,
1.072962760925293,
1.0729750394821167,
1.0728957653045654,
1.0729079246520996,
1.0730706453323364,
1.0730761289596558,
1.0730514526367188,
1.0729222297668457,
1.072858452796936,
1.0727680921554565,
1.072684645652771,
1.072694182395935,
1.0726330280303955,
1.0726975202560425,
1.0727297067642212,
1.0726122856140137,
1.0726288557052612,
1.0724809169769287,
1.0723812580108643,
1.0723148584365845,
1.0722675323486328,
1.0721935033798218,
1.0720374584197998,
1.071985125541687,
1.0719521045684814,
1.0720752477645874,
1.0722062587738037,
1.0723158121109009,
1.0721232891082764,
1.0721867084503174,
1.0721828937530518,
1.072115182876587,
1.0720688104629517,
1.0719375610351562,
1.0718759298324585,
1.071795105934143,
1.071760892868042,
1.0718377828598022,
1.0717335939407349,
1.0718436241149902,
1.071772575378418,
1.0716325044631958,
1.0716263055801392,
1.0714613199234009,
1.071376085281372,
1.07133150100708,
1.0714614391326904,
1.0712521076202393,
1.0713714361190796,
1.0712395906448364,
1.0711660385131836,
1.0710210800170898,
1.0709798336029053,
1.070726990699768,
1.0706511735916138,
1.0705912113189697,
1.0705780982971191,
1.0707086324691772,
1.0706665515899658,
1.0704734325408936,
1.0704699754714966,
1.0705024003982544,
1.0704200267791748,
1.0702968835830688,
1.070104956626892,
1.0700761079788208,
1.0702853202819824,
1.0704771280288696,
1.0705337524414062,
1.0703173875808716,
1.0704621076583862,
1.070372462272644,
1.0704079866409302,
1.070346713066101,
1.0701619386672974,
1.0702780485153198,
1.0701643228530884,
1.070143222808838,
1.069886326789856,
1.0699031352996826,
1.0698705911636353,
1.0697908401489258,
1.069812536239624,
1.0699007511138916,
1.0698336362838745,
1.0696295499801636,
1.069597840309143,
1.0696619749069214,
1.0697382688522339,
1.069708228111267,
1.0696580410003662,
1.0694876909255981,
1.0694767236709595,
1.0695085525512695,
1.0696147680282593,
1.0694481134414673,
1.0694634914398193,
1.0693490505218506,
1.069380521774292,
1.0692607164382935,
1.0692813396453857,
1.069217324256897,
1.069320797920227,
1.0692570209503174,
1.0692312717437744,
1.069151520729065,
1.0692522525787354,
1.0692332983016968,
1.0692559480667114,
1.069148302078247,
1.0691481828689575,
1.0691428184509277,
1.0691137313842773,
1.0690548419952393,
1.0690127611160278,
1.068938136100769,
1.0689747333526611,
1.0687912702560425,
1.0688135623931885,
1.0687620639801025,
1.0687556266784668,
1.0685977935791016,
1.0683155059814453,
1.0683672428131104,
1.0683906078338623,
1.0684597492218018,
1.0684940814971924,
1.0684071779251099,
1.0682339668273926,
1.0678807497024536,
1.067988634109497,
1.067948579788208,
1.0678503513336182,
1.0680392980575562,
1.0679922103881836,
1.0679820775985718,
1.0679194927215576,
1.0677865743637085,
1.0677189826965332,
1.0677636861801147,
1.0677375793457031,
1.0676007270812988,
1.0676298141479492,
1.0675382614135742,
1.0674890279769897,
1.0674842596054077,
1.0674461126327515,
1.067336916923523,
1.0671411752700806,
1.065855622291565,
1.0671168565750122,
1.0670043230056763,
1.0671629905700684,
1.0671091079711914,
1.067048192024231,
1.0669617652893066,
1.0670063495635986,
1.0665674209594727,
1.066611647605896,
1.0665515661239624,
1.0664186477661133,
1.0663588047027588,
1.0666007995605469,
1.0664288997650146,
1.0664080381393433,
1.0665948390960693,
1.066437005996704,
1.0664857625961304,
1.0662747621536255,
1.0662083625793457,
1.0661940574645996,
1.0661649703979492,
1.0661042928695679,
1.0660375356674194,
1.065931797027588,
1.065912127494812,
1.0657514333724976,
1.065778374671936,
1.0656945705413818,
1.0656784772872925,
1.0655244588851929,
1.0654914379119873,
1.0652846097946167,
1.0651298761367798,
1.0650537014007568,
1.065123200416565,
1.065190315246582,
1.0650986433029175,
1.065087914466858,
1.065010666847229,
1.0649055242538452,
1.0649051666259766,
1.0647026300430298,
1.0648329257965088,
1.0649224519729614,
1.064812421798706,
1.0647976398468018,
1.0647907257080078,
1.0646281242370605,
1.0647680759429932,
1.0647616386413574,
1.0647764205932617,
1.064763069152832,
1.0646837949752808,
1.064578890800476,
1.0643888711929321,
1.0642930269241333,
1.0642229318618774,
1.0640748739242554,
1.0639854669570923,
1.0640645027160645,
1.0640275478363037,
1.0639570951461792,
1.0639396905899048,
1.06393301486969,
1.0639736652374268,
1.0639399290084839,
1.0637816190719604,
1.063727617263794,
1.0637058019638062,
1.0636447668075562,
1.0635987520217896,
1.0636738538742065,
1.0636823177337646,
1.063533067703247,
1.063319444656372,
1.0633105039596558,
1.063269019126892,
1.063289761543274,
1.0633031129837036,
1.0632227659225464,
1.0630131959915161,
1.0629812479019165,
1.0628962516784668,
1.0627996921539307,
1.0627473592758179,
1.062659740447998,
1.0626109838485718,
1.062813401222229,
1.0626965761184692,
1.062448501586914,
1.0623793601989746,
1.0622721910476685,
1.0622074604034424,
1.0620688199996948,
1.062187671661377,
1.0620068311691284,
1.0620217323303223,
1.062067985534668,
1.061940312385559,
1.0619709491729736,
1.0620185136795044,
1.0619844198226929,
1.0618269443511963,
1.061794638633728,
1.061985731124878,
1.0618664026260376,
1.0618376731872559,
1.061728835105896,
1.061526894569397,
1.0614831447601318,
1.0613768100738525,
1.0614665746688843,
1.0614341497421265,
1.0614455938339233,
1.0613206624984741,
1.0614036321640015,
1.0612983703613281,
1.0611300468444824,
1.0611906051635742,
1.061132550239563,
1.0610731840133667,
1.0610008239746094,
1.059665560722351,
1.060991883277893,
1.0608704090118408,
1.0607932806015015,
1.060820460319519,
1.0606566667556763,
1.0605158805847168,
1.0605701208114624,
1.0604838132858276,
1.0603944063186646,
1.0605318546295166,
1.0605313777923584,
1.0604552030563354,
1.060370922088623,
1.0602951049804688,
1.060176968574524,
1.0600374937057495,
1.0600110292434692,
1.0598899126052856,
1.059860110282898,
1.0597419738769531,
1.0598238706588745,
1.0596035718917847,
1.0595492124557495,
1.059530258178711,
1.0593574047088623,
1.05934476852417,
1.0593870878219604,
1.0592111349105835,
1.059239149093628,
1.0590004920959473,
1.058774709701538,
1.0587574243545532,
1.0587084293365479,
1.058729887008667,
1.0587650537490845,
1.058775544166565,
1.0587180852890015,
1.0586384534835815,
1.058588981628418,
1.0587271451950073,
1.0585720539093018,
1.0585746765136719,
1.0585551261901855,
1.0585310459136963,
1.0584996938705444,
1.058503270149231,
1.058342695236206,
1.0583113431930542,
1.0580967664718628,
1.0580837726593018,
1.0580114126205444,
1.0579291582107544,
1.0578243732452393,
1.0578603744506836,
1.0577954053878784,
1.0578715801239014,
1.0578562021255493,
1.0576753616333008,
1.057615041732788,
1.057580590248108,
1.057504415512085,
1.0575402975082397,
1.0574795007705688,
1.0573735237121582,
1.0572290420532227,
1.0572770833969116,
1.0571198463439941,
1.057125210762024,
1.0569370985031128,
1.0566262006759644,
1.056553840637207,
1.0564959049224854,
1.056404709815979,
1.0563395023345947,
1.0561894178390503,
1.0563510656356812,
1.0562430620193481,
1.056199312210083,
1.0560661554336548,
1.0558232069015503,
1.0557364225387573,
1.0558104515075684,
1.0556660890579224,
1.0556658506393433,
1.0556689500808716,
1.0554426908493042,
1.0553947687149048,
1.0554386377334595,
1.0552412271499634,
1.0553038120269775,
1.055298924446106,
1.055176019668579,
1.0551618337631226,
1.0549708604812622,
1.054929256439209,
1.054905652999878,
1.054896593093872,
1.0548036098480225,
1.0547045469284058,
1.0544986724853516,
1.0544005632400513,
1.054381012916565,
1.0542412996292114,
1.0540882349014282,
1.054011344909668,
1.053837776184082,
1.053905725479126,
1.0538970232009888,
1.053663730621338,
1.0536733865737915,
1.0535718202590942,
1.0535614490509033,
1.0536209344863892,
1.0536413192749023,
1.053334355354309,
1.0534486770629883,
1.053342342376709,
1.0533002614974976,
1.052999496459961,
1.0531165599822998,
1.0531145334243774,
1.053074836730957,
1.0531203746795654,
1.0531193017959595,
1.0529478788375854,
1.0517327785491943,
1.0527812242507935,
1.0525847673416138,
1.0526179075241089,
1.0525802373886108,
1.0525779724121094,
1.0523582696914673,
1.0521389245986938,
1.0521841049194336,
1.0520013570785522,
1.0520243644714355,
1.0518279075622559,
1.0518193244934082,
1.0517185926437378,
1.0516797304153442,
1.051603078842163,
1.05170476436615,
1.051461100578308,
1.0513966083526611,
1.0512644052505493,
1.0512281656265259,
1.051354169845581,
1.051274061203003,
1.0511530637741089,
1.0509623289108276,
1.051039457321167,
1.050992488861084,
1.051093578338623,
1.0510355234146118,
1.0509220361709595,
1.050830602645874,
1.0507267713546753,
1.0494303703308105,
1.0507209300994873,
1.0505316257476807,
1.0503942966461182,
1.0502679347991943,
1.0500859022140503,
1.0502270460128784,
1.0502243041992188,
1.0500379800796509,
1.049930214881897,
1.0497184991836548,
1.0497488975524902,
1.0495166778564453,
1.0494461059570312,
1.0492488145828247,
1.049295425415039,
1.0491759777069092,
1.049019694328308,
1.0491092205047607,
1.0488526821136475,
1.0487860441207886,
1.048781156539917,
1.048849105834961,
1.0487847328186035,
1.048663854598999,
1.048659324645996,
1.0485888719558716,
1.048344373703003,
1.04826819896698,
1.0482921600341797,
1.0481743812561035,
1.048210620880127,
1.0477209091186523,
1.047929048538208,
1.0477253198623657,
1.0477516651153564,
1.0478031635284424,
1.047683596611023,
1.047734260559082,
1.0475900173187256,
1.0475292205810547,
1.0473538637161255,
1.0472534894943237,
1.047195553779602,
1.0471503734588623,
1.047040343284607,
1.0470317602157593,
1.0470242500305176,
1.046893835067749,
1.0467716455459595,
1.0467852354049683,
1.0466415882110596,
1.0465587377548218,
1.0465705394744873,
1.0465525388717651,
1.0464742183685303,
1.046216607093811,
1.0461963415145874,
1.0460559129714966,
1.046000361442566,
1.045885443687439,
1.045786738395691,
1.0455540418624878,
1.0456299781799316,
1.0453813076019287,
1.0453823804855347,
1.0450716018676758,
1.0450119972229004,
1.044675588607788,
1.0447313785552979,
1.044577717781067,
1.044460415840149,
1.0444952249526978,
1.0443087816238403,
1.0439966917037964,
1.043992519378662,
1.0438650846481323,
1.0438446998596191,
1.043830394744873,
1.0436193943023682,
1.0435960292816162,
1.0435036420822144,
1.043559193611145,
1.0435415506362915,
1.0434520244598389,
1.0432344675064087,
1.0431177616119385,
1.0430387258529663,
1.0426464080810547,
1.042638897895813,
1.0425854921340942,
1.042431116104126,
1.0424946546554565,
1.0425822734832764,
1.0421944856643677,
1.0421894788742065,
1.0418710708618164,
1.040481686592102,
1.0417741537094116,
1.0416479110717773,
1.0413695573806763,
1.0412824153900146,
1.0413079261779785,
1.0412449836730957,
1.0411823987960815,
1.0410926342010498,
1.0408220291137695,
1.0406334400177002,
1.0404889583587646,
1.0404268503189087,
1.0402474403381348,
1.040023922920227,
1.0398530960083008,
1.0397605895996094,
1.0396878719329834,
1.0394130945205688,
1.0393459796905518,
1.039258599281311,
1.0393730401992798,
1.0391411781311035,
1.0389773845672607,
1.0389350652694702,
1.038796305656433,
1.0386015176773071,
1.0385271310806274,
1.0382959842681885,
1.0382230281829834,
1.0381932258605957,
1.0380760431289673,
1.0379670858383179,
1.0377691984176636,
1.0376702547073364,
1.037491798400879,
1.0374748706817627,
1.037352204322815,
1.0370922088623047,
1.0368460416793823,
1.0367876291275024,
1.0366110801696777,
1.036523461341858,
1.036305546760559,
1.0361018180847168,
1.0360403060913086,
1.0358282327651978,
1.035521149635315,
1.0354137420654297,
1.0354372262954712,
1.0353021621704102,
1.0349974632263184,
1.034842610359192,
1.0346356630325317,
1.0345566272735596,
1.0344222784042358,
1.0342249870300293,
1.0339475870132446,
1.0338146686553955,
1.0337719917297363,
1.0336495637893677,
1.033628225326538,
1.033352017402649,
1.0332177877426147,
1.0331288576126099,
1.0330679416656494,
1.0328885316848755,
1.0325888395309448,
1.032492756843567,
1.032310962677002,
1.0320874452590942,
1.0320402383804321,
1.0317970514297485,
1.031525731086731,
1.0313345193862915,
1.0313513278961182,
1.0311501026153564,
1.030948519706726,
1.030812382698059,
1.0306257009506226,
1.0302094221115112,
1.0301874876022339,
1.0300042629241943,
1.0298060178756714,
1.029560923576355,
1.029654622077942,
1.0293176174163818,
1.0291941165924072,
1.0289465188980103,
1.028853416442871,
1.0287235975265503,
1.0284702777862549,
1.028347134590149,
1.0281070470809937,
1.0277658700942993,
1.0274946689605713,
1.027245283126831,
1.0271283388137817,
1.0269287824630737,
1.026768445968628,
1.0265060663223267,
1.0263649225234985,
1.0261051654815674,
1.0260305404663086,
1.0257524251937866,
1.0254048109054565,
1.0253068208694458,
1.0249899625778198,
1.0249906778335571,
1.0247248411178589,
1.0245579481124878,
1.0243167877197266,
1.0240788459777832,
1.0238946676254272,
1.0235742330551147,
1.0232994556427002,
1.0231668949127197,
1.0229839086532593,
1.02265202999115,
1.0223666429519653,
1.0221744775772095,
1.0219498872756958,
1.0216906070709229,
1.0213942527770996,
1.0210609436035156,
1.0208678245544434,
1.0206612348556519,
1.020448088645935,
1.0201592445373535,
1.0199443101882935,
1.0196908712387085,
1.019438624382019,
1.0191855430603027,
1.0187934637069702,
1.0184273719787598,
1.0181163549423218,
1.0178316831588745,
1.0175886154174805,
1.0171763896942139,
1.0168637037277222,
1.0167711973190308,
1.0164525508880615,
1.0161855220794678,
1.0157965421676636,
1.0155010223388672,
1.0152349472045898,
1.0149116516113281,
1.0146061182022095,
1.0142987966537476,
1.0139374732971191,
1.0136003494262695,
1.0131592750549316,
1.0127862691879272,
1.012428641319275,
1.0120400190353394,
1.0116970539093018,
1.0112684965133667,
1.010939359664917,
1.010614275932312,
1.010142207145691,
1.0098508596420288,
1.0094548463821411,
1.0090292692184448,
1.008703351020813,
1.008323311805725,
1.0079034566879272,
1.0074108839035034,
1.0071632862091064,
1.006726622581482,
1.0063393115997314,
1.0058561563491821,
1.0055232048034668,
1.0050928592681885,
1.0046167373657227,
1.0042924880981445,
1.0037877559661865,
1.0033944845199585,
1.0030491352081299,
1.002562403678894,
1.002158284187317,
1.0017324686050415,
1.0012105703353882,
1.000838279724121,
1.0001983642578125,
0.9997965097427368,
0.9992600083351135,
0.998803973197937,
0.998359739780426,
0.9979087710380554,
0.9973099827766418,
0.9967601299285889,
0.9963470697402954,
0.9957990646362305,
0.9953938126564026,
0.9948329925537109,
0.9943262934684753,
0.9938345551490784,
0.9933062195777893,
0.9930248856544495,
0.9924514293670654,
0.9919444918632507,
0.9913995862007141,
0.990841269493103,
0.9903258681297302,
0.9895791411399841,
0.9891595840454102,
0.9885654449462891,
0.9879904389381409,
0.9875531196594238,
0.9869341254234314,
0.9863749742507935,
0.9858278632164001,
0.9852650165557861,
0.9846936464309692,
0.9840884208679199,
0.9835926294326782,
0.9830907583236694,
0.9824926853179932,
0.981766402721405,
0.9812815189361572,
0.980591893196106,
0.9799547791481018,
0.9794782400131226,
0.9789612293243408,
0.9783865809440613,
0.9779030084609985,
0.9772804975509644,
0.9767621159553528,
0.9761530756950378,
0.9755340218544006,
0.9748571515083313,
0.9745374321937561,
0.9736396670341492,
0.9731103777885437,
0.9724056720733643,
0.9718946814537048,
0.9712045788764954,
0.9705485105514526,
0.9699633717536926,
0.9694889783859253,
0.9688311219215393,
0.968247652053833,
0.9677294492721558,
0.9670957922935486,
0.9664506912231445,
0.9658713936805725,
0.9652076959609985,
0.964462161064148,
0.963897705078125,
0.9632272124290466,
0.9626212120056152,
0.9620012640953064,
0.96137934923172,
0.9607437252998352,
0.9600368142127991,
0.9594419002532959,
0.958768904209137,
0.9579999446868896,
0.9573183059692383,
0.9565153121948242,
0.955876350402832,
0.9552546143531799,
0.9545957446098328,
0.9539670348167419,
0.953318178653717,
0.9526692032814026,
0.9519974589347839,
0.9512562155723572,
0.9505313634872437,
0.9497864246368408,
0.9492286443710327,
0.9472334384918213,
0.9477565884590149,
0.9469751715660095,
0.9460932612419128,
0.9455227851867676,
0.9448370933532715,
0.9442134499549866,
0.9433318972587585,
0.9427000880241394,
0.9419822096824646,
0.9412469863891602,
0.9405331015586853,
0.939719557762146,
0.9391037821769714,
0.938357412815094,
0.9374802708625793,
0.9367176294326782,
0.9357897639274597,
0.9351828098297119,
0.934522271156311,
0.9338219165802002,
0.9329752326011658,
0.9322515726089478,
0.9314593076705933,
0.9306745529174805,
0.929867684841156,
0.9290881156921387,
0.9282992482185364,
0.9275236129760742,
0.9266598224639893,
0.9258772134780884,
0.9250364899635315,
0.9242207407951355,
0.9234227538108826,
0.9226840734481812,
0.9217458963394165,
0.9208889603614807,
0.918979287147522,
0.9193897247314453,
0.9186011552810669,
0.9177790880203247,
0.916922926902771,
0.9159197211265564,
0.9151989221572876,
0.9144120216369629,
0.9135922193527222,
0.9127788543701172,
0.9118010997772217,
0.9110134243965149,
0.9101971983909607,
0.9093789458274841,
0.9084615111351013,
0.9076582193374634,
0.9069103598594666,
0.9061340093612671,
0.9052678942680359,
0.9045068621635437,
0.9036406874656677,
0.9029039144515991,
0.9019507169723511,
0.9010867476463318,
0.9002653956413269,
0.8993626832962036,
0.8986055254936218,
0.8978304862976074,
0.8969635367393494,
0.8961179852485657,
0.8952932357788086,
0.8944330811500549,
0.8935967087745667,
0.8927735686302185,
0.8919808864593506,
0.8910406827926636,
0.8901907205581665,
0.8892680406570435,
0.8883736729621887,
0.8875383734703064,
0.8867351412773132,
0.8858806490898132,
0.884895384311676,
0.8840944170951843,
0.8831606507301331,
0.8823193907737732,
0.8816565275192261,
0.8809421062469482,
0.8802356123924255,
0.8802356123924255,
0.8802356123924255,
0.0,
0.0,
0.0,
0.0,
0.0,
0.0,
0.0,
0.0,
0.0,
0.0,
0.0,
0.0,
0.0,
0.0,
0.0,
0.0,
0.0,
0.0,
0.0,
0.0,
0.0,
0.0,
0.0,
0.0,
0.0,
0.0,
0.0,
0.0,
0.0,
0.0,
0.0,
0.0,
0.0,
0.0,
0.0,
0.0,
0.0,
0.0,
0.0,
0.0,
0.0,
0.0,
0.0,
0.0,
0.0,
0.0,
0.0,
0.0,
0.0,
0.0,
0.0,
0.0,
0.0,
0.0,
0.0,
0.0,
0.0,
0.0,
0.0,
0.0,
0.0,
0.0,
0.0,
0.0,
0.0,
0.0,
0.0,
0.0,
0.0,
0.0,
0.0,
0.0,
0.0,
0.0,
0.0,
0.0,
0.0,
0.0,
0.0,
0.0,
0.0,
0.0,
0.0,
0.0,
0.0,
0.0,
0.0,
0.0,
0.0,
0.0,
0.0,
0.0,
0.0,
0.0,
0.0,
0.0,
0.0,
0.0,
0.0,
0.0,
0.0,
0.0,
0.0,
0.0,
0.0,
0.0,
0.0,
0.0,
0.0,
0.0,
0.0,
0.0,
0.0,
0.0,
0.0,
0.0,
0.0,
0.0,
0.0,
0.0,
0.0,
0.0,
0.0,
0.0,
0.0,
0.0,
0.0,
0.0,
0.0,
0.0,
0.0,
0.0,
0.0,
0.0,
0.0,
0.0,
0.0,
0.0,
0.0,
0.0,
0.0,
0.0,
0.0,
0.0,
0.0,
0.0,
0.0,
0.0,
0.0,
0.0,
0.0,
0.0,
0.0,
0.0,
0.0,
0.0,
0.0,
0.0,
0.0,
0.0,
0.0,
0.0,
0.0,
0.0,
0.0,
0.0,
0.0,
0.0,
0.0,
0.0,
0.0,
0.0,
0.0,
0.0,
0.0,
0.0,
0.0,
0.0,
0.0,
0.0,
0.0,
0.0,
0.0,
0.0,
0.0,
0.0,
0.0,
0.0,
0.0,
0.0,
0.0,
0.0,
0.0,
0.0,
0.0,
0.0,
0.0,
0.0,
0.0,
0.0,
0.0,
0.0,
0.0,
0.0,
0.0,
0.0,
0.0,
0.0,
0.0,
0.0,
0.0,
0.0,
0.0,
0.0,
0.0,
0.0,
0.0,
0.0,
0.0,
0.0,
0.0,
0.0,
0.0,
0.0,
0.0,
0.0,
0.0,
0.0,
0.0,
0.0,
0.0,
0.0,
0.0,
0.0,
0.0,
0.0,
0.0,
0.0,
0.0,
0.0,
0.0,
0.0,
0.0,
0.0,
0.0,
0.0,
0.0,
0.0,
0.0,
0.0,
0.0,
0.0,
0.0,
0.0,
0.0,
0.0,
0.0,
0.0,
0.0,
0.0,
0.0,
0.0,
0.0,
0.0,
0.0,
0.0,
0.0,
0.0,
0.0,
0.0,
0.0,
0.0,
0.0,
0.0,
0.0,
0.0,
0.0,
0.0,
0.0,
0.0,
0.0,
0.0,
0.0,
0.0,
0.0,
0.0,
0.0,
0.0,
0.0,
0.0,
0.0,
0.0,
0.0,
0.0,
0.0,
0.0,
0.0,
0.0,
0.0,
0.0,
0.0,
0.0,
0.0,
0.0,
0.0,
0.0,
0.0,
0.0,
0.0,
0.0,
0.0,
0.0,
0.0,
0.0,
0.0,
0.0,
0.0,
0.0,
0.0,
0.0,
0.0,
0.0,
0.0,
0.0,
0.0,
0.0,
0.0,
0.0,
0.0,
0.0,
0.0,
0.0,
0.0,
0.0,
0.0,
0.0,
0.0,
0.0,
0.0,
0.0,
0.0,
0.0,
0.0,
0.0,
0.0,
0.0,
0.0,
0.0,
0.0,
0.0,
0.0,
0.0,
0.0,
0.0,
0.0,
0.0,
0.0,
0.0,
0.0,
0.0,
0.0,
0.0,
0.0,
0.0,
0.0,
0.0,
0.0,
0.0,
0.0,
0.0,
0.0,
0.0,
0.0,
0.0,
0.0,
0.0,
0.0,
0.0,
0.0,
0.0,
0.0,
0.0,
0.0,
0.0,
0.0,
0.0,
0.0,
0.0,
0.0,
0.0,
0.0,
0.0,
0.0,
0.0,
0.0,
0.0,
0.0,
0.0,
0.0,
0.0,
0.0,
0.0,
0.0,
0.0,
0.0,
0.0,
0.0,
0.0,
0.0,
0.0,
0.0,
0.0,
0.0,
0.0,
0.0,
0.0,
0.0,
0.0,
0.0,
0.0,
0.0,
0.0,
0.0,
0.0,
0.0,
0.0,
0.0,
0.0,
0.0,
0.0,
0.0,
0.0,
0.0,
0.0,
0.0,
0.0,
0.0,
0.0,
0.0,
0.0,
0.0,
0.0,
0.0,
0.0,
0.0,
0.0,
0.0,
0.0,
0.0,
0.0,
0.0,
0.0,
0.0,
0.0,
0.0,
0.0,
0.0,
0.0,
0.0,
0.0,
0.0,
0.0,
0.0,
0.0,
0.0,
0.0,
0.0,
0.0,
0.0,
0.0,
0.0,
0.0,
0.0,
0.0,
0.0,
0.0,
0.0,
0.0,
0.0,
0.0,
0.0,
0.0,
0.0,
0.0,
0.0,
0.0,
0.0,
0.0,
0.0,
0.0,
0.0,
0.0,
0.0,
0.0,
0.0,
0.0,
0.0,
0.0,
0.0,
0.0,
0.0,
0.0,
0.0,
0.0,
0.0,
0.0,
0.0,
0.0,
0.0,
0.0,
0.0,
0.0,
0.0,
0.0,
0.0,
0.0,
0.0,
0.0,
0.0,
0.0,
0.0,
0.0,
0.0,
0.0,
0.0,
0.0,
0.0,
0.0,
0.0,
0.0,
0.0,
0.0,
0.0,
0.0,
0.0,
0.0,
0.0,
0.0,
0.0,
0.0,
0.0,
0.0,
0.0,
0.0,
0.0,
0.0,
0.0,
0.0,
0.0,
0.0,
0.0,
0.0,
0.0,
0.0,
0.0,
0.0,
0.0,
0.0,
0.0,
0.0,
0.0,
0.0,
0.0,
0.0,
0.0,
0.0,
0.0,
0.0,
0.0,
0.0,
0.0,
0.0,
0.0,
0.0,
0.0,
0.0,
0.0,
0.0,
0.0,
0.0,
0.0,
0.0,
0.0,
0.0,
0.0,
0.0,
0.0,
0.0,
0.0,
0.0,
0.0,
0.0,
0.0,
0.0,
0.0,
0.0,
0.0,
0.0,
0.0,
0.0,
0.0,
0.0,
0.0,
0.0,
0.0,
0.0,
0.0,
0.0,
0.0,
0.0,
0.0,
0.0,
0.0,
0.0,
0.0,
0.0,
0.0,
0.0,
0.0,
0.0,
0.0,
0.0,
0.0,
0.0,
0.0,
0.0,
0.0,
0.0,
0.0,
0.0,
0.0,
0.0,
0.0,
0.0,
0.0,
0.0,
0.0,
0.0,
0.0,
0.0,
0.0,
0.0,
0.0,
0.0,
0.0,
0.0,
0.0,
0.0,
0.0,
0.0,
0.0,
0.0,
0.0,
0.0,
0.0,
0.0,
0.0,
0.0,
0.0,
0.0,
0.0,
0.0,
0.0,
0.0,
0.0,
0.0,
0.0,
0.0,
0.0,
0.0,
0.0,
0.0,
0.0,
0.0,
0.0,
0.0,
0.0,
0.0,
0.0,
0.0,
0.0,
0.0,
0.0,
0.0,
0.0,
0.0,
0.0,
0.0,
0.0,
0.0,
0.0,
0.0,
0.0,
0.0,
0.0,
0.0,
0.0,
0.0,
0.0,
0.0,
0.0,
0.0,
0.0,
0.0,
0.0,
0.0,
0.0,
0.0,
0.0,
0.0,
0.0,
0.0,
0.0,
0.0,
0.0,
0.0,
0.0,
0.0,
0.0,
0.0,
0.0,
0.0,
0.0,
0.0,
0.0,
0.0,
0.0,
0.0,
0.0,
0.0,
0.0,
0.0,
0.0,
0.0,
0.0,
0.0,
0.0,
0.0,
0.0,
0.0,
0.0,
0.0,
0.0,
0.0,
0.0,
0.0,
0.0,
0.0,
0.0,
0.0,
0.0,
0.0,
0.0,
0.0,
0.0,
0.0,
0.0,
0.0,
0.0,
0.0,
0.0,
0.0,
0.0,
0.0,
0.0,
0.0,
0.0,
0.0,
0.0,
0.0,
0.0,
0.0,
0.0,
0.0,
0.0,
0.0,
0.0,
0.0,
0.0,
0.0,
0.0,
0.0,
0.0,
0.0,
0.0,
0.0,
0.0,
0.0,
0.0,
0.0,
0.0,
0.0,
0.0,
0.0,
0.0,
0.0,
0.0,
0.0,
0.0,
0.0,
0.0,
0.0,
0.0,
0.0,
0.0,
0.0,
0.0,
0.0,
0.0,
0.0,
0.0,
0.0,
0.0,
0.0,
0.0,
0.0,
0.0,
0.0,
0.0,
0.0,
0.0,
0.0,
0.0,
0.0,
0.0,
0.0,
0.0,
0.0,
0.0,
0.0,
0.0,
0.0,
0.0,
0.0,
0.0,
0.0,
0.0,
0.0,
0.0,
0.0,
0.0,
0.0,
0.0,
0.0,
0.0,
0.0,
0.0,
0.0,
0.0,
0.0,
0.0,
0.0,
0.0,
0.0,
0.0,
0.0,
0.0,
0.0,
0.0,
0.0,
0.0,
0.0,
0.0,
0.0,
0.0,
0.0,
0.0,
0.0,
0.0,
0.0,
0.0,
0.0,
0.0,
0.0,
0.0,
0.0,
0.0,
0.0,
0.0,
0.0,
0.0,
0.0,
0.0,
0.0,
0.0,
0.0,
0.0,
0.0,
0.0,
0.0,
0.0,
0.0,
0.0,
0.0,
0.0,
0.0,
0.0,
0.0,
0.0,
0.0,
0.0,
0.0,
0.0,
0.0,
0.0,
0.0,
0.0,
0.0,
0.0,
0.0,
0.0,
0.0,
0.0,
0.0,
0.0,
0.0,
0.0,
0.0,
0.0,
0.0,
0.0,
0.0,
0.0,
0.0,
0.0,
0.0,
0.0,
0.0,
0.0,
0.0,
0.0,
0.0,
0.0,
0.0,
0.0,
0.0,
0.0,
0.0,
0.0,
0.0,
0.0,
0.0,
0.0,
0.0,
0.0,
0.0,
0.0,
0.0,
0.0,
0.0,
0.0,
0.0,
0.0,
0.0,
0.0,
0.0,
0.0,
0.0,
0.0,
0.0,
0.0,
0.0,
0.0,
0.0,
0.0,
0.0,
0.0,
0.0,
0.0,
0.0,
0.0,
0.0,
0.0,
0.0,
0.0,
0.0,
0.0,
0.0,
0.0,
0.0,
0.0,
0.0,
0.0,
0.0,
0.0,
0.0,
0.0,
0.0,
0.0,
0.0,
0.0,
0.0,
0.0,
0.0,
0.0,
0.0,
0.0,
0.0,
0.0,
0.0,
0.0,
0.0,
0.0,
0.0,
0.0,
0.0,
0.0,
0.0,
0.0,
0.0,
0.0,
0.0,
0.0,
0.0,
0.0,
0.0,
0.0,
0.0,
0.0,
0.0,
0.0,
0.0,
0.0,
0.0,
0.0,
0.0,
0.0,
0.0,
0.0,
0.0,
0.0,
0.0,
0.0,
0.0,
0.0,
0.0,
0.0,
0.0,
0.0,
0.0,
0.0,
0.0,
0.0,
0.0,
0.0,
0.0,
0.0,
0.0,
0.0,
0.0,
0.0,
0.0,
0.0,
0.0,
0.0,
0.0,
0.0,
0.0,
0.0,
0.0,
0.0,
0.0,
0.0,
0.0,
0.0,
0.0,
0.0,
0.0,
0.0,
0.0,
0.0,
0.0,
0.0,
0.0,
0.0,
0.0,
0.0,
0.0,
0.0,
0.0,
0.0,
0.0,
0.0,
0.0,
0.0,
0.0,
0.0,
0.0,
0.0,
0.0,
0.0,
0.0,
0.0,
0.0,
0.0,
0.0,
0.0,
0.0,
0.0,
0.0,
0.0,
0.0,
0.0,
0.0,
0.0,
0.0,
0.0,
0.0,
0.0,
0.0,
0.0,
0.0,
0.0,
0.0,
0.0,
0.0,
0.0,
0.0,
0.0,
0.0,
0.0,
0.0,
0.0,
0.0,
0.0,
0.0,
0.0,
0.0,
0.0,
0.0,
0.0,
0.0,
0.0,
0.0,
0.0,
0.0,
0.0,
0.0,
0.0,
0.0,
0.0,
0.0,
0.0,
0.0,
0.0,
0.0,
0.0,
0.0,
0.0,
0.0,
0.0,
0.0,
0.0,
0.0,
0.0,
0.0,
0.0,
0.0,
0.0,
0.0,
0.0,
0.0,
0.0,
0.0,
0.0,
0.0,
0.0,
0.0,
0.0,
0.0,
0.0,
0.0,
0.0,
0.0,
0.0,
0.0,
0.0,
0.0,
0.0,
0.0,
0.0,
0.0,
0.0,
0.0,
0.0,
0.0,
0.0,
0.0,
0.0,
0.0,
0.0,
0.0,
0.0,
0.0,
0.0,
0.0,
0.0,
0.0,
0.0,
0.0,
0.0,
0.0,
0.0,
0.0,
0.0,
0.0,
0.0,
0.0,
0.0,
0.0,
0.0,
0.0,
0.0,
0.0,
0.0,
0.0,
0.0,
0.0,
0.0,
0.0,
0.0,
0.0,
0.0,
0.0,
0.0,
0.0,
0.0,
0.0,
0.0,
0.0,
0.0,
0.0,
0.0,
0.0,
0.0,
0.0,
0.0,
0.0,
0.0,
0.0,
0.0,
0.0,
0.0,
0.0,
0.0,
0.0,
0.0,
0.0,
0.0,
0.0,
0.0,
0.0,
0.0,
0.0,
0.0,
0.0,
0.0,
0.0,
0.0,
0.0,
0.0,
0.0,
0.0,
0.0,
0.0,
0.0,
0.0,
0.0,
0.0,
0.0,
0.0,
0.0,
0.0,
0.0,
0.0,
