1.0652004480361938,
1.066368818283081,
1.0673149824142456,
1.0678768157958984,
1.0684901475906372,
1.0689218044281006,
1.0692838430404663,
1.0695180892944336,
1.0696616172790527,
1.0698459148406982,
1.0701004266738892,
1.0701022148132324,
1.0702707767486572,
1.0703176259994507,
1.070327877998352,
1.070454478263855,
1.0706537961959839,
1.070689082145691,
1.0707309246063232,
1.070886492729187,
1.0710145235061646,
1.0708807706832886,
1.0707677602767944,
1.0707788467407227,
1.0708818435668945,
1.0708916187286377,
1.0707343816757202,
1.0708415508270264,
1.0709153413772583,
1.070919394493103,
1.0710467100143433,
1.0711623430252075,
1.071155071258545,
1.07109534740448,
1.0711320638656616,
1.0711698532104492,
1.0711772441864014,
1.0711780786514282,
1.0710941553115845,
1.0712008476257324,
1.07118558883667,
1.0710513591766357,
1.071009874343872,
1.0710461139678955,
1.0711278915405273,
1.0711579322814941,
1.0711795091629028,
1.0711222887039185,
1.0710550546646118,
1.0710147619247437,
1.0710952281951904,
1.0711010694503784,
1.0710816383361816,
1.0710868835449219,
1.0711400508880615,
1.0711313486099243,
1.071128010749817,
1.071066975593567,
1.0711445808410645,
1.0710804462432861,
1.0710372924804688,
1.0709598064422607,
1.070944905281067,
1.070814847946167,
1.070790410041809,
1.070778250694275,
1.070763349533081,
1.0707420110702515,
1.0707002878189087,
1.0706926584243774,
1.0706543922424316,
1.0706446170806885,
1.0706617832183838,
1.0706967115402222,
1.0704877376556396,
1.0704363584518433,
1.0704307556152344,
1.0704829692840576,
1.0705680847167969,
1.07057523727417,
1.0704967975616455,
1.0703781843185425,
1.0702723264694214,
1.07036292552948,
1.070378303527832,
1.0704387426376343,
1.0703681707382202,
1.0702812671661377,
1.0701687335968018,
1.0701674222946167,
1.0701297521591187,
1.0700308084487915,
1.0700005292892456,
1.0699635744094849,
1.0698997974395752,
1.0698269605636597,
1.0697308778762817,
1.0696557760238647,
1.0696183443069458,
1.0696349143981934,
1.0695446729660034,
1.069517970085144,
1.0694761276245117,
1.0694657564163208,
1.0694328546524048,
1.0694634914398193,
1.0694142580032349,
1.0694851875305176,
1.068206548690796,
1.0694462060928345,
1.0693432092666626,
1.0693186521530151,
1.06919527053833,
1.069191336631775,
1.0691757202148438,
1.0691641569137573,
1.06916081905365,
1.0691606998443604,
1.0691044330596924,
1.0690832138061523,
1.0690052509307861,
1.0689374208450317,
1.0688832998275757,
1.068778395652771,
1.0687198638916016,
1.068745732307434,
1.0686002969741821,
1.0684911012649536,
1.0683884620666504,
1.0683188438415527,
1.0682950019836426,
1.0682687759399414,
1.068192958831787,
1.0681661367416382,
1.0682487487792969,
1.068000078201294,
1.0678914785385132,
1.067912220954895,
1.0679974555969238,
1.0679337978363037,
1.0679491758346558,
1.0679296255111694,
1.0678631067276,
1.0676758289337158,
1.0677798986434937,
1.0678296089172363,
1.0677764415740967,
1.0677074193954468,
1.0676110982894897,
1.0675550699234009,
1.0675230026245117,
1.0674314498901367,
1.0674238204956055,
1.0672589540481567,
1.0672544240951538,
1.0672293901443481,
1.0671693086624146,
1.0671058893203735,
1.0669620037078857,
1.0668269395828247,
1.0668812990188599,
1.0667353868484497,
1.0666489601135254,
1.0665874481201172,
1.066620111465454,
1.0665708780288696,
1.066589117050171,
1.0664621591567993,
1.0665944814682007,
1.066644549369812,
1.0665574073791504,
1.0665004253387451,
1.066498875617981,
1.0664148330688477,
1.0663336515426636,
1.066279649734497,
1.0662888288497925,
1.0663092136383057,
1.066262125968933,
1.0662286281585693,
1.0661054849624634,
1.0660619735717773,
1.0658831596374512,
1.0658760070800781,
1.065804362297058,
1.0658137798309326,
1.0656589269638062,
1.0656474828720093,
1.0655955076217651,
1.0654234886169434,
1.065346598625183,
1.0652192831039429,
1.0651826858520508,
1.064959168434143,
1.0649234056472778,
1.0647993087768555,
1.0649334192276,
1.0637294054031372,
1.0649415254592896,
1.0649398565292358,
1.0647931098937988,
1.0647979974746704,
1.0647393465042114,
1.0646440982818604,
1.0645068883895874,
1.0645208358764648,
1.06462562084198,
1.0646203756332397,
1.064497709274292,
1.0645709037780762,
1.0645633935928345,
1.064547061920166,
1.0645166635513306,
1.0643965005874634,
1.0644383430480957,
1.0642982721328735,
1.0643047094345093,
1.0641666650772095,
1.0641032457351685,
1.0641027688980103,
1.0639472007751465,
1.064085602760315,
1.0640188455581665,
1.0639257431030273,
1.0637959241867065,
1.0638090372085571,
1.0637911558151245,
1.0625261068344116,
1.063620924949646,
1.0636590719223022,
1.063552975654602,
1.0635740756988525,
1.063492774963379,
1.0635035037994385,
1.063462495803833,
1.063303828239441,
1.0632569789886475,
1.0632295608520508,
1.0631364583969116,
1.0631036758422852,
1.0630289316177368,
1.0629647970199585,
1.0629507303237915,
1.06289803981781,
1.0628273487091064,
1.062849760055542,
1.0628328323364258,
1.0627890825271606,
1.0627838373184204,
1.0626507997512817,
1.062595009803772,
1.0626411437988281,
1.062516212463379,
1.062421441078186,
1.0623916387557983,
1.0623469352722168,
1.0623257160186768,
1.0610744953155518,
1.062197208404541,
1.06211256980896,
1.062070369720459,
1.061991810798645,
1.0619676113128662,
1.0619266033172607,
1.0618829727172852,
1.0618267059326172,
1.0616331100463867,
1.06143057346344,
1.0613511800765991,
1.0613678693771362,
1.0611572265625,
1.0612025260925293,
1.0612878799438477,
1.0612318515777588,
1.0611538887023926,
1.0611541271209717,
1.060924768447876,
1.060964822769165,
1.0609151124954224,
1.060895323753357,
1.0608116388320923,
1.060699224472046,
1.0605823993682861,
1.0604623556137085,
1.0604780912399292,
1.0603853464126587,
1.0603028535842896,
1.060136318206787,
1.0602588653564453,
1.0601385831832886,
1.0601146221160889,
1.060036540031433,
1.0598986148834229,
1.0600496530532837,
1.0598722696304321,
1.0597150325775146,
1.0597050189971924,
1.0595391988754272,
1.059543490409851,
1.0594526529312134,
1.0594701766967773,
1.0594345331192017,
1.0593725442886353,
1.059465765953064,
1.059296727180481,
1.0592498779296875,
1.0590656995773315,
1.0590351819992065,
1.0590652227401733,
1.0589861869812012,
1.0589171648025513,
1.0588990449905396,
1.0588353872299194,
1.0587528944015503,
1.0586318969726562,
1.0586270093917847,
1.058499813079834,
1.0583914518356323,
1.0582196712493896,
1.0581583976745605,
1.0581097602844238,
1.0579370260238647,
1.0580096244812012,
1.0579372644424438,
1.0579017400741577,
1.057911992073059,
1.0577536821365356,
1.0576450824737549,
1.0576874017715454,
1.0574663877487183,
1.0573503971099854,
1.0574952363967896,
1.057350516319275,
1.0573359727859497,
1.0572806596755981,
1.0571776628494263,
1.0571545362472534,
1.0570790767669678,
1.056986927986145,
1.0569182634353638,
1.056862235069275,
1.056766152381897,
1.05674147605896,
1.0565972328186035,
1.056585431098938,
1.0565071105957031,
1.0563719272613525,
1.0562556982040405,
1.0550310611724854,
1.056073546409607,
1.056022047996521,
1.0558931827545166,
1.0558948516845703,
1.0558580160140991,
1.055832862854004,
1.0557254552841187,
1.0557174682617188,
1.0555815696716309,
1.0555766820907593,
1.0554996728897095,
1.0554476976394653,
1.0553526878356934,
1.0552680492401123,
1.0551644563674927,
1.0550720691680908,
1.0550310611724854,
1.0550214052200317,
1.0549430847167969,
1.0547505617141724,
1.0547045469284058,
1.0545231103897095,
1.0545892715454102,
1.054438591003418,
1.054345965385437,
1.054410457611084,
1.0543725490570068,
1.0542120933532715,
1.0539714097976685,
1.0540162324905396,
1.0537983179092407,
1.0537300109863281,
1.053853988647461,
1.0535602569580078,
1.0535575151443481,
1.0535378456115723,
1.0535335540771484,
1.0535024404525757,
1.0533350706100464,
1.0533106327056885,
1.0532541275024414,
1.0532325506210327,
1.0531036853790283,
1.0530911684036255,
1.0529223680496216,
1.052879810333252,
1.0526233911514282,
1.0526560544967651,
1.0525521039962769,
1.0525147914886475,
1.0523881912231445,
1.0523948669433594,
1.0522751808166504,
1.0520957708358765,
1.0521337985992432,
1.0520719289779663,
1.0519481897354126,
1.0517984628677368,
1.051842451095581,
1.0517375469207764,
1.0516811609268188,
1.0516164302825928,
1.0515985488891602,
1.0514191389083862,
1.0513312816619873,
1.0511895418167114,
1.0511637926101685,
1.0510553121566772,
1.050998568534851,
1.0508525371551514,
1.0507673025131226,
1.050886631011963,
1.050777792930603,
1.0506560802459717,
1.050605297088623,
1.0505218505859375,
1.0504361391067505,
1.0503872632980347,
1.0502052307128906,
1.0501434803009033,
1.0499839782714844,
1.0499604940414429,
1.0497907400131226,
1.0496920347213745,
1.0495655536651611,
1.0495163202285767,
1.0493977069854736,
1.0492478609085083,
1.0491154193878174,
1.0490732192993164,
1.0489248037338257,
1.0486544370651245,
1.0486783981323242,
1.0485647916793823,
1.0485403537750244,
1.048475742340088,
1.0482442378997803,
1.0482840538024902,
1.0481197834014893,
1.0481253862380981,
1.0481871366500854,
1.0479835271835327,
1.0479636192321777,
1.047897219657898,
1.0478678941726685,
1.047712802886963,
1.0476101636886597,
1.0475274324417114,
1.047503113746643,
1.047315001487732,
1.0472116470336914,
1.0471686124801636,
1.0470784902572632,
1.0470762252807617,
1.0469483137130737,
1.0468103885650635,
1.0468268394470215,
1.0466978549957275,
1.0466487407684326,
1.0464059114456177,
1.0463800430297852,
1.046245813369751,
1.0460890531539917,
1.0460734367370605,
1.04595947265625,
1.0458780527114868,
1.0457203388214111,
1.0456081628799438,
1.0453888177871704,
1.0452126264572144,
1.045052409172058,
1.0448825359344482,
1.0448330640792847,
1.044754147529602,
1.0445106029510498,
1.044508934020996,
1.0443809032440186,
1.0442626476287842,
1.0441396236419678,
1.044026494026184,
1.0438956022262573,
1.0437872409820557,
1.0435936450958252,
1.0435020923614502,
1.0433753728866577,
1.0432413816452026,
1.0430569648742676,
1.0430244207382202,
1.0429532527923584,
1.0428084135055542,
1.0427162647247314,
1.0426093339920044,
1.042510986328125,
1.0423485040664673,
1.042108416557312,
1.042060136795044,
1.0419585704803467,
1.0417699813842773,
1.041589379310608,
1.0413738489151,
1.0412518978118896,
1.0411014556884766,
1.0409108400344849,
1.0408145189285278,
1.0406266450881958,
1.0404682159423828,
1.040446162223816,
1.0404493808746338,
1.0402302742004395,
1.0400941371917725,
1.0397192239761353,
1.0398048162460327,
1.0396919250488281,
1.0396132469177246,
1.0393548011779785,
1.0392781496047974,
1.0392963886260986,
1.0390180349349976,
1.0388494729995728,
1.0387613773345947,
1.0386325120925903,
1.0385868549346924,
1.0384817123413086,
1.038334608078003,
1.0382132530212402,
1.0368421077728271,
1.0378806591033936,
1.0377405881881714,
1.0375714302062988,
1.0374650955200195,
1.037276029586792,
1.0370908975601196,
1.0368415117263794,
1.0367279052734375,
1.0366830825805664,
1.0364879369735718,
1.0363051891326904,
1.036239743232727,
1.0360455513000488,
1.0359381437301636,
1.0357438325881958,
1.0356582403182983,
1.0355503559112549,
1.0354089736938477,
1.035230040550232,
1.03500235080719,
1.0349899530410767,
1.0347886085510254,
1.03463613986969,
1.0344668626785278,
1.034414291381836,
1.0343847274780273,
1.0341901779174805,
1.0340524911880493,
1.033971905708313,
1.0337048768997192,
1.0336698293685913,
1.0322177410125732,
1.0333926677703857,
1.0332437753677368,
1.0329475402832031,
1.0328766107559204,
1.0326900482177734,
1.0325015783309937,
1.0324411392211914,
1.0322054624557495,
1.0320205688476562,
1.0318012237548828,
1.0316115617752075,
1.0314816236495972,
1.031355619430542,
1.0309665203094482,
1.03093683719635,
1.0308215618133545,
1.0306901931762695,
1.0305049419403076,
1.0303789377212524,
1.030228853225708,
1.0300079584121704,
1.0297383069992065,
1.0296679735183716,
1.0294876098632812,
1.0293647050857544,
1.0292316675186157,
1.0289628505706787,
1.0287991762161255,
1.0287935733795166,
1.0285528898239136,
1.028376817703247,
1.0278676748275757,
1.0280081033706665,
1.027745246887207,
1.0275936126708984,
1.0274953842163086,
1.0272917747497559,
1.0271893739700317,
1.0269595384597778,
1.0267722606658936,
1.0265713930130005,
1.026305079460144,
1.026002287864685,
1.0259734392166138,
1.025809645652771,
1.0256359577178955,
1.0255216360092163,
1.0252034664154053,
1.0249286890029907,
1.02490234375,
1.0247794389724731,
1.0245949029922485,
1.0243420600891113,
1.024088740348816,
1.0240371227264404,
1.0236766338348389,
1.023525357246399,
1.0233441591262817,
1.0230988264083862,
1.0229072570800781,
1.0225799083709717,
1.022405982017517,
1.0221502780914307,
1.0219519138336182,
1.0216697454452515,
1.0212570428848267,
1.0210167169570923,
1.0208853483200073,
1.02058744430542,
1.0204161405563354,
1.0201928615570068,
1.0198965072631836,
1.019685983657837,
1.0193322896957397,
1.0191566944122314,
1.0188004970550537,
1.0185595750808716,
1.0182899236679077,
1.0180469751358032,
1.017774224281311,
1.0175162553787231,
1.0173883438110352,
1.0172384977340698,
1.0168606042861938,
1.0166596174240112,
1.0163112878799438,
1.0160330533981323,
1.0156950950622559,
1.0154693126678467,
1.0151617527008057,
1.0148457288742065,
1.0147292613983154,
1.0145677328109741,
1.0141817331314087,
1.0138989686965942,
1.0135194063186646,
1.0131980180740356,
1.0129022598266602,
1.0126256942749023,
1.0124109983444214,
1.0119973421096802,
1.011662483215332,
1.0114362239837646,
1.0110808610916138,
1.0106838941574097,
1.0104753971099854,
1.010029673576355,
1.009630560874939,
1.0093191862106323,
1.0090270042419434,
1.008715033531189,
1.0083719491958618,
1.0079706907272339,
1.0076338052749634,
1.0072643756866455,
1.0068035125732422,
1.006620168685913,
1.0062776803970337,
1.0060275793075562,
1.0056798458099365,
1.0054290294647217,
1.0050969123840332,
1.0046889781951904,
1.0042951107025146,
1.0039557218551636,
1.0036572217941284,
1.0032893419265747,
1.002949833869934,
1.0025992393493652,
1.0022990703582764,
1.0006520748138428,
1.0013418197631836,
1.0009574890136719,
1.0006264448165894,
1.0003706216812134,
0.9999638795852661,
0.9995023012161255,
0.999023973941803,
0.9986429214477539,
0.9982554912567139,
0.9977438449859619,
0.9974870085716248,
0.9970269799232483,
0.9966118931770325,
0.9960170388221741,
0.9955692887306213,
0.995157778263092,
0.9948498606681824,
0.9943479299545288,
0.9937912821769714,
0.9934428930282593,
0.9929912686347961,
0.9925980567932129,
0.9920209050178528,
0.9915651082992554,
0.9910303950309753,
0.9906007051467896,
0.9902892112731934,
0.9898777008056641,
0.9894204139709473,
0.9888879656791687,
0.9884788393974304,
0.9880899786949158,
0.9875925183296204,
0.9858997464179993,
0.9866546392440796,
0.9862440824508667,
0.9856284856796265,
0.9850525856018066,
0.9845423698425293,
0.9841054081916809,
0.9836105704307556,
0.9829632639884949,
0.9825630784034729,
0.9820351004600525,
0.9815401434898376,
0.981045663356781,
0.9804528951644897,
0.9798510074615479,
0.9791658520698547,
0.9785378575325012,
0.9780226349830627,
0.9775081872940063,
0.9769163727760315,
0.9764086008071899,
0.9757023453712463,
0.975221574306488,
0.9747515320777893,
0.974098801612854,
0.9734490513801575,
0.9728257656097412,
0.972237229347229,
0.9716746807098389,
0.9708889126777649,
0.9701428413391113,
0.9695485830307007,
0.9687756299972534,
0.9683029651641846,
0.9675529599189758,
0.9669743776321411,
0.9661635160446167,
0.9655682444572449,
0.9648727774620056,
0.9641691446304321,
0.9634047150611877,
0.962709367275238,
0.9620041251182556,
0.9612998962402344,
0.9605526924133301,
0.959846556186676,
0.9591038227081299,
0.9583026170730591,
0.957514762878418,
0.9567662477493286,
0.9559150338172913,
0.955065131187439,
0.954220175743103,
0.953538715839386,
0.9527105093002319,
0.9519249200820923,
0.9511489272117615,
0.9503178596496582,
0.9494974613189697,
0.9486019611358643,
0.947719931602478,
0.9468755125999451,
0.946006715297699,
0.9450768828392029,
0.9443289637565613,
0.9434884190559387,
0.9425075650215149,
0.9416662454605103,
0.9407349228858948,
0.9399281740188599,
0.939050018787384,
0.9381616711616516,
0.9371671080589294,
0.9362919330596924,
0.935289204120636,
0.9344170093536377,
0.9333940148353577,
0.9324682354927063,
0.9315450191497803,
0.9306174516677856,
0.9295990467071533,
0.9286122918128967,
0.9276068210601807,
0.9265633225440979,
0.9256440997123718,
0.924547553062439,
0.9236446022987366,
0.9226143956184387,
0.921530544757843,
0.920402467250824,
0.9194114208221436,
0.9183247089385986,
0.9172133207321167,
0.9161708950996399,
0.9149914979934692,
0.9138966202735901,
0.9128401875495911,
0.9116631150245667,
0.9106860756874084,
0.9095039963722229,
0.908463716506958,
0.9072748422622681,
0.9061223864555359,
0.9050296545028687,
0.9038983583450317,
0.9026315212249756,
0.9014739394187927,
0.9004299640655518,
0.8992400765419006,
0.8981547355651855,
0.8969553112983704,
0.895798921585083,
0.8945655822753906,
0.8934682011604309,
0.8922982215881348,
0.8911458253860474,
0.8900006413459778,
0.8888824582099915,
0.8877350687980652,
0.8865892887115479,
0.885444700717926,
0.8843532800674438,
0.8832454085350037,
0.88210129737854,
0.8811219334602356,
0.880073070526123,
0.880073070526123,
0.880073070526123,
0.0,
0.0,
0.0,
0.0,
0.0,
0.0,
0.0,
0.0,
0.0,
0.0,
0.0,
0.0,
0.0,
0.0,
0.0,
0.0,
0.0,
0.0,
0.0,
0.0,
0.0,
0.0,
0.0,
0.0,
0.0,
0.0,
0.0,
0.0,
0.0,
0.0,
0.0,
0.0,
0.0,
0.0,
0.0,
0.0,
0.0,
0.0,
0.0,
0.0,
0.0,
0.0,
0.0,
0.0,
0.0,
0.0,
0.0,
0.0,
0.0,
0.0,
0.0,
0.0,
0.0,
0.0,
0.0,
0.0,
0.0,
0.0,
0.0,
0.0,
0.0,
0.0,
0.0,
0.0,
0.0,
0.0,
0.0,
0.0,
0.0,
0.0,
0.0,
0.0,
0.0,
0.0,
0.0,
0.0,
0.0,
0.0,
0.0,
0.0,
0.0,
0.0,
0.0,
0.0,
0.0,
0.0,
0.0,
0.0,
0.0,
0.0,
0.0,
0.0,
0.0,
0.0,
0.0,
0.0,
0.0,
0.0,
0.0,
0.0,
0.0,
0.0,
0.0,
0.0,
0.0,
0.0,
0.0,
0.0,
0.0,
0.0,
0.0,
0.0,
0.0,
0.0,
0.0,
0.0,
0.0,
0.0,
0.0,
0.0,
0.0,
0.0,
0.0,
0.0,
0.0,
0.0,
0.0,
0.0,
0.0,
0.0,
0.0,
0.0,
0.0,
0.0,
0.0,
0.0,
0.0,
0.0,
0.0,
0.0,
0.0,
0.0,
0.0,
0.0,
0.0,
0.0,
0.0,
0.0,
0.0,
0.0,
0.0,
0.0,
0.0,
0.0,
0.0,
0.0,
0.0,
0.0,
0.0,
0.0,
0.0,
0.0,
0.0,
0.0,
0.0,
0.0,
0.0,
0.0,
0.0,
0.0,
0.0,
0.0,
0.0,
0.0,
0.0,
0.0,
0.0,
0.0,
0.0,
0.0,
0.0,
0.0,
0.0,
0.0,
0.0,
0.0,
0.0,
0.0,
0.0,
0.0,
0.0,
0.0,
0.0,
0.0,
0.0,
0.0,
0.0,
0.0,
0.0,
0.0,
0.0,
0.0,
0.0,
0.0,
0.0,
0.0,
0.0,
0.0,
0.0,
0.0,
0.0,
0.0,
0.0,
0.0,
0.0,
0.0,
0.0,
0.0,
0.0,
0.0,
0.0,
0.0,
0.0,
0.0,
0.0,
0.0,
0.0,
0.0,
0.0,
0.0,
0.0,
0.0,
0.0,
0.0,
0.0,
0.0,
0.0,
0.0,
0.0,
0.0,
0.0,
0.0,
0.0,
0.0,
0.0,
0.0,
0.0,
0.0,
0.0,
0.0,
0.0,
0.0,
0.0,
0.0,
0.0,
0.0,
0.0,
0.0,
0.0,
0.0,
0.0,
0.0,
0.0,
0.0,
0.0,
0.0,
0.0,
0.0,
0.0,
0.0,
0.0,
0.0,
0.0,
0.0,
0.0,
0.0,
0.0,
0.0,
0.0,
0.0,
0.0,
0.0,
0.0,
0.0,
0.0,
0.0,
0.0,
0.0,
0.0,
0.0,
0.0,
0.0,
0.0,
0.0,
0.0,
0.0,
0.0,
0.0,
0.0,
0.0,
0.0,
0.0,
0.0,
0.0,
0.0,
0.0,
0.0,
0.0,
0.0,
0.0,
0.0,
0.0,
0.0,
0.0,
0.0,
0.0,
0.0,
0.0,
0.0,
0.0,
0.0,
0.0,
0.0,
0.0,
0.0,
0.0,
0.0,
0.0,
0.0,
0.0,
0.0,
0.0,
0.0,
0.0,
0.0,
0.0,
0.0,
0.0,
0.0,
0.0,
0.0,
0.0,
0.0,
0.0,
0.0,
0.0,
0.0,
0.0,
0.0,
0.0,
0.0,
0.0,
0.0,
0.0,
0.0,
0.0,
0.0,
0.0,
0.0,
0.0,
0.0,
0.0,
0.0,
0.0,
0.0,
0.0,
0.0,
0.0,
0.0,
0.0,
0.0,
0.0,
0.0,
0.0,
0.0,
0.0,
0.0,
0.0,
0.0,
0.0,
0.0,
0.0,
0.0,
0.0,
0.0,
0.0,
0.0,
0.0,
0.0,
0.0,
0.0,
0.0,
0.0,
0.0,
0.0,
0.0,
0.0,
0.0,
0.0,
0.0,
0.0,
0.0,
0.0,
0.0,
0.0,
0.0,
0.0,
0.0,
0.0,
0.0,
0.0,
0.0,
0.0,
0.0,
0.0,
0.0,
0.0,
0.0,
0.0,
0.0,
0.0,
0.0,
0.0,
0.0,
0.0,
0.0,
0.0,
0.0,
0.0,
0.0,
0.0,
0.0,
0.0,
0.0,
0.0,
0.0,
0.0,
0.0,
0.0,
0.0,
0.0,
0.0,
0.0,
0.0,
0.0,
0.0,
0.0,
0.0,
0.0,
0.0,
0.0,
0.0,
0.0,
0.0,
0.0,
0.0,
0.0,
0.0,
0.0,
0.0,
0.0,
0.0,
0.0,
0.0,
0.0,
0.0,
0.0,
0.0,
0.0,
0.0,
0.0,
0.0,
0.0,
0.0,
0.0,
0.0,
0.0,
0.0,
0.0,
0.0,
0.0,
0.0,
0.0,
0.0,
0.0,
0.0,
0.0,
0.0,
0.0,
0.0,
0.0,
0.0,
0.0,
0.0,
0.0,
0.0,
0.0,
0.0,
0.0,
0.0,
0.0,
0.0,
0.0,
0.0,
0.0,
0.0,
0.0,
0.0,
0.0,
0.0,
0.0,
0.0,
0.0,
0.0,
0.0,
0.0,
0.0,
0.0,
0.0,
0.0,
0.0,
0.0,
0.0,
0.0,
0.0,
0.0,
0.0,
0.0,
0.0,
0.0,
0.0,
0.0,
0.0,
0.0,
0.0,
0.0,
0.0,
0.0,
0.0,
0.0,
0.0,
0.0,
0.0,
0.0,
0.0,
0.0,
0.0,
0.0,
0.0,
0.0,
0.0,
0.0,
0.0,
0.0,
0.0,
0.0,
0.0,
0.0,
0.0,
0.0,
0.0,
0.0,
0.0,
0.0,
0.0,
0.0,
0.0,
0.0,
0.0,
0.0,
0.0,
0.0,
0.0,
0.0,
0.0,
0.0,
0.0,
0.0,
0.0,
0.0,
0.0,
0.0,
0.0,
0.0,
0.0,
0.0,
0.0,
0.0,
0.0,
0.0,
0.0,
0.0,
0.0,
0.0,
0.0,
0.0,
0.0,
0.0,
0.0,
0.0,
0.0,
0.0,
0.0,
0.0,
0.0,
0.0,
0.0,
0.0,
0.0,
0.0,
0.0,
0.0,
0.0,
0.0,
0.0,
0.0,
0.0,
0.0,
0.0,
0.0,
0.0,
0.0,
0.0,
0.0,
0.0,
0.0,
0.0,
0.0,
0.0,
0.0,
0.0,
0.0,
0.0,
0.0,
0.0,
0.0,
0.0,
0.0,
0.0,
0.0,
0.0,
0.0,
0.0,
0.0,
0.0,
0.0,
0.0,
0.0,
0.0,
0.0,
0.0,
0.0,
0.0,
0.0,
0.0,
0.0,
0.0,
0.0,
0.0,
0.0,
0.0,
0.0,
0.0,
0.0,
0.0,
0.0,
0.0,
0.0,
0.0,
0.0,
0.0,
0.0,
0.0,
0.0,
0.0,
0.0,
0.0,
0.0,
0.0,
0.0,
0.0,
0.0,
0.0,
0.0,
0.0,
0.0,
0.0,
0.0,
0.0,
0.0,
0.0,
0.0,
0.0,
0.0,
0.0,
0.0,
0.0,
0.0,
0.0,
0.0,
0.0,
0.0,
0.0,
0.0,
0.0,
0.0,
0.0,
0.0,
0.0,
0.0,
0.0,
0.0,
0.0,
0.0,
0.0,
0.0,
0.0,
0.0,
0.0,
0.0,
0.0,
0.0,
0.0,
0.0,
0.0,
0.0,
0.0,
0.0,
0.0,
0.0,
0.0,
0.0,
0.0,
0.0,
0.0,
0.0,
0.0,
0.0,
0.0,
0.0,
0.0,
0.0,
0.0,
0.0,
0.0,
0.0,
0.0,
0.0,
0.0,
0.0,
0.0,
0.0,
0.0,
0.0,
0.0,
0.0,
0.0,
0.0,
0.0,
0.0,
0.0,
0.0,
0.0,
0.0,
0.0,
0.0,
0.0,
0.0,
0.0,
0.0,
0.0,
0.0,
0.0,
0.0,
0.0,
0.0,
0.0,
0.0,
0.0,
0.0,
0.0,
0.0,
0.0,
0.0,
0.0,
0.0,
0.0,
0.0,
0.0,
0.0,
0.0,
0.0,
0.0,
0.0,
0.0,
0.0,
0.0,
0.0,
0.0,
0.0,
0.0,
0.0,
0.0,
0.0,
0.0,
0.0,
0.0,
0.0,
0.0,
0.0,
0.0,
0.0,
0.0,
0.0,
0.0,
0.0,
0.0,
0.0,
0.0,
0.0,
0.0,
0.0,
0.0,
0.0,
0.0,
0.0,
0.0,
0.0,
0.0,
0.0,
0.0,
0.0,
0.0,
0.0,
0.0,
0.0,
0.0,
0.0,
0.0,
0.0,
0.0,
0.0,
0.0,
0.0,
0.0,
0.0,
0.0,
0.0,
0.0,
0.0,
0.0,
0.0,
0.0,
0.0,
0.0,
0.0,
0.0,
0.0,
0.0,
0.0,
0.0,
0.0,
0.0,
0.0,
0.0,
0.0,
0.0,
0.0,
0.0,
0.0,
0.0,
0.0,
0.0,
0.0,
0.0,
0.0,
0.0,
0.0,
0.0,
0.0,
0.0,
0.0,
0.0,
0.0,
0.0,
0.0,
0.0,
0.0,
0.0,
0.0,
0.0,
0.0,
0.0,
0.0,
0.0,
0.0,
0.0,
0.0,
0.0,
0.0,
0.0,
0.0,
0.0,
0.0,
0.0,
0.0,
0.0,
0.0,
0.0,
0.0,
0.0,
0.0,
0.0,
0.0,
0.0,
0.0,
0.0,
0.0,
0.0,
0.0,
0.0,
0.0,
0.0,
0.0,
0.0,
0.0,
0.0,
0.0,
0.0,
0.0,
0.0,
0.0,
0.0,
0.0,
0.0,
0.0,
0.0,
0.0,
0.0,
0.0,
0.0,
0.0,
0.0,
0.0,
0.0,
0.0,
0.0,
0.0,
0.0,
0.0,
0.0,
0.0,
0.0,
0.0,
0.0,
0.0,
0.0,
0.0,
0.0,
0.0,
0.0,
0.0,
0.0,
0.0,
0.0,
0.0,
0.0,
0.0,
0.0,
0.0,
0.0,
0.0,
0.0,
0.0,
0.0,
0.0,
0.0,
0.0,
0.0,
0.0,
0.0,
0.0,
0.0,
0.0,
0.0,
0.0,
0.0,
0.0,
0.0,
0.0,
0.0,
0.0,
0.0,
0.0,
0.0,
0.0,
0.0,
0.0,
0.0,
0.0,
0.0,
0.0,
0.0,
0.0,
0.0,
0.0,
0.0,
0.0,
0.0,
0.0,
0.0,
0.0,
0.0,
0.0,
0.0,
0.0,
0.0,
0.0,
0.0,
0.0,
0.0,
0.0,
0.0,
0.0,
0.0,
0.0,
0.0,
0.0,
0.0,
0.0,
0.0,
0.0,
0.0,
0.0,
0.0,
0.0,
0.0,
0.0,
0.0,
0.0,
0.0,
0.0,
0.0,
0.0,
0.0,
0.0,
0.0,
0.0,
0.0,
0.0,
0.0,
0.0,
0.0,
0.0,
0.0,
0.0,
0.0,
0.0,
0.0,
0.0,
0.0,
0.0,
0.0,
0.0,
0.0,
0.0,
0.0,
0.0,
0.0,
0.0,
0.0,
0.0,
0.0,
0.0,
0.0,
0.0,
0.0,
0.0,
0.0,
0.0,
0.0,
0.0,
0.0,
0.0,
0.0,
0.0,
0.0,
0.0,
0.0,
0.0,
0.0,
0.0,
0.0,
0.0,
0.0,
0.0,
0.0,
0.0,
0.0,
0.0,
0.0,
0.0,
0.0,
0.0,
0.0,
0.0,
0.0,
0.0,
0.0,
0.0,
0.0,
0.0,
0.0,
0.0,
0.0,
0.0,
0.0,
0.0,
0.0,
0.0,
0.0,
0.0,
0.0,
0.0,
0.0,
0.0,
0.0,
0.0,
0.0,
0.0,
0.0,
0.0,
0.0,
0.0,
0.0,
0.0,
0.0,
0.0,
0.0,
0.0,
0.0,
0.0,
0.0,
0.0,
0.0,
0.0,
0.0,
0.0,
0.0,
0.0,
0.0,
0.0,
0.0,
0.0,
0.0,
0.0,
0.0,
0.0,
0.0,
0.0,
0.0,
0.0,
0.0,
0.0,
0.0,
0.0,
0.0,
0.0,
0.0,
0.0,
0.0,
0.0,
0.0,
0.0,
0.0,
0.0,
0.0,
0.0,
0.0,
0.0,
0.0,
0.0,
0.0,
0.0,
0.0,
0.0,
0.0,
0.0,
0.0,
0.0,
0.0,
0.0,
0.0,
0.0,
0.0,
0.0,
0.0,
0.0,
0.0,
0.0,
0.0,
0.0,
0.0,
0.0,
0.0,
0.0,
0.0,
0.0,
0.0,
0.0,
0.0,
0.0,
0.0,
0.0,
0.0,
0.0,
0.0,
0.0,
0.0,
0.0,
0.0,
0.0,
0.0,
0.0,
0.0,
0.0,
0.0,
0.0,
0.0,
0.0,
0.0,
0.0,
0.0,
0.0,
0.0,
0.0,
0.0,
0.0,
0.0,
0.0,
0.0,
0.0,
0.0,
0.0,
0.0,
0.0,
0.0,
0.0,
0.0,
0.0,
0.0,
0.0,
0.0,
0.0,
0.0,
0.0,
0.0,
0.0,
0.0,
0.0,
0.0,
0.0,
0.0,
0.0,
0.0,
0.0,
0.0,
0.0,
0.0,
0.0,
0.0,
0.0,
0.0,
0.0,
0.0,
0.0,
0.0,
0.0,
0.0,
0.0,
0.0,
0.0,
0.0,
0.0,
0.0,
0.0,
0.0,
0.0,
0.0,
0.0,
0.0,
0.0,
0.0,
0.0,
0.0,
0.0,
0.0,
0.0,
0.0,
0.0,
0.0,
0.0,
0.0,
0.0,
0.0,
0.0,
0.0,
0.0,
0.0,
0.0,
0.0,
0.0,
0.0,
0.0,
0.0,
0.0,
0.0,
0.0,
0.0,
0.0,
0.0,
0.0,
0.0,
0.0,
0.0,
0.0,
0.0,
0.0,
0.0,
0.0,
0.0,
0.0,
0.0,
0.0,
0.0,
0.0,
0.0,
0.0,
0.0,
0.0,
0.0,
0.0,
0.0,
0.0,
0.0,
0.0,
0.0,
0.0,
0.0,
0.0,
0.0,
0.0,
0.0,
0.0,
0.0,
0.0,
0.0,
0.0,
0.0,
0.0,
0.0,
0.0,
0.0,
0.0,
0.0,
0.0,
0.0,
0.0,
0.0,
0.0,
0.0,
0.0,
0.0,
0.0,
0.0,
0.0,
0.0,
0.0,
0.0,
0.0,
0.0,
0.0,
0.0,
0.0,
0.0,
0.0,
0.0,
0.0,
0.0,
0.0,
0.0,
0.0,
0.0,
0.0,
0.0,
0.0,
0.0,
0.0,
0.0,
0.0,
0.0,
0.0,
0.0,
0.0,
0.0,
0.0,
0.0,
0.0,
0.0,
0.0,
0.0,
0.0,
0.0,
0.0,
0.0,
0.0,
0.0,
0.0,
0.0,
0.0,
0.0,
0.0,
0.0,
0.0,
0.0,
0.0,
0.0,
0.0,
0.0,
0.0,
0.0,
0.0,
0.0,
0.0,
0.0,
0.0,
0.0,
0.0,
0.0,
0.0,
0.0,
0.0,
0.0,
0.0,
0.0,
