1.0573761463165283,
1.0575287342071533,
1.0580545663833618,
1.0586546659469604,
1.0589133501052856,
1.059241533279419,
1.0594550371170044,
1.0596908330917358,
1.0598793029785156,
1.0600277185440063,
1.060088038444519,
1.0601805448532104,
1.060217022895813,
1.060350775718689,
1.0604709386825562,
1.0604441165924072,
1.0604578256607056,
1.060422658920288,
1.0603835582733154,
1.0605863332748413,
1.060540795326233,
1.0606048107147217,
1.0605432987213135,
1.0604687929153442,
1.060341715812683,
1.060240626335144,
1.0604156255722046,
1.0603410005569458,
1.0602120161056519,
1.0602867603302002,
1.0602085590362549,
1.06024169921875,
1.0602201223373413,
1.060209035873413,
1.0602360963821411,
1.0602890253067017,
1.0600961446762085,
1.0600216388702393,
1.0601086616516113,
1.0600441694259644,
1.0600413084030151,
1.0599946975708008,
1.0599346160888672,
1.0598331689834595,
1.059785008430481,
1.059693455696106,
1.0595591068267822,
1.059538722038269,
1.0596836805343628,
1.0596537590026855,
1.0596076250076294,
1.0597256422042847,
1.0595341920852661,
1.0596537590026855,
1.0595334768295288,
1.0597397089004517,
1.05958092212677,
1.0595616102218628,
1.059457778930664,
1.0594631433486938,
1.0594242811203003,
1.0594719648361206,
1.0593609809875488,
1.0591243505477905,
1.059253454208374,
1.0592795610427856,
1.0592776536941528,
1.0591241121292114,
1.0590711832046509,
1.0590152740478516,
1.0589230060577393,
1.058888554573059,
1.0587551593780518,
1.0587904453277588,
1.0586670637130737,
1.058584451675415,
1.058627963066101,
1.0586313009262085,
1.058624505996704,
1.058680534362793,
1.0584721565246582,
1.0582754611968994,
1.058318853378296,
1.0583714246749878,
1.0583161115646362,
1.0582331418991089,
1.0583151578903198,
1.0583518743515015,
1.058215618133545,
1.058268427848816,
1.0583089590072632,
1.0582400560379028,
1.058215856552124,
1.0580295324325562,
1.0579415559768677,
1.0578588247299194,
1.0578590631484985,
1.0578473806381226,
1.0578856468200684,
1.0577666759490967,
1.057727336883545,
1.057657241821289,
1.0575556755065918,
1.0574482679367065,
1.0575088262557983,
1.057426929473877,
1.057412028312683,
1.0574122667312622,
1.0572861433029175,
1.0571831464767456,
1.0572168827056885,
1.057185411453247,
1.0570353269577026,
1.0570570230484009,
1.0570341348648071,
1.0571379661560059,
1.0571315288543701,
1.0569790601730347,
1.0569721460342407,
1.0569919347763062,
1.0569491386413574,
1.0568715333938599,
1.0569010972976685,
1.0568585395812988,
1.0568195581436157,
1.0569123029708862,
1.0567866563796997,
1.0567779541015625,
1.056655764579773,
1.056593894958496,
1.0566606521606445,
1.0566074848175049,
1.0565083026885986,
1.0564653873443604,
1.056496262550354,
1.0564085245132446,
1.0562958717346191,
1.0562158823013306,
1.0560418367385864,
1.0560474395751953,
1.055977463722229,
1.055914282798767,
1.0558326244354248,
1.055762529373169,
1.055785059928894,
1.0557085275650024,
1.055667757987976,
1.0556535720825195,
1.0556365251541138,
1.0557293891906738,
1.0556702613830566,
1.0557256937026978,
1.055649995803833,
1.0554900169372559,
1.0554190874099731,
1.0554713010787964,
1.0553901195526123,
1.0553745031356812,
1.0553233623504639,
1.0552952289581299,
1.0551464557647705,
1.055180549621582,
1.0549886226654053,
1.0550119876861572,
1.0549429655075073,
1.0548441410064697,
1.0548666715621948,
1.0547319650650024,
1.0546635389328003,
1.0547032356262207,
1.054486870765686,
1.0544794797897339,
1.0544198751449585,
1.054489254951477,
1.0542758703231812,
1.054273247718811,
1.0542500019073486,
1.0542198419570923,
1.0540697574615479,
1.054099678993225,
1.054084300994873,
1.0541383028030396,
1.0539956092834473,
1.054057002067566,
1.0540295839309692,
1.053825855255127,
1.0538873672485352,
1.053781509399414,
1.0538408756256104,
1.0536054372787476,
1.0536150932312012,
1.0536566972732544,
1.0536248683929443,
1.0536226034164429,
1.053611397743225,
1.0535656213760376,
1.053446650505066,
1.0533547401428223,
1.0532441139221191,
1.053192138671875,
1.052983045578003,
1.0531469583511353,
1.053003191947937,
1.053091049194336,
1.05292809009552,
1.0528205633163452,
1.052691102027893,
1.052712082862854,
1.0525590181350708,
1.0524603128433228,
1.0524413585662842,
1.0525315999984741,
1.052553415298462,
1.0525206327438354,
1.0525072813034058,
1.0524492263793945,
1.052495002746582,
1.0523509979248047,
1.0523732900619507,
1.052262306213379,
1.05228853225708,
1.052271842956543,
1.052229642868042,
1.0522048473358154,
1.0521090030670166,
1.0520755052566528,
1.0520058870315552,
1.0520247220993042,
1.0518653392791748,
1.0519615411758423,
1.0518394708633423,
1.0518020391464233,
1.0517947673797607,
1.0517855882644653,
1.0517655611038208,
1.0516787767410278,
1.0516114234924316,
1.0515614748001099,
1.0514477491378784,
1.0514088869094849,
1.0513337850570679,
1.0512559413909912,
1.0511524677276611,
1.051116943359375,
1.0510934591293335,
1.0510772466659546,
1.0509971380233765,
1.0509202480316162,
1.0508403778076172,
1.0508010387420654,
1.0507742166519165,
1.0507218837738037,
1.0507029294967651,
1.0505796670913696,
1.0506700277328491,
1.0505142211914062,
1.0504957437515259,
1.0503112077713013,
1.0502781867980957,
1.0502886772155762,
1.0501508712768555,
1.0501574277877808,
1.0500493049621582,
1.0501291751861572,
1.0499924421310425,
1.0500069856643677,
1.0500355958938599,
1.0498491525650024,
1.0498708486557007,
1.0498125553131104,
1.0497825145721436,
1.0496481657028198,
1.0495928525924683,
1.0496376752853394,
1.0494811534881592,
1.0494228601455688,
1.0493879318237305,
1.0492750406265259,
1.0492900609970093,
1.0492699146270752,
1.0491896867752075,
1.0490654706954956,
1.0490018129348755,
1.0489616394042969,
1.0489872694015503,
1.0488264560699463,
1.0488102436065674,
1.0487734079360962,
1.048783540725708,
1.0487244129180908,
1.0485503673553467,
1.0486124753952026,
1.0484745502471924,
1.0484517812728882,
1.0484226942062378,
1.0484120845794678,
1.0483646392822266,
1.0482897758483887,
1.0482655763626099,
1.0482399463653564,
1.0481377840042114,
1.0480502843856812,
1.0479763746261597,
1.0479286909103394,
1.047906756401062,
1.0478620529174805,
1.0478065013885498,
1.0477406978607178,
1.0475353002548218,
1.0474631786346436,
1.0473573207855225,
1.047329306602478,
1.0472605228424072,
1.0473456382751465,
1.047143578529358,
1.0472750663757324,
1.0472030639648438,
1.0470283031463623,
1.0470985174179077,
1.046926498413086,
1.0470079183578491,
1.0469083786010742,
1.0467747449874878,
1.0467157363891602,
1.0466370582580566,
1.046638011932373,
1.0465900897979736,
1.0465821027755737,
1.0464903116226196,
1.0464314222335815,
1.0463805198669434,
1.046200156211853,
1.0461593866348267,
1.0461061000823975,
1.046104073524475,
1.045987844467163,
1.0460028648376465,
1.0459144115447998,
1.0458647012710571,
1.0457508563995361,
1.0457772016525269,
1.0456533432006836,
1.0456829071044922,
1.045617699623108,
1.0454636812210083,
1.0454601049423218,
1.0454107522964478,
1.0452512502670288,
1.0452994108200073,
1.0452438592910767,
1.0450643301010132,
1.045047640800476,
1.044995903968811,
1.0449914932250977,
1.045045256614685,
1.044968605041504,
1.0447983741760254,
1.0448417663574219,
1.0446637868881226,
1.0447561740875244,
1.0446207523345947,
1.0446290969848633,
1.0445083379745483,
1.0445473194122314,
1.0443449020385742,
1.044299840927124,
1.0442005395889282,
1.0440897941589355,
1.0441524982452393,
1.0439709424972534,
1.0438827276229858,
1.0438640117645264,
1.043797254562378,
1.0437326431274414,
1.0436911582946777,
1.0436128377914429,
1.0436347723007202,
1.0434664487838745,
1.0433804988861084,
1.0433541536331177,
1.043209433555603,
1.043276071548462,
1.0431842803955078,
1.043146014213562,
1.0430967807769775,
1.0429962873458862,
1.0429401397705078,
1.0429211854934692,
1.0429033041000366,
1.0429160594940186,
1.042902946472168,
1.0427933931350708,
1.0427995920181274,
1.0426816940307617,
1.042761206626892,
1.042637586593628,
1.0425589084625244,
1.0424718856811523,
1.0424145460128784,
1.0422886610031128,
1.0423054695129395,
1.0422868728637695,
1.0422272682189941,
1.042131781578064,
1.042162299156189,
1.0420689582824707,
1.0420317649841309,
1.0419408082962036,
1.041853904724121,
1.0417805910110474,
1.0417829751968384,
1.0416549444198608,
1.0416516065597534,
1.0415818691253662,
1.0414410829544067,
1.0413817167282104,
1.0413113832473755,
1.0412460565567017,
1.0412650108337402,
1.0412178039550781,
1.041069746017456,
1.0410957336425781,
1.0410234928131104,
1.0408633947372437,
1.0408565998077393,
1.0408215522766113,
1.0407423973083496,
1.040671944618225,
1.0406222343444824,
1.0405398607254028,
1.0404545068740845,
1.040359377861023,
1.0402525663375854,
1.040216326713562,
1.040087342262268,
1.0400490760803223,
1.0400772094726562,
1.0399919748306274,
1.0398681163787842,
1.039831280708313,
1.0398141145706177,
1.0397813320159912,
1.0396898984909058,
1.0395716428756714,
1.0395541191101074,
1.039544939994812,
1.039368748664856,
1.0393469333648682,
1.0393232107162476,
1.0392152070999146,
1.039171814918518,
1.0390760898590088,
1.0390739440917969,
1.0389292240142822,
1.0388944149017334,
1.0388050079345703,
1.0387654304504395,
1.03868567943573,
1.0385899543762207,
1.0385968685150146,
1.038490653038025,
1.0385006666183472,
1.0383485555648804,
1.038265347480774,
1.038262963294983,
1.0381574630737305,
1.0380877256393433,
1.0379974842071533,
1.0379154682159424,
1.0379085540771484,
1.037783145904541,
1.0376914739608765,
1.0375421047210693,
1.0375231504440308,
1.0374776124954224,
1.0374088287353516,
1.037323236465454,
1.0371941328048706,
1.0371185541152954,
1.0370030403137207,
1.0369441509246826,
1.0368372201919556,
1.0368003845214844,
1.0365827083587646,
1.0366148948669434,
1.0365726947784424,
1.0364567041397095,
1.0364043712615967,
1.0364586114883423,
1.0364091396331787,
1.036383032798767,
1.0362231731414795,
1.0362094640731812,
1.0362001657485962,
1.0360900163650513,
1.0360236167907715,
1.036011815071106,
1.0358883142471313,
1.035658359527588,
1.035720705986023,
1.0356274843215942,
1.0355387926101685,
1.0354955196380615,
1.0353977680206299,
1.0353366136550903,
1.0352665185928345,
1.0352237224578857,
1.035093069076538,
1.0350068807601929,
1.0349575281143188,
1.0348620414733887,
1.0347625017166138,
1.034697413444519,
1.0346555709838867,
1.0345906019210815,
1.0344504117965698,
1.0343804359436035,
1.0343103408813477,
1.0341395139694214,
1.0339343547821045,
1.0339633226394653,
1.0338518619537354,
1.0338895320892334,
1.0337480306625366,
1.03364098072052,
1.0334988832473755,
1.0335482358932495,
1.0334665775299072,
1.0333900451660156,
1.0332871675491333,
1.0332468748092651,
1.033133625984192,
1.0329649448394775,
1.032835841178894,
1.0328682661056519,
1.0327341556549072,
1.0326721668243408,
1.032556176185608,
1.0324699878692627,
1.0323089361190796,
1.0322484970092773,
1.032148838043213,
1.0321091413497925,
1.032034993171692,
1.0318524837493896,
1.0317578315734863,
1.0316301584243774,
1.0315147638320923,
1.031489610671997,
1.0312608480453491,
1.0312193632125854,
1.0310488939285278,
1.0309956073760986,
1.030918002128601,
1.0307605266571045,
1.0307297706604004,
1.030641794204712,
1.030588984489441,
1.0305167436599731,
1.030449390411377,
1.0303988456726074,
1.030339002609253,
1.0302461385726929,
1.030200719833374,
1.0301448106765747,
1.030064344406128,
1.0299416780471802,
1.0297718048095703,
1.0297329425811768,
1.0297101736068726,
1.0296592712402344,
1.029544711112976,
1.029546856880188,
1.0293958187103271,
1.02927827835083,
1.0291718244552612,
1.0290846824645996,
1.0290738344192505,
1.0288560390472412,
1.028723120689392,
1.0287120342254639,
1.0286145210266113,
1.0285003185272217,
1.0284444093704224,
1.0282840728759766,
1.0282013416290283,
1.0280698537826538,
1.0279518365859985,
1.0277742147445679,
1.0277431011199951,
1.0276743173599243,
1.0275646448135376,
1.0274816751480103,
1.027419090270996,
1.0273512601852417,
1.0273228883743286,
1.0271434783935547,
1.0270100831985474,
1.0269660949707031,
1.0268208980560303,
1.0267988443374634,
1.0267555713653564,
1.026579737663269,
1.0265616178512573,
1.0264874696731567,
1.0264561176300049,
1.02634596824646,
1.0262508392333984,
1.0260794162750244,
1.0259766578674316,
1.025882363319397,
1.0259257555007935,
1.0258005857467651,
1.025719404220581,
1.0256142616271973,
1.025538682937622,
1.0253592729568481,
1.0252662897109985,
1.025264024734497,
1.025047779083252,
1.0250823497772217,
1.0249525308609009,
1.0248266458511353,
1.0247488021850586,
1.0245931148529053,
1.0244078636169434,
1.0242788791656494,
1.0242795944213867,
1.0241212844848633,
1.023991584777832,
1.023934006690979,
1.0238912105560303,
1.0237449407577515,
1.023661494255066,
1.0235928297042847,
1.0234256982803345,
1.023364543914795,
1.0232189893722534,
1.0231125354766846,
1.0229623317718506,
1.0228888988494873,
1.0227991342544556,
1.022713303565979,
1.0226422548294067,
1.0224868059158325,
1.022375464439392,
1.022312045097351,
1.0222338438034058,
1.0221034288406372,
1.022024393081665,
1.0218987464904785,
1.0217366218566895,
1.0216703414916992,
1.0214760303497314,
1.0214097499847412,
1.0213611125946045,
1.021133542060852,
1.0210844278335571,
1.0209931135177612,
1.0208567380905151,
1.0207407474517822,
1.0206489562988281,
1.0204856395721436,
1.0203309059143066,
1.0203226804733276,
1.0201648473739624,
1.0200726985931396,
1.0199296474456787,
1.0198159217834473,
1.0197263956069946,
1.0195943117141724,
1.0194382667541504,
1.0193202495574951,
1.0193276405334473,
1.0190784931182861,
1.0189257860183716,
1.0187991857528687,
1.018700361251831,
1.018639087677002,
1.0185120105743408,
1.0183093547821045,
1.018146276473999,
1.018035888671875,
1.017889380455017,
1.0177488327026367,
1.017623782157898,
1.0175491571426392,
1.0174094438552856,
1.017216444015503,
1.0171302556991577,
1.0170130729675293,
1.0168840885162354,
1.016711950302124,
1.0165892839431763,
1.016384243965149,
1.0162550210952759,
1.0160596370697021,
1.0159404277801514,
1.015870451927185,
1.0156872272491455,
1.0155352354049683,
1.0155434608459473,
1.015345573425293,
1.015238642692566,
1.0150642395019531,
1.0149461030960083,
1.0148905515670776,
1.0145902633666992,
1.0144256353378296,
1.0142933130264282,
1.0140858888626099,
1.0139352083206177,
1.0137852430343628,
1.0134811401367188,
1.0133910179138184,
1.013260006904602,
1.0130844116210938,
1.0128467082977295,
1.0127484798431396,
1.0124942064285278,
1.0123292207717896,
1.0121277570724487,
1.0118649005889893,
1.01175057888031,
1.0116794109344482,
1.0114561319351196,
1.011304259300232,
1.0111290216445923,
1.0109145641326904,
1.0107529163360596,
1.0105036497116089,
1.0103979110717773,
1.0102119445800781,
1.010101079940796,
1.0098118782043457,
1.009625792503357,
1.0094249248504639,
1.0093910694122314,
1.0090653896331787,
1.0089168548583984,
1.0086497068405151,
1.0085136890411377,
1.0083485841751099,
1.008122444152832,
1.0079574584960938,
1.007725477218628,
1.0075103044509888,
1.007339596748352,
1.0070723295211792,
1.0069941282272339,
1.0067355632781982,
1.006540060043335,
1.0063153505325317,
1.0061585903167725,
1.0058969259262085,
1.0056941509246826,
1.00544011592865,
1.0052658319473267,
1.005111575126648,
1.0047653913497925,
1.004570722579956,
1.0043116807937622,
1.0040152072906494,
1.0037591457366943,
1.0035490989685059,
1.0033477544784546,
1.0031112432479858,
1.0028949975967407,
1.0025765895843506,
1.0023623704910278,
1.002118468284607,
1.001747965812683,
1.0015465021133423,
1.0013506412506104,
1.0011119842529297,
1.0008307695388794,
1.0004582405090332,
1.000253438949585,
1.0000271797180176,
0.9997871518135071,
0.9994690418243408,
0.9992308616638184,
0.998979926109314,
0.9986816644668579,
0.9983256459236145,
0.9980538487434387,
0.9977565407752991,
0.9975613355636597,
0.9972136616706848,
0.9969602227210999,
0.9967084527015686,
0.9963945746421814,
0.9960699677467346,
0.9958188533782959,
0.9954520463943481,
0.9951739311218262,
0.9947468042373657,
0.9945471882820129,
0.994101881980896,
0.9939342141151428,
0.9935652017593384,
0.9932442307472229,
0.9929510354995728,
0.9926563501358032,
0.9922696948051453,
0.9919383525848389,
0.9915856719017029,
0.9911675453186035,
0.990799069404602,
0.9904834032058716,
0.9900819063186646,
0.9897873997688293,
0.9894113540649414,
0.9889768362045288,
0.9886559247970581,
0.9882200360298157,
0.9878915548324585,
0.9875566959381104,
0.9870694279670715,
0.9865891933441162,
0.9861918687820435,
0.98579341173172,
0.9854041337966919,
0.9848957657814026,
0.9845357537269592,
0.9840629696846008,
0.9836483001708984,
0.9831624031066895,
0.9826604723930359,
0.9821552038192749,
0.9816027879714966,
0.9810839295387268,
0.9805510640144348,
0.9801732301712036,
0.9795677661895752,
0.9790476560592651,
0.9785174131393433,
0.9780004024505615,
0.9774498343467712,
0.9769123196601868,
0.9763199687004089,
0.97584068775177,
0.9753527045249939,
0.9747112393379211,
0.9742036461830139,
0.9736024141311646,
0.9729837775230408,
0.9723240733146667,
0.9717314839363098,
0.9709500670433044,
0.9703234434127808,
0.9695829153060913,
0.9687846899032593,
0.9679932594299316,
0.9673125743865967,
0.9666318893432617,
0.9658421874046326,
0.9650973081588745,
0.9642106890678406,
0.96338951587677,
0.9621922373771667,
0.961829423904419,
0.9610776305198669,
0.9602320790290833,
0.9592753648757935,
0.9584187269210815,
0.957350492477417,
0.95655757188797,
0.9555745124816895,
0.9546438455581665,
0.9537129402160645,
0.9525598883628845,
0.9516004920005798,
0.9505369663238525,
0.9494701623916626,
0.9482368230819702,
0.9471426010131836,
0.9459734559059143,
0.9448366761207581,
0.9436163902282715,
0.9422588348388672,
0.9411624073982239,
0.939730167388916,
0.9384937882423401,
0.9371107816696167,
0.9359538555145264,
0.934643030166626,
0.9333384037017822,
0.9319660067558289,
0.9304935336112976,
0.9289162755012512,
0.9274831414222717,
0.9259243011474609,
0.9244558215141296,
0.922922670841217,
0.921317458152771,
0.9197864532470703,
0.9182401895523071,
0.9167271256446838,
0.9152215719223022,
0.913439929485321,
0.9118435382843018,
0.9104241132736206,
0.9087985754013062,
0.9072626233100891,
0.9056732058525085,
0.9041392207145691,
0.9025105834007263,
0.901053786277771,
0.8993952870368958,
0.8977830410003662,
0.8962051272392273,
0.8945932388305664,
0.8931729197502136,
0.8915556073188782,
0.8900200128555298,
0.8882643580436707,
0.886752188205719,
0.8853503465652466,
0.8837913274765015,
0.8821194767951965,
0.8806024193763733,
0.8806024193763733,
0.8806024193763733,
0.0,
0.0,
0.0,
0.0,
0.0,
0.0,
0.0,
0.0,
0.0,
0.0,
0.0,
0.0,
0.0,
0.0,
0.0,
0.0,
0.0,
0.0,
0.0,
0.0,
0.0,
0.0,
0.0,
0.0,
0.0,
0.0,
0.0,
0.0,
0.0,
0.0,
0.0,
0.0,
0.0,
0.0,
0.0,
0.0,
0.0,
0.0,
0.0,
0.0,
0.0,
0.0,
0.0,
0.0,
0.0,
0.0,
0.0,
0.0,
0.0,
0.0,
0.0,
0.0,
0.0,
0.0,
0.0,
0.0,
0.0,
0.0,
0.0,
0.0,
0.0,
0.0,
0.0,
0.0,
0.0,
0.0,
0.0,
0.0,
0.0,
0.0,
0.0,
0.0,
0.0,
0.0,
0.0,
0.0,
0.0,
0.0,
0.0,
0.0,
0.0,
0.0,
0.0,
0.0,
0.0,
0.0,
0.0,
0.0,
0.0,
0.0,
0.0,
0.0,
0.0,
0.0,
0.0,
0.0,
0.0,
0.0,
0.0,
0.0,
0.0,
0.0,
0.0,
0.0,
0.0,
0.0,
0.0,
0.0,
0.0,
0.0,
0.0,
0.0,
0.0,
0.0,
0.0,
0.0,
0.0,
0.0,
0.0,
0.0,
0.0,
0.0,
0.0,
0.0,
0.0,
0.0,
0.0,
0.0,
0.0,
0.0,
0.0,
0.0,
0.0,
0.0,
0.0,
0.0,
0.0,
0.0,
0.0,
0.0,
0.0,
0.0,
0.0,
0.0,
0.0,
0.0,
0.0,
0.0,
0.0,
0.0,
0.0,
0.0,
0.0,
0.0,
0.0,
0.0,
0.0,
0.0,
0.0,
0.0,
0.0,
0.0,
0.0,
0.0,
0.0,
0.0,
0.0,
0.0,
0.0,
0.0,
0.0,
0.0,
0.0,
0.0,
0.0,
0.0,
0.0,
0.0,
0.0,
0.0,
0.0,
0.0,
0.0,
0.0,
0.0,
0.0,
0.0,
0.0,
0.0,
0.0,
0.0,
0.0,
0.0,
0.0,
0.0,
0.0,
0.0,
0.0,
0.0,
0.0,
0.0,
0.0,
0.0,
0.0,
0.0,
0.0,
0.0,
0.0,
0.0,
0.0,
0.0,
0.0,
0.0,
0.0,
0.0,
0.0,
0.0,
0.0,
0.0,
0.0,
0.0,
0.0,
0.0,
0.0,
0.0,
0.0,
0.0,
0.0,
0.0,
0.0,
0.0,
0.0,
0.0,
0.0,
0.0,
0.0,
0.0,
0.0,
0.0,
0.0,
0.0,
0.0,
0.0,
0.0,
0.0,
0.0,
0.0,
0.0,
0.0,
0.0,
0.0,
0.0,
0.0,
0.0,
0.0,
0.0,
0.0,
0.0,
0.0,
0.0,
0.0,
0.0,
0.0,
0.0,
0.0,
0.0,
0.0,
0.0,
0.0,
0.0,
0.0,
0.0,
0.0,
0.0,
0.0,
0.0,
0.0,
0.0,
0.0,
0.0,
0.0,
0.0,
0.0,
0.0,
0.0,
0.0,
0.0,
0.0,
0.0,
0.0,
0.0,
0.0,
0.0,
0.0,
0.0,
0.0,
0.0,
0.0,
0.0,
0.0,
0.0,
0.0,
0.0,
0.0,
0.0,
0.0,
0.0,
0.0,
0.0,
0.0,
0.0,
0.0,
0.0,
0.0,
0.0,
0.0,
0.0,
0.0,
0.0,
0.0,
0.0,
0.0,
0.0,
0.0,
0.0,
0.0,
0.0,
0.0,
0.0,
0.0,
0.0,
0.0,
0.0,
0.0,
0.0,
0.0,
0.0,
0.0,
0.0,
0.0,
0.0,
0.0,
0.0,
0.0,
0.0,
0.0,
0.0,
0.0,
0.0,
0.0,
0.0,
0.0,
0.0,
0.0,
0.0,
0.0,
0.0,
0.0,
0.0,
0.0,
0.0,
0.0,
0.0,
0.0,
0.0,
0.0,
0.0,
0.0,
0.0,
0.0,
0.0,
0.0,
0.0,
0.0,
0.0,
0.0,
0.0,
0.0,
0.0,
0.0,
0.0,
0.0,
0.0,
0.0,
0.0,
0.0,
0.0,
0.0,
0.0,
0.0,
0.0,
0.0,
0.0,
0.0,
0.0,
0.0,
0.0,
0.0,
0.0,
0.0,
0.0,
0.0,
0.0,
0.0,
0.0,
0.0,
0.0,
0.0,
0.0,
0.0,
0.0,
0.0,
0.0,
0.0,
0.0,
0.0,
0.0,
0.0,
0.0,
0.0,
0.0,
0.0,
0.0,
0.0,
0.0,
0.0,
0.0,
0.0,
0.0,
0.0,
0.0,
0.0,
0.0,
0.0,
0.0,
0.0,
0.0,
0.0,
0.0,
0.0,
0.0,
0.0,
0.0,
0.0,
0.0,
0.0,
0.0,
0.0,
0.0,
0.0,
0.0,
0.0,
0.0,
0.0,
0.0,
0.0,
0.0,
0.0,
0.0,
0.0,
0.0,
0.0,
0.0,
0.0,
0.0,
0.0,
0.0,
0.0,
0.0,
0.0,
0.0,
0.0,
0.0,
0.0,
0.0,
0.0,
0.0,
0.0,
0.0,
0.0,
0.0,
0.0,
0.0,
0.0,
0.0,
0.0,
0.0,
0.0,
0.0,
0.0,
0.0,
0.0,
0.0,
0.0,
0.0,
0.0,
0.0,
0.0,
0.0,
0.0,
0.0,
0.0,
0.0,
0.0,
0.0,
0.0,
0.0,
0.0,
0.0,
0.0,
0.0,
0.0,
0.0,
0.0,
0.0,
0.0,
0.0,
0.0,
0.0,
0.0,
0.0,
0.0,
0.0,
0.0,
0.0,
0.0,
0.0,
0.0,
0.0,
0.0,
0.0,
0.0,
0.0,
0.0,
0.0,
0.0,
0.0,
0.0,
0.0,
0.0,
0.0,
0.0,
0.0,
0.0,
0.0,
0.0,
0.0,
0.0,
0.0,
0.0,
0.0,
0.0,
0.0,
0.0,
0.0,
0.0,
0.0,
0.0,
0.0,
0.0,
0.0,
0.0,
0.0,
0.0,
0.0,
0.0,
0.0,
0.0,
0.0,
0.0,
0.0,
0.0,
0.0,
0.0,
0.0,
0.0,
0.0,
0.0,
0.0,
0.0,
0.0,
0.0,
0.0,
0.0,
0.0,
0.0,
0.0,
0.0,
0.0,
0.0,
0.0,
0.0,
0.0,
0.0,
0.0,
0.0,
0.0,
0.0,
0.0,
0.0,
0.0,
0.0,
0.0,
0.0,
0.0,
0.0,
0.0,
0.0,
0.0,
0.0,
0.0,
0.0,
0.0,
0.0,
0.0,
0.0,
0.0,
0.0,
0.0,
0.0,
0.0,
0.0,
0.0,
0.0,
0.0,
0.0,
0.0,
0.0,
0.0,
0.0,
0.0,
0.0,
0.0,
0.0,
0.0,
0.0,
0.0,
0.0,
0.0,
0.0,
0.0,
0.0,
0.0,
0.0,
0.0,
0.0,
0.0,
0.0,
0.0,
0.0,
0.0,
0.0,
0.0,
0.0,
0.0,
0.0,
0.0,
0.0,
0.0,
0.0,
0.0,
0.0,
0.0,
0.0,
0.0,
0.0,
0.0,
0.0,
0.0,
0.0,
0.0,
0.0,
0.0,
0.0,
0.0,
0.0,
0.0,
0.0,
0.0,
0.0,
0.0,
0.0,
0.0,
0.0,
0.0,
0.0,
0.0,
0.0,
0.0,
0.0,
0.0,
0.0,
0.0,
0.0,
0.0,
0.0,
0.0,
0.0,
0.0,
0.0,
0.0,
0.0,
0.0,
0.0,
0.0,
0.0,
0.0,
0.0,
0.0,
0.0,
0.0,
0.0,
0.0,
0.0,
0.0,
0.0,
0.0,
0.0,
0.0,
0.0,
0.0,
0.0,
0.0,
0.0,
0.0,
0.0,
0.0,
0.0,
0.0,
0.0,
0.0,
0.0,
0.0,
0.0,
0.0,
0.0,
0.0,
0.0,
0.0,
0.0,
0.0,
0.0,
0.0,
0.0,
0.0,
0.0,
0.0,
0.0,
0.0,
0.0,
0.0,
0.0,
0.0,
0.0,
0.0,
0.0,
0.0,
0.0,
0.0,
0.0,
0.0,
0.0,
0.0,
0.0,
0.0,
0.0,
0.0,
0.0,
0.0,
0.0,
0.0,
0.0,
0.0,
0.0,
0.0,
0.0,
0.0,
0.0,
0.0,
0.0,
0.0,
0.0,
0.0,
0.0,
0.0,
0.0,
0.0,
0.0,
0.0,
0.0,
0.0,
0.0,
0.0,
0.0,
0.0,
0.0,
0.0,
0.0,
0.0,
0.0,
0.0,
0.0,
0.0,
0.0,
0.0,
0.0,
0.0,
0.0,
0.0,
0.0,
0.0,
0.0,
0.0,
0.0,
0.0,
0.0,
0.0,
0.0,
0.0,
0.0,
0.0,
0.0,
0.0,
0.0,
0.0,
0.0,
0.0,
0.0,
0.0,
0.0,
0.0,
0.0,
0.0,
0.0,
0.0,
0.0,
0.0,
0.0,
0.0,
0.0,
0.0,
0.0,
0.0,
0.0,
0.0,
0.0,
0.0,
0.0,
0.0,
0.0,
0.0,
0.0,
0.0,
0.0,
0.0,
0.0,
0.0,
0.0,
0.0,
0.0,
0.0,
0.0,
0.0,
0.0,
0.0,
0.0,
0.0,
0.0,
0.0,
0.0,
0.0,
0.0,
0.0,
0.0,
0.0,
0.0,
0.0,
0.0,
0.0,
0.0,
0.0,
0.0,
0.0,
0.0,
0.0,
0.0,
0.0,
0.0,
0.0,
0.0,
0.0,
0.0,
0.0,
0.0,
0.0,
0.0,
0.0,
0.0,
0.0,
0.0,
0.0,
0.0,
0.0,
0.0,
0.0,
0.0,
0.0,
0.0,
0.0,
0.0,
0.0,
0.0,
0.0,
0.0,
0.0,
0.0,
0.0,
0.0,
0.0,
0.0,
0.0,
0.0,
0.0,
0.0,
0.0,
0.0,
0.0,
0.0,
0.0,
0.0,
0.0,
0.0,
0.0,
0.0,
0.0,
0.0,
0.0,
0.0,
0.0,
0.0,
0.0,
0.0,
0.0,
0.0,
0.0,
0.0,
0.0,
0.0,
0.0,
0.0,
0.0,
0.0,
0.0,
0.0,
0.0,
0.0,
0.0,
0.0,
0.0,
0.0,
0.0,
0.0,
0.0,
0.0,
0.0,
0.0,
0.0,
0.0,
0.0,
0.0,
0.0,
0.0,
0.0,
0.0,
0.0,
0.0,
0.0,
0.0,
0.0,
0.0,
0.0,
0.0,
0.0,
0.0,
0.0,
0.0,
0.0,
0.0,
0.0,
0.0,
0.0,
0.0,
0.0,
0.0,
0.0,
0.0,
0.0,
0.0,
0.0,
0.0,
0.0,
0.0,
0.0,
0.0,
0.0,
0.0,
0.0,
0.0,
0.0,
0.0,
0.0,
0.0,
0.0,
0.0,
0.0,
0.0,
0.0,
0.0,
0.0,
0.0,
0.0,
0.0,
0.0,
0.0,
0.0,
0.0,
0.0,
0.0,
0.0,
0.0,
0.0,
0.0,
0.0,
0.0,
0.0,
0.0,
0.0,
0.0,
0.0,
0.0,
0.0,
0.0,
0.0,
0.0,
0.0,
0.0,
0.0,
0.0,
0.0,
0.0,
0.0,
0.0,
0.0,
0.0,
0.0,
0.0,
0.0,
0.0,
0.0,
0.0,
0.0,
0.0,
0.0,
0.0,
0.0,
0.0,
0.0,
0.0,
0.0,
0.0,
0.0,
0.0,
0.0,
0.0,
0.0,
0.0,
0.0,
0.0,
0.0,
0.0,
0.0,
0.0,
0.0,
0.0,
0.0,
0.0,
0.0,
0.0,
0.0,
0.0,
0.0,
0.0,
0.0,
0.0,
0.0,
0.0,
0.0,
0.0,
0.0,
0.0,
0.0,
0.0,
0.0,
0.0,
0.0,
0.0,
0.0,
0.0,
0.0,
0.0,
0.0,
0.0,
0.0,
0.0,
0.0,
0.0,
0.0,
0.0,
0.0,
0.0,
0.0,
0.0,
0.0,
0.0,
0.0,
0.0,
0.0,
0.0,
0.0,
0.0,
0.0,
0.0,
0.0,
0.0,
0.0,
0.0,
0.0,
0.0,
0.0,
0.0,
0.0,
0.0,
0.0,
0.0,
0.0,
0.0,
0.0,
0.0,
0.0,
0.0,
0.0,
0.0,
0.0,
0.0,
0.0,
0.0,
0.0,
0.0,
0.0,
0.0,
0.0,
0.0,
0.0,
0.0,
0.0,
0.0,
0.0,
0.0,
0.0,
0.0,
0.0,
0.0,
0.0,
0.0,
0.0,
0.0,
0.0,
0.0,
0.0,
0.0,
0.0,
0.0,
0.0,
0.0,
0.0,
0.0,
0.0,
0.0,
0.0,
0.0,
0.0,
0.0,
0.0,
0.0,
0.0,
0.0,
0.0,
0.0,
0.0,
0.0,
0.0,
0.0,
0.0,
0.0,
0.0,
0.0,
0.0,
0.0,
0.0,
0.0,
0.0,
0.0,
0.0,
0.0,
0.0,
0.0,
0.0,
0.0,
0.0,
0.0,
0.0,
0.0,
0.0,
0.0,
0.0,
0.0,
0.0,
0.0,
0.0,
0.0,
0.0,
0.0,
0.0,
0.0,
0.0,
0.0,
0.0,
0.0,
0.0,
0.0,
0.0,
0.0,
0.0,
0.0,
0.0,
0.0,
0.0,
0.0,
0.0,
0.0,
0.0,
0.0,
0.0,
0.0,
0.0,
0.0,
0.0,
0.0,
0.0,
0.0,
0.0,
0.0,
0.0,
0.0,
0.0,
0.0,
0.0,
0.0,
0.0,
0.0,
0.0,
0.0,
0.0,
0.0,
0.0,
0.0,
0.0,
0.0,
0.0,
0.0,
0.0,
0.0,
0.0,
0.0,
0.0,
0.0,
0.0,
0.0,
0.0,
0.0,
0.0,
0.0,
0.0,
0.0,
0.0,
0.0,
0.0,
0.0,
0.0,
0.0,
0.0,
0.0,
0.0,
0.0,
0.0,
0.0,
0.0,
0.0,
0.0,
0.0,
0.0,
0.0,
0.0,
0.0,
0.0,
0.0,
0.0,
0.0,
0.0,
0.0,
0.0,
0.0,
0.0,
0.0,
0.0,
0.0,
0.0,
0.0,
0.0,
0.0,
0.0,
0.0,
0.0,
0.0,
0.0,
0.0,
0.0,
0.0,
0.0,
0.0,
0.0,
0.0,
0.0,
0.0,
0.0,
0.0,
0.0,
0.0,
0.0,
0.0,
0.0,
0.0,
0.0,
0.0,
0.0,
0.0,
0.0,
0.0,
0.0,
0.0,
0.0,
0.0,
0.0,
0.0,
0.0,
0.0,
0.0,
0.0,
0.0,
0.0,
0.0,
0.0,
0.0,
0.0,
0.0,
0.0,
0.0,
0.0,
0.0,
0.0,
