1.06747567653656,
1.0687392950057983,
1.0696324110031128,
1.0701833963394165,
1.0705589056015015,
1.0708956718444824,
1.0711703300476074,
1.0714030265808105,
1.0716273784637451,
1.0717068910598755,
1.0717487335205078,
1.0717747211456299,
1.0719257593154907,
1.0719720125198364,
1.0720539093017578,
1.072084665298462,
1.0720808506011963,
1.072053074836731,
1.0720305442810059,
1.0721467733383179,
1.0721499919891357,
1.0722161531448364,
1.0722287893295288,
1.0721734762191772,
1.072153091430664,
1.0721381902694702,
1.0721080303192139,
1.0721592903137207,
1.072234869003296,
1.0723040103912354,
1.0722851753234863,
1.07230544090271,
1.0723397731781006,
1.0723035335540771,
1.0722938776016235,
1.072115421295166,
1.0722675323486328,
1.0721091032028198,
1.0720947980880737,
1.0721263885498047,
1.072059154510498,
1.072138786315918,
1.072036623954773,
1.0720024108886719,
1.0720125436782837,
1.0720608234405518,
1.0721166133880615,
1.0721700191497803,
1.0720487833023071,
1.0721096992492676,
1.072006344795227,
1.0720019340515137,
1.0721172094345093,
1.0720378160476685,
1.0719475746154785,
1.0718761682510376,
1.0719727277755737,
1.071977972984314,
1.0719811916351318,
1.0719141960144043,
1.0719361305236816,
1.071934461593628,
1.0719237327575684,
1.071889042854309,
1.0717946290969849,
1.0717962980270386,
1.0717765092849731,
1.0717949867248535,
1.0716580152511597,
1.0717146396636963,
1.0716285705566406,
1.0716289281845093,
1.071585774421692,
1.0715320110321045,
1.071636438369751,
1.071492314338684,
1.0714530944824219,
1.071386456489563,
1.0713915824890137,
1.0714699029922485,
1.0714861154556274,
1.0713680982589722,
1.0714133977890015,
1.0713025331497192,
1.071408748626709,
1.071437120437622,
1.0714783668518066,
1.0714173316955566,
1.0713633298873901,
1.0712827444076538,
1.0712904930114746,
1.0711966753005981,
1.0712144374847412,
1.0711315870285034,
1.071075677871704,
1.0710505247116089,
1.071029543876648,
1.0709885358810425,
1.0710340738296509,
1.0710108280181885,
1.0709716081619263,
1.0709065198898315,
1.0708835124969482,
1.0708085298538208,
1.0707815885543823,
1.0707837343215942,
1.0707595348358154,
1.0707627534866333,
1.070737361907959,
1.070691704750061,
1.070735216140747,
1.0707168579101562,
1.0707377195358276,
1.0707484483718872,
1.07073175907135,
1.0707899332046509,
1.0707380771636963,
1.0707052946090698,
1.0707238912582397,
1.0707029104232788,
1.070658802986145,
1.0705978870391846,
1.0705684423446655,
1.0705821514129639,
1.0704838037490845,
1.0704514980316162,
1.0704439878463745,
1.0703325271606445,
1.0702756643295288,
1.070182204246521,
1.0701558589935303,
1.0701318979263306,
1.0700657367706299,
1.070036768913269,
1.069887638092041,
1.069946527481079,
1.0698912143707275,
1.069807767868042,
1.0697652101516724,
1.069759726524353,
1.0698856115341187,
1.0698840618133545,
1.069827675819397,
1.0699354410171509,
1.0696451663970947,
1.0695546865463257,
1.0694795846939087,
1.0695246458053589,
1.0695756673812866,
1.0694482326507568,
1.0693817138671875,
1.0693985223770142,
1.0692877769470215,
1.0692061185836792,
1.0692760944366455,
1.0692099332809448,
1.0691354274749756,
1.069109559059143,
1.068963646888733,
1.0690091848373413,
1.0689200162887573,
1.0689336061477661,
1.0688462257385254,
1.0688517093658447,
1.0687296390533447,
1.0686994791030884,
1.0686802864074707,
1.068687915802002,
1.068686604499817,
1.0687450170516968,
1.0687328577041626,
1.0686522722244263,
1.0686837434768677,
1.068629503250122,
1.0685365200042725,
1.068546175956726,
1.0684360265731812,
1.0684494972229004,
1.0684763193130493,
1.0684133768081665,
1.0684034824371338,
1.0682860612869263,
1.0682432651519775,
1.0682501792907715,
1.068174123764038,
1.0680795907974243,
1.0680102109909058,
1.0680372714996338,
1.0679535865783691,
1.0679136514663696,
1.0678716897964478,
1.0678503513336182,
1.0678136348724365,
1.0675626993179321,
1.0674610137939453,
1.067564606666565,
1.0674647092819214,
1.0672988891601562,
1.0673038959503174,
1.0673614740371704,
1.0673460960388184,
1.067408561706543,
1.0673693418502808,
1.0673713684082031,
1.0673460960388184,
1.0671592950820923,
1.0672452449798584,
1.0672571659088135,
1.0672632455825806,
1.0672721862792969,
1.0673152208328247,
1.0672341585159302,
1.0670647621154785,
1.0670777559280396,
1.0670627355575562,
1.0670597553253174,
1.0669336318969727,
1.0669997930526733,
1.066954255104065,
1.066940188407898,
1.0669184923171997,
1.066901445388794,
1.0667778253555298,
1.0668402910232544,
1.0667721033096313,
1.0667445659637451,
1.06655752658844,
1.066601276397705,
1.0664749145507812,
1.0665231943130493,
1.066490888595581,
1.066487193107605,
1.066494345664978,
1.066463589668274,
1.0664730072021484,
1.066254734992981,
1.0662734508514404,
1.0662379264831543,
1.066279649734497,
1.0661383867263794,
1.0660744905471802,
1.066012978553772,
1.0660089254379272,
1.0659314393997192,
1.0657519102096558,
1.0657235383987427,
1.0657366514205933,
1.0656206607818604,
1.0657691955566406,
1.0656613111495972,
1.0655888319015503,
1.0656696557998657,
1.065571665763855,
1.0654594898223877,
1.065393090248108,
1.065341830253601,
1.0653728246688843,
1.0653108358383179,
1.0653369426727295,
1.0650891065597534,
1.0651355981826782,
1.0651026964187622,
1.0650521516799927,
1.0650808811187744,
1.0650243759155273,
1.06499445438385,
1.0649570226669312,
1.064956784248352,
1.0647990703582764,
1.0649051666259766,
1.0648354291915894,
1.0647908449172974,
1.0646992921829224,
1.0646167993545532,
1.0645281076431274,
1.0644171237945557,
1.064487338066101,
1.0645084381103516,
1.0644768476486206,
1.064403772354126,
1.0643507242202759,
1.0643054246902466,
1.0643260478973389,
1.0642330646514893,
1.0641764402389526,
1.064122200012207,
1.0640277862548828,
1.0640474557876587,
1.0639623403549194,
1.0637832880020142,
1.0637707710266113,
1.0637091398239136,
1.063697099685669,
1.0635982751846313,
1.0635863542556763,
1.0635876655578613,
1.0635250806808472,
1.0634719133377075,
1.063579797744751,
1.063463807106018,
1.0632349252700806,
1.0633434057235718,
1.0633463859558105,
1.0632497072219849,
1.0632681846618652,
1.0631437301635742,
1.0631437301635742,
1.0631887912750244,
1.062989354133606,
1.0628539323806763,
1.0628714561462402,
1.0627564191818237,
1.0627903938293457,
1.0626957416534424,
1.0626634359359741,
1.06271493434906,
1.0625810623168945,
1.0625824928283691,
1.0625011920928955,
1.0625293254852295,
1.0624938011169434,
1.0623376369476318,
1.0623478889465332,
1.0622962713241577,
1.0622919797897339,
1.0622256994247437,
1.0621634721755981,
1.062103033065796,
1.0620466470718384,
1.061928391456604,
1.0620121955871582,
1.061867594718933,
1.0619288682937622,
1.0619068145751953,
1.0618963241577148,
1.0618523359298706,
1.0618082284927368,
1.0618231296539307,
1.061828374862671,
1.0617927312850952,
1.0616917610168457,
1.06168532371521,
1.0616052150726318,
1.0616484880447388,
1.0616050958633423,
1.061509370803833,
1.0615495443344116,
1.061462640762329,
1.0612916946411133,
1.061322808265686,
1.0612844228744507,
1.0612194538116455,
1.061254620552063,
1.0611180067062378,
1.0611698627471924,
1.0611629486083984,
1.061073899269104,
1.0610415935516357,
1.0609809160232544,
1.0609533786773682,
1.0609149932861328,
1.0608735084533691,
1.060725450515747,
1.0606530904769897,
1.0606294870376587,
1.060739278793335,
1.060673475265503,
1.0606515407562256,
1.060734510421753,
1.0607290267944336,
1.0607115030288696,
1.0606863498687744,
1.0605885982513428,
1.0605885982513428,
1.0605968236923218,
1.0605860948562622,
1.0605008602142334,
1.0604984760284424,
1.0605578422546387,
1.0604268312454224,
1.0603668689727783,
1.0603525638580322,
1.0602998733520508,
1.0603104829788208,
1.060173749923706,
1.0601999759674072,
1.0601624250411987,
1.0600264072418213,
1.0597845315933228,
1.0598244667053223,
1.0595978498458862,
1.0596611499786377,
1.0597341060638428,
1.0597208738327026,
1.0597741603851318,
1.059677243232727,
1.0596369504928589,
1.0596332550048828,
1.0595182180404663,
1.0594314336776733,
1.0593727827072144,
1.0594770908355713,
1.0593416690826416,
1.0592613220214844,
1.0592164993286133,
1.0591310262680054,
1.0590791702270508,
1.059016227722168,
1.059008002281189,
1.0589447021484375,
1.0589492321014404,
1.0588796138763428,
1.0588581562042236,
1.0587754249572754,
1.0587981939315796,
1.0586951971054077,
1.0586440563201904,
1.0585612058639526,
1.0585215091705322,
1.058557391166687,
1.0585014820098877,
1.058407187461853,
1.0584337711334229,
1.0583641529083252,
1.0583164691925049,
1.0581821203231812,
1.058201551437378,
1.0580840110778809,
1.0580241680145264,
1.0579766035079956,
1.057902455329895,
1.0578664541244507,
1.0577824115753174,
1.0577601194381714,
1.057772159576416,
1.057629942893982,
1.0575709342956543,
1.0575504302978516,
1.0575255155563354,
1.057449221611023,
1.0573759078979492,
1.0573763847351074,
1.0572720766067505,
1.0572311878204346,
1.0571361780166626,
1.05704665184021,
1.0569804906845093,
1.0568885803222656,
1.0568499565124512,
1.0567185878753662,
1.0566346645355225,
1.0565059185028076,
1.0563862323760986,
1.0564388036727905,
1.0564593076705933,
1.0564460754394531,
1.0564039945602417,
1.0563832521438599,
1.0562859773635864,
1.0562782287597656,
1.0562996864318848,
1.0562701225280762,
1.056183099746704,
1.0562711954116821,
1.0561705827713013,
1.0561425685882568,
1.0561021566390991,
1.0560110807418823,
1.0560014247894287,
1.0559428930282593,
1.0558627843856812,
1.0558147430419922,
1.0557841062545776,
1.0556470155715942,
1.0556365251541138,
1.0555413961410522,
1.0554661750793457,
1.0554864406585693,
1.055396556854248,
1.0553224086761475,
1.0552964210510254,
1.0552318096160889,
1.0551702976226807,
1.0550328493118286,
1.0549801588058472,
1.054910659790039,
1.0548298358917236,
1.0547900199890137,
1.0547417402267456,
1.0547069311141968,
1.05470871925354,
1.054614543914795,
1.0545510053634644,
1.0544896125793457,
1.0543760061264038,
1.054328203201294,
1.0543042421340942,
1.0542641878128052,
1.054101824760437,
1.0540486574172974,
1.053932785987854,
1.0538321733474731,
1.0537675619125366,
1.0536929368972778,
1.0536258220672607,
1.0535610914230347,
1.0535625219345093,
1.053412914276123,
1.0534007549285889,
1.0531872510910034,
1.0530868768692017,
1.0530346632003784,
1.0529160499572754,
1.0528502464294434,
1.0525838136672974,
1.052554726600647,
1.0523544549942017,
1.052303671836853,
1.0522915124893188,
1.0521820783615112,
1.0521719455718994,
1.052167296409607,
1.0521931648254395,
1.0521929264068604,
1.0521762371063232,
1.0520946979522705,
1.051996111869812,
1.051884651184082,
1.0518970489501953,
1.0518041849136353,
1.0516659021377563,
1.0516347885131836,
1.0516045093536377,
1.0514099597930908,
1.0514121055603027,
1.051290512084961,
1.0512789487838745,
1.0510883331298828,
1.0509980916976929,
1.0509239435195923,
1.0508761405944824,
1.0507019758224487,
1.0505927801132202,
1.0506101846694946,
1.0504828691482544,
1.0503729581832886,
1.050255537033081,
1.0501267910003662,
1.0500237941741943,
1.0499930381774902,
1.0500586032867432,
1.050028920173645,
1.0499061346054077,
1.0497841835021973,
1.049730658531189,
1.0496577024459839,
1.0496259927749634,
1.0495332479476929,
1.0494630336761475,
1.0494705438613892,
1.0494259595870972,
1.0494039058685303,
1.0495030879974365,
1.0494592189788818,
1.04938542842865,
1.0493042469024658,
1.0492377281188965,
1.0491870641708374,
1.049115777015686,
1.0489331483840942,
1.0488412380218506,
1.0487723350524902,
1.0486860275268555,
1.0486501455307007,
1.0485187768936157,
1.0484968423843384,
1.0483914613723755,
1.048319935798645,
1.0481395721435547,
1.048108458518982,
1.0479484796524048,
1.0478456020355225,
1.0478591918945312,
1.0477303266525269,
1.0475702285766602,
1.0474673509597778,
1.0474427938461304,
1.0474257469177246,
1.0472540855407715,
1.0471794605255127,
1.0471221208572388,
1.0469975471496582,
1.0469516515731812,
1.0468450784683228,
1.0467170476913452,
1.046675205230713,
1.0466240644454956,
1.0464645624160767,
1.046297311782837,
1.046228051185608,
1.0461629629135132,
1.0461084842681885,
1.0460082292556763,
1.0459266901016235,
1.0457972288131714,
1.0457491874694824,
1.045668601989746,
1.0455613136291504,
1.0454034805297852,
1.0453667640686035,
1.0452321767807007,
1.0451666116714478,
1.0450931787490845,
1.0449491739273071,
1.0448440313339233,
1.0446449518203735,
1.0445486307144165,
1.0444716215133667,
1.0443388223648071,
1.0442057847976685,
1.0442240238189697,
1.0441784858703613,
1.043863296508789,
1.043859839439392,
1.0438141822814941,
1.043628215789795,
1.0435360670089722,
1.043407678604126,
1.0433787107467651,
1.0432047843933105,
1.0430147647857666,
1.0429277420043945,
1.0427870750427246,
1.0426338911056519,
1.0425249338150024,
1.0424169301986694,
1.0422908067703247,
1.0421080589294434,
1.0419561862945557,
1.0418567657470703,
1.0417089462280273,
1.041607141494751,
1.041528344154358,
1.0413496494293213,
1.041163444519043,
1.0410267114639282,
1.0409330129623413,
1.0407905578613281,
1.040700078010559,
1.040547251701355,
1.0404168367385864,
1.0403515100479126,
1.040183186531067,
1.0400183200836182,
1.0398012399673462,
1.039733648300171,
1.0395987033843994,
1.0394442081451416,
1.0392911434173584,
1.0390557050704956,
1.0389599800109863,
1.038792610168457,
1.0386179685592651,
1.0385345220565796,
1.0383821725845337,
1.0381988286972046,
1.0380125045776367,
1.037870168685913,
1.037702202796936,
1.0375308990478516,
1.0373345613479614,
1.037168264389038,
1.0370149612426758,
1.0368543863296509,
1.0366599559783936,
1.036497712135315,
1.0363768339157104,
1.0361783504486084,
1.0360275506973267,
1.0358482599258423,
1.0357859134674072,
1.0355488061904907,
1.0354055166244507,
1.0351473093032837,
1.0350017547607422,
1.0348085165023804,
1.0346051454544067,
1.034385323524475,
1.0342154502868652,
1.034031629562378,
1.03388249874115,
1.0336276292800903,
1.0335540771484375,
1.0332814455032349,
1.0332396030426025,
1.0330017805099487,
1.0328813791275024,
1.0326590538024902,
1.0324814319610596,
1.0322767496109009,
1.0320581197738647,
1.0318084955215454,
1.0317178964614868,
1.0314043760299683,
1.0313562154769897,
1.0311079025268555,
1.0308717489242554,
1.0307013988494873,
1.0304545164108276,
1.0303343534469604,
1.0301024913787842,
1.0299009084701538,
1.029563546180725,
1.0293899774551392,
1.0291926860809326,
1.028991460800171,
1.028793215751648,
1.0285769701004028,
1.028483271598816,
1.0282509326934814,
1.0279666185379028,
1.0277897119522095,
1.0275460481643677,
1.0273730754852295,
1.027114748954773,
1.0269246101379395,
1.0266635417938232,
1.0265414714813232,
1.0263240337371826,
1.0260248184204102,
1.0258313417434692,
1.0256279706954956,
1.0252463817596436,
1.0251061916351318,
1.0248044729232788,
1.0246129035949707,
1.0243687629699707,
1.0241154432296753,
1.023864984512329,
1.0236577987670898,
1.0234320163726807,
1.0231895446777344,
1.0228976011276245,
1.0225950479507446,
1.0223108530044556,
1.022010326385498,
1.02169668674469,
1.0214608907699585,
1.021256685256958,
1.0209736824035645,
1.0207093954086304,
1.020376205444336,
1.0200014114379883,
1.0198020935058594,
1.0194997787475586,
1.0191645622253418,
1.0188958644866943,
1.0186383724212646,
1.0184048414230347,
1.0181236267089844,
1.0177708864212036,
1.017377495765686,
1.017102837562561,
1.0167791843414307,
1.0164920091629028,
1.0162031650543213,
1.0158019065856934,
1.0154035091400146,
1.0150303840637207,
1.014788031578064,
1.0143706798553467,
1.0140701532363892,
1.0136560201644897,
1.0133692026138306,
1.0130581855773926,
1.012662410736084,
1.0123558044433594,
1.0120071172714233,
1.011582374572754,
1.0111616849899292,
1.010872721672058,
1.010460615158081,
1.0100734233856201,
1.0096458196640015,
1.0092427730560303,
1.008996844291687,
1.0086766481399536,
1.008284330368042,
1.0078659057617188,
1.0074167251586914,
1.0070078372955322,
1.006716251373291,
1.0062432289123535,
1.00595223903656,
1.0055793523788452,
1.005123496055603,
1.0048397779464722,
1.0044481754302979,
1.004002332687378,
1.0035609006881714,
1.003029465675354,
1.0025546550750732,
1.002144694328308,
1.001810908317566,
1.00128972530365,
1.0008777379989624,
1.0003743171691895,
0.9999579787254333,
0.9994434714317322,
0.9989383220672607,
0.998495876789093,
0.9980848431587219,
0.9975553154945374,
0.9968922138214111,
0.9963976144790649,
0.9959213137626648,
0.9953732490539551,
0.9949403405189514,
0.9943166375160217,
0.9938147068023682,
0.9933079481124878,
0.9927896857261658,
0.9922507405281067,
0.9917039275169373,
0.9911141991615295,
0.9905128479003906,
0.9899606108665466,
0.9894312024116516,
0.9888312816619873,
0.9882482290267944,
0.9875487685203552,
0.9869886040687561,
0.986310601234436,
0.9857290387153625,
0.9851425886154175,
0.9844118356704712,
0.9838109612464905,
0.9831482768058777,
0.9825093746185303,
0.9818510413169861,
0.9811580181121826,
0.9804931282997131,
0.9797937273979187,
0.9790620803833008,
0.9782653450965881,
0.9776124954223633,
0.9768761396408081,
0.9761320352554321,
0.9753574728965759,
0.9744938611984253,
0.9738109707832336,
0.9729392528533936,
0.9722615480422974,
0.9714316725730896,
0.9706518650054932,
0.9697884321212769,
0.9690189361572266,
0.9681987166404724,
0.9673961400985718,
0.9665010571479797,
0.965623676776886,
0.9647780060768127,
0.963932454586029,
0.9630674123764038,
0.9621079564094543,
0.9611698985099792,
0.9603176116943359,
0.9594202041625977,
0.9584123492240906,
0.9574939608573914,
0.9565586447715759,
0.9555471539497375,
0.9546356797218323,
0.9536195993423462,
0.9526296854019165,
0.9516457319259644,
0.9507133960723877,
0.9497082829475403,
0.9486848711967468,
0.9476558566093445,
0.9466943144798279,
0.9456837773323059,
0.9446574449539185,
0.9435243010520935,
0.9425063729286194,
0.9414253830909729,
0.9403793811798096,
0.939177393913269,
0.9380892515182495,
0.9369475841522217,
0.9358090758323669,
0.9347015023231506,
0.9335801005363464,
0.9323934316635132,
0.9312535524368286,
0.9300681948661804,
0.9288306832313538,
0.9276592135429382,
0.9264156222343445,
0.9252139925956726,
0.9239630699157715,
0.9227705597877502,
0.9216097593307495,
0.9203043580055237,
0.9190637469291687,
0.9178136587142944,
0.9166402220726013,
0.9153232574462891,
0.9140148162841797,
0.9125732779502869,
0.9114236831665039,
0.910171627998352,
0.9088302254676819,
0.9075233340263367,
0.9062166810035706,
0.9048745036125183,
0.9035220742225647,
0.9022324085235596,
0.9008758068084717,
0.8995203375816345,
0.8981016874313354,
0.8966978788375854,
0.8952547311782837,
0.8939178586006165,
0.8925548791885376,
0.8911262154579163,
0.8897575736045837,
0.8883500099182129,
0.8869625926017761,
0.8854866027832031,
0.8840620517730713,
0.8826935291290283,
0.8813716173171997,
0.8802482485771179,
0.8802482485771179,
0.8802482485771179,
0.0,
0.0,
0.0,
0.0,
0.0,
0.0,
0.0,
0.0,
0.0,
0.0,
0.0,
0.0,
0.0,
0.0,
0.0,
0.0,
0.0,
0.0,
0.0,
0.0,
0.0,
0.0,
0.0,
0.0,
0.0,
0.0,
0.0,
0.0,
0.0,
0.0,
0.0,
0.0,
0.0,
0.0,
0.0,
0.0,
0.0,
0.0,
0.0,
0.0,
0.0,
0.0,
0.0,
0.0,
0.0,
0.0,
0.0,
0.0,
0.0,
0.0,
0.0,
0.0,
0.0,
0.0,
0.0,
0.0,
0.0,
0.0,
0.0,
0.0,
0.0,
0.0,
0.0,
0.0,
0.0,
0.0,
0.0,
0.0,
0.0,
0.0,
0.0,
0.0,
0.0,
0.0,
0.0,
0.0,
0.0,
0.0,
0.0,
0.0,
0.0,
0.0,
0.0,
0.0,
0.0,
0.0,
0.0,
0.0,
0.0,
0.0,
0.0,
0.0,
0.0,
0.0,
0.0,
0.0,
0.0,
0.0,
0.0,
0.0,
0.0,
0.0,
0.0,
0.0,
0.0,
0.0,
0.0,
0.0,
0.0,
0.0,
0.0,
0.0,
0.0,
0.0,
0.0,
0.0,
0.0,
0.0,
0.0,
0.0,
0.0,
0.0,
0.0,
0.0,
0.0,
0.0,
0.0,
0.0,
0.0,
0.0,
0.0,
0.0,
0.0,
0.0,
0.0,
0.0,
0.0,
0.0,
0.0,
0.0,
0.0,
0.0,
0.0,
0.0,
0.0,
0.0,
0.0,
0.0,
0.0,
0.0,
0.0,
0.0,
0.0,
0.0,
0.0,
0.0,
0.0,
0.0,
0.0,
0.0,
0.0,
0.0,
0.0,
0.0,
0.0,
0.0,
0.0,
0.0,
0.0,
0.0,
0.0,
0.0,
0.0,
0.0,
0.0,
0.0,
0.0,
0.0,
0.0,
0.0,
0.0,
0.0,
0.0,
0.0,
0.0,
0.0,
0.0,
0.0,
0.0,
0.0,
0.0,
0.0,
0.0,
0.0,
0.0,
0.0,
0.0,
0.0,
0.0,
0.0,
0.0,
0.0,
0.0,
0.0,
0.0,
0.0,
0.0,
0.0,
0.0,
0.0,
0.0,
0.0,
0.0,
0.0,
0.0,
0.0,
0.0,
0.0,
0.0,
0.0,
0.0,
0.0,
0.0,
0.0,
0.0,
0.0,
0.0,
0.0,
0.0,
0.0,
0.0,
0.0,
0.0,
0.0,
0.0,
0.0,
0.0,
0.0,
0.0,
0.0,
0.0,
0.0,
0.0,
0.0,
0.0,
0.0,
0.0,
0.0,
0.0,
0.0,
0.0,
0.0,
0.0,
0.0,
0.0,
0.0,
0.0,
0.0,
0.0,
0.0,
0.0,
0.0,
0.0,
0.0,
0.0,
0.0,
0.0,
0.0,
0.0,
0.0,
0.0,
0.0,
0.0,
0.0,
0.0,
0.0,
0.0,
0.0,
0.0,
0.0,
0.0,
0.0,
0.0,
0.0,
0.0,
0.0,
0.0,
0.0,
0.0,
0.0,
0.0,
0.0,
0.0,
0.0,
0.0,
0.0,
0.0,
0.0,
0.0,
0.0,
0.0,
0.0,
0.0,
0.0,
0.0,
0.0,
0.0,
0.0,
0.0,
0.0,
0.0,
0.0,
0.0,
0.0,
0.0,
0.0,
0.0,
0.0,
0.0,
0.0,
0.0,
0.0,
0.0,
0.0,
0.0,
0.0,
0.0,
0.0,
0.0,
0.0,
0.0,
0.0,
0.0,
0.0,
0.0,
0.0,
0.0,
0.0,
0.0,
0.0,
0.0,
0.0,
0.0,
0.0,
0.0,
0.0,
0.0,
0.0,
0.0,
0.0,
0.0,
0.0,
0.0,
0.0,
0.0,
0.0,
0.0,
0.0,
0.0,
0.0,
0.0,
0.0,
0.0,
0.0,
0.0,
0.0,
0.0,
0.0,
0.0,
0.0,
0.0,
0.0,
0.0,
0.0,
0.0,
0.0,
0.0,
0.0,
0.0,
0.0,
0.0,
0.0,
0.0,
0.0,
0.0,
0.0,
0.0,
0.0,
0.0,
0.0,
0.0,
0.0,
0.0,
0.0,
0.0,
0.0,
0.0,
0.0,
0.0,
0.0,
0.0,
0.0,
0.0,
0.0,
0.0,
0.0,
0.0,
0.0,
0.0,
0.0,
0.0,
0.0,
0.0,
0.0,
0.0,
0.0,
0.0,
0.0,
0.0,
0.0,
0.0,
0.0,
0.0,
0.0,
0.0,
0.0,
0.0,
0.0,
0.0,
0.0,
0.0,
0.0,
0.0,
0.0,
0.0,
0.0,
0.0,
0.0,
0.0,
0.0,
0.0,
0.0,
0.0,
0.0,
0.0,
0.0,
0.0,
0.0,
0.0,
0.0,
0.0,
0.0,
0.0,
0.0,
0.0,
0.0,
0.0,
0.0,
0.0,
0.0,
0.0,
0.0,
0.0,
0.0,
0.0,
0.0,
0.0,
0.0,
0.0,
0.0,
0.0,
0.0,
0.0,
0.0,
0.0,
0.0,
0.0,
0.0,
0.0,
0.0,
0.0,
0.0,
0.0,
0.0,
0.0,
0.0,
0.0,
0.0,
0.0,
0.0,
0.0,
0.0,
0.0,
0.0,
0.0,
0.0,
0.0,
0.0,
0.0,
0.0,
0.0,
0.0,
0.0,
0.0,
0.0,
0.0,
0.0,
0.0,
0.0,
0.0,
0.0,
0.0,
0.0,
0.0,
0.0,
0.0,
0.0,
0.0,
0.0,
0.0,
0.0,
0.0,
0.0,
0.0,
0.0,
0.0,
0.0,
0.0,
0.0,
0.0,
0.0,
0.0,
0.0,
0.0,
0.0,
0.0,
0.0,
0.0,
0.0,
0.0,
0.0,
0.0,
0.0,
0.0,
0.0,
0.0,
0.0,
0.0,
0.0,
0.0,
0.0,
0.0,
0.0,
0.0,
0.0,
0.0,
0.0,
0.0,
0.0,
0.0,
0.0,
0.0,
0.0,
0.0,
0.0,
0.0,
0.0,
0.0,
0.0,
0.0,
0.0,
0.0,
0.0,
0.0,
0.0,
0.0,
0.0,
0.0,
0.0,
0.0,
0.0,
0.0,
0.0,
0.0,
0.0,
0.0,
0.0,
0.0,
0.0,
0.0,
0.0,
0.0,
0.0,
0.0,
0.0,
0.0,
0.0,
0.0,
0.0,
0.0,
0.0,
0.0,
0.0,
0.0,
0.0,
0.0,
0.0,
0.0,
0.0,
0.0,
0.0,
0.0,
0.0,
0.0,
0.0,
0.0,
0.0,
0.0,
0.0,
0.0,
0.0,
0.0,
0.0,
0.0,
0.0,
0.0,
0.0,
0.0,
0.0,
0.0,
0.0,
0.0,
0.0,
0.0,
0.0,
0.0,
0.0,
0.0,
0.0,
0.0,
0.0,
0.0,
0.0,
0.0,
0.0,
0.0,
0.0,
0.0,
0.0,
0.0,
0.0,
0.0,
0.0,
0.0,
0.0,
0.0,
0.0,
0.0,
0.0,
0.0,
0.0,
0.0,
0.0,
0.0,
0.0,
0.0,
0.0,
0.0,
0.0,
0.0,
0.0,
0.0,
0.0,
0.0,
0.0,
0.0,
0.0,
0.0,
0.0,
0.0,
0.0,
0.0,
0.0,
0.0,
0.0,
0.0,
0.0,
0.0,
0.0,
0.0,
0.0,
0.0,
0.0,
0.0,
0.0,
0.0,
0.0,
0.0,
0.0,
0.0,
0.0,
0.0,
0.0,
0.0,
0.0,
0.0,
0.0,
0.0,
0.0,
0.0,
0.0,
0.0,
0.0,
0.0,
0.0,
0.0,
0.0,
0.0,
0.0,
0.0,
0.0,
0.0,
0.0,
0.0,
0.0,
0.0,
0.0,
0.0,
0.0,
0.0,
0.0,
0.0,
0.0,
0.0,
0.0,
0.0,
0.0,
0.0,
0.0,
0.0,
0.0,
0.0,
0.0,
0.0,
0.0,
0.0,
0.0,
0.0,
0.0,
0.0,
0.0,
0.0,
0.0,
0.0,
0.0,
0.0,
0.0,
0.0,
0.0,
0.0,
0.0,
0.0,
0.0,
0.0,
0.0,
0.0,
0.0,
0.0,
0.0,
0.0,
0.0,
0.0,
0.0,
0.0,
0.0,
0.0,
0.0,
0.0,
0.0,
0.0,
0.0,
0.0,
0.0,
0.0,
0.0,
0.0,
0.0,
0.0,
0.0,
0.0,
0.0,
0.0,
0.0,
0.0,
0.0,
0.0,
0.0,
0.0,
0.0,
0.0,
0.0,
0.0,
0.0,
0.0,
0.0,
0.0,
0.0,
0.0,
0.0,
0.0,
0.0,
0.0,
0.0,
0.0,
0.0,
0.0,
0.0,
0.0,
0.0,
0.0,
0.0,
0.0,
0.0,
0.0,
0.0,
0.0,
0.0,
0.0,
0.0,
0.0,
0.0,
0.0,
0.0,
0.0,
0.0,
0.0,
0.0,
0.0,
0.0,
0.0,
0.0,
0.0,
0.0,
0.0,
0.0,
0.0,
0.0,
0.0,
0.0,
0.0,
0.0,
0.0,
0.0,
0.0,
0.0,
0.0,
0.0,
0.0,
0.0,
0.0,
0.0,
0.0,
0.0,
0.0,
0.0,
0.0,
0.0,
0.0,
0.0,
0.0,
0.0,
0.0,
0.0,
0.0,
0.0,
0.0,
0.0,
0.0,
0.0,
0.0,
0.0,
0.0,
0.0,
0.0,
0.0,
0.0,
0.0,
0.0,
0.0,
0.0,
0.0,
0.0,
0.0,
0.0,
0.0,
0.0,
0.0,
0.0,
0.0,
0.0,
0.0,
0.0,
0.0,
0.0,
0.0,
0.0,
0.0,
0.0,
0.0,
0.0,
0.0,
0.0,
0.0,
0.0,
0.0,
0.0,
0.0,
0.0,
0.0,
0.0,
0.0,
0.0,
0.0,
0.0,
0.0,
0.0,
0.0,
0.0,
0.0,
0.0,
0.0,
0.0,
0.0,
0.0,
0.0,
0.0,
0.0,
0.0,
0.0,
0.0,
0.0,
0.0,
0.0,
0.0,
0.0,
0.0,
0.0,
0.0,
0.0,
0.0,
0.0,
0.0,
0.0,
0.0,
0.0,
0.0,
0.0,
0.0,
0.0,
0.0,
0.0,
0.0,
0.0,
0.0,
0.0,
0.0,
0.0,
0.0,
0.0,
0.0,
0.0,
0.0,
0.0,
0.0,
0.0,
0.0,
0.0,
0.0,
0.0,
0.0,
0.0,
0.0,
0.0,
0.0,
0.0,
0.0,
0.0,
0.0,
0.0,
0.0,
0.0,
0.0,
0.0,
0.0,
0.0,
0.0,
0.0,
0.0,
0.0,
0.0,
0.0,
0.0,
0.0,
0.0,
0.0,
0.0,
0.0,
0.0,
0.0,
0.0,
0.0,
0.0,
0.0,
0.0,
0.0,
0.0,
0.0,
0.0,
0.0,
0.0,
0.0,
0.0,
0.0,
0.0,
0.0,
0.0,
0.0,
0.0,
0.0,
0.0,
0.0,
0.0,
0.0,
0.0,
0.0,
0.0,
0.0,
0.0,
0.0,
0.0,
0.0,
0.0,
0.0,
0.0,
0.0,
0.0,
0.0,
0.0,
0.0,
0.0,
0.0,
0.0,
0.0,
0.0,
0.0,
0.0,
0.0,
0.0,
0.0,
0.0,
0.0,
0.0,
0.0,
0.0,
0.0,
0.0,
0.0,
0.0,
0.0,
0.0,
0.0,
0.0,
0.0,
0.0,
0.0,
0.0,
0.0,
0.0,
0.0,
0.0,
0.0,
0.0,
0.0,
0.0,
0.0,
0.0,
0.0,
0.0,
0.0,
0.0,
0.0,
0.0,
0.0,
0.0,
0.0,
0.0,
0.0,
0.0,
0.0,
0.0,
0.0,
0.0,
0.0,
0.0,
0.0,
0.0,
0.0,
0.0,
0.0,
0.0,
0.0,
0.0,
0.0,
0.0,
0.0,
0.0,
0.0,
0.0,
0.0,
0.0,
0.0,
0.0,
0.0,
0.0,
0.0,
0.0,
0.0,
0.0,
0.0,
0.0,
0.0,
0.0,
0.0,
0.0,
0.0,
0.0,
0.0,
0.0,
0.0,
0.0,
0.0,
0.0,
0.0,
0.0,
0.0,
0.0,
0.0,
0.0,
0.0,
0.0,
0.0,
0.0,
0.0,
0.0,
0.0,
0.0,
0.0,
0.0,
0.0,
0.0,
0.0,
0.0,
0.0,
0.0,
0.0,
0.0,
0.0,
0.0,
0.0,
0.0,
0.0,
0.0,
0.0,
0.0,
0.0,
0.0,
0.0,
0.0,
0.0,
0.0,
0.0,
0.0,
0.0,
0.0,
0.0,
0.0,
0.0,
0.0,
0.0,
0.0,
0.0,
0.0,
0.0,
0.0,
0.0,
0.0,
0.0,
0.0,
0.0,
0.0,
0.0,
0.0,
0.0,
0.0,
0.0,
0.0,
0.0,
0.0,
0.0,
0.0,
0.0,
0.0,
0.0,
0.0,
0.0,
0.0,
0.0,
0.0,
0.0,
0.0,
0.0,
0.0,
0.0,
0.0,
0.0,
0.0,
0.0,
0.0,
0.0,
0.0,
0.0,
0.0,
0.0,
0.0,
0.0,
0.0,
0.0,
0.0,
0.0,
0.0,
0.0,
0.0,
0.0,
0.0,
0.0,
0.0,
0.0,
0.0,
0.0,
0.0,
0.0,
0.0,
0.0,
0.0,
0.0,
0.0,
0.0,
0.0,
0.0,
0.0,
0.0,
0.0,
0.0,
0.0,
0.0,
0.0,
0.0,
0.0,
0.0,
0.0,
0.0,
0.0,
0.0,
0.0,
0.0,
0.0,
0.0,
0.0,
0.0,
0.0,
0.0,
0.0,
0.0,
0.0,
0.0,
0.0,
0.0,
0.0,
0.0,
0.0,
0.0,
0.0,
0.0,
0.0,
0.0,
0.0,
0.0,
0.0,
0.0,
0.0,
0.0,
0.0,
0.0,
0.0,
0.0,
0.0,
0.0,
0.0,
0.0,
0.0,
0.0,
0.0,
0.0,
0.0,
0.0,
0.0,
0.0,
0.0,
0.0,
0.0,
0.0,
0.0,
0.0,
0.0,
0.0,
0.0,
0.0,
0.0,
0.0,
0.0,
0.0,
0.0,
0.0,
0.0,
0.0,
0.0,
0.0,
0.0,
0.0,
0.0,
0.0,
0.0,
0.0,
0.0,
0.0,
0.0,
0.0,
0.0,
0.0,
0.0,
0.0,
0.0,
0.0,
0.0,
0.0,
0.0,
0.0,
0.0,
0.0,
0.0,
0.0,
0.0,
0.0,
0.0,
0.0,
0.0,
0.0,
0.0,
