1.0626152753829956,
1.0633803606033325,
1.0637905597686768,
1.0643303394317627,
1.0644418001174927,
1.0646554231643677,
1.064791202545166,
1.0648785829544067,
1.0650241374969482,
1.0652137994766235,
1.0652966499328613,
1.0652905702590942,
1.0653018951416016,
1.0652811527252197,
1.065247893333435,
1.065303921699524,
1.0653389692306519,
1.0652596950531006,
1.0653573274612427,
1.0653374195098877,
1.065267562866211,
1.065362811088562,
1.0652939081192017,
1.0653386116027832,
1.0652843713760376,
1.0653108358383179,
1.0654298067092896,
1.065299153327942,
1.0653456449508667,
1.065308690071106,
1.0652306079864502,
1.06526517868042,
1.0653772354125977,
1.065168023109436,
1.065233588218689,
1.0651220083236694,
1.0651373863220215,
1.0651267766952515,
1.0650138854980469,
1.0649369955062866,
1.0649034976959229,
1.064835548400879,
1.0648393630981445,
1.0649423599243164,
1.0648127794265747,
1.064827561378479,
1.0648422241210938,
1.064728856086731,
1.064829707145691,
1.0647952556610107,
1.0647457838058472,
1.0648137331008911,
1.06478750705719,
1.0646207332611084,
1.064772129058838,
1.0647125244140625,
1.064744234085083,
1.0646251440048218,
1.064459204673767,
1.064508080482483,
1.064434289932251,
1.064363956451416,
1.0643208026885986,
1.0643123388290405,
1.0643622875213623,
1.0643627643585205,
1.0643106698989868,
1.0642191171646118,
1.0641671419143677,
1.0640358924865723,
1.0640027523040771,
1.0639655590057373,
1.0638504028320312,
1.063883900642395,
1.0638000965118408,
1.0638223886489868,
1.0639325380325317,
1.0637727975845337,
1.063769817352295,
1.0637503862380981,
1.063709020614624,
1.0635924339294434,
1.063633918762207,
1.063733696937561,
1.063552737236023,
1.0635594129562378,
1.0635496377944946,
1.063589334487915,
1.0635424852371216,
1.0635968446731567,
1.0635672807693481,
1.0635162591934204,
1.063660740852356,
1.0636738538742065,
1.0635793209075928,
1.0633691549301147,
1.0633244514465332,
1.063232660293579,
1.0632573366165161,
1.0632331371307373,
1.0631766319274902,
1.0630594491958618,
1.063036561012268,
1.0630078315734863,
1.0629675388336182,
1.0629358291625977,
1.0628149509429932,
1.0628621578216553,
1.0628349781036377,
1.0627970695495605,
1.06285560131073,
1.0628321170806885,
1.0629688501358032,
1.0628561973571777,
1.062706708908081,
1.0628716945648193,
1.0628374814987183,
1.0627695322036743,
1.0628072023391724,
1.062773585319519,
1.0627540349960327,
1.0627295970916748,
1.0626295804977417,
1.062670111656189,
1.062575101852417,
1.0626626014709473,
1.0625594854354858,
1.0625624656677246,
1.0625042915344238,
1.0624349117279053,
1.0624297857284546,
1.0623317956924438,
1.062217354774475,
1.06222665309906,
1.0621293783187866,
1.0620229244232178,
1.0618876218795776,
1.0618752241134644,
1.061913251876831,
1.0618164539337158,
1.0618051290512085,
1.061653971672058,
1.0616978406906128,
1.0618089437484741,
1.0617409944534302,
1.0615633726119995,
1.0615397691726685,
1.0614134073257446,
1.061540961265564,
1.0615527629852295,
1.061576008796692,
1.0614949464797974,
1.0615744590759277,
1.0615160465240479,
1.061458706855774,
1.0614824295043945,
1.0614579916000366,
1.061436653137207,
1.061376690864563,
1.0613263845443726,
1.0612684488296509,
1.0611051321029663,
1.061128854751587,
1.0610531568527222,
1.0609774589538574,
1.0609333515167236,
1.0608503818511963,
1.0608458518981934,
1.060807466506958,
1.0607668161392212,
1.0606486797332764,
1.060504674911499,
1.060584545135498,
1.0604313611984253,
1.0604838132858276,
1.060301661491394,
1.0603480339050293,
1.0603324174880981,
1.0603550672531128,
1.0604453086853027,
1.0603818893432617,
1.0603704452514648,
1.0603115558624268,
1.060351848602295,
1.0603761672973633,
1.0602478981018066,
1.0600322484970093,
1.060086727142334,
1.060130000114441,
1.0601046085357666,
1.0600931644439697,
1.0600683689117432,
1.060040831565857,
1.0599364042282104,
1.059809684753418,
1.059891700744629,
1.0597351789474487,
1.0597370862960815,
1.059635043144226,
1.0596065521240234,
1.0596283674240112,
1.0595927238464355,
1.0595065355300903,
1.0593611001968384,
1.0592296123504639,
1.0591238737106323,
1.0590946674346924,
1.0590825080871582,
1.0590236186981201,
1.0590075254440308,
1.0590206384658813,
1.059026837348938,
1.0589659214019775,
1.059031367301941,
1.0590314865112305,
1.0590397119522095,
1.0589046478271484,
1.0589792728424072,
1.0588955879211426,
1.0588347911834717,
1.0588222742080688,
1.0588847398757935,
1.058912992477417,
1.0587652921676636,
1.0586953163146973,
1.0586938858032227,
1.0586374998092651,
1.0585483312606812,
1.0585633516311646,
1.058404564857483,
1.0584189891815186,
1.0584814548492432,
1.058454155921936,
1.0584251880645752,
1.0583912134170532,
1.0583150386810303,
1.058273434638977,
1.05825936794281,
1.0582107305526733,
1.0580660104751587,
1.0580205917358398,
1.0579752922058105,
1.0579875707626343,
1.0578376054763794,
1.057901382446289,
1.057952880859375,
1.0578917264938354,
1.057785153388977,
1.0577844381332397,
1.0576268434524536,
1.0576584339141846,
1.0576204061508179,
1.0575664043426514,
1.0576846599578857,
1.057570457458496,
1.0576070547103882,
1.0574802160263062,
1.0574700832366943,
1.0573410987854004,
1.0572030544281006,
1.0572137832641602,
1.0571578741073608,
1.0569162368774414,
1.0570554733276367,
1.0570915937423706,
1.05703866481781,
1.0569690465927124,
1.056983470916748,
1.0568344593048096,
1.0568684339523315,
1.0567799806594849,
1.056746244430542,
1.0566710233688354,
1.056664228439331,
1.0565986633300781,
1.0565730333328247,
1.0564854145050049,
1.0564987659454346,
1.0564730167388916,
1.0563197135925293,
1.0562832355499268,
1.0563803911209106,
1.0562893152236938,
1.0562310218811035,
1.0562645196914673,
1.056201457977295,
1.056020975112915,
1.0560158491134644,
1.0560328960418701,
1.056017279624939,
1.0558316707611084,
1.0558395385742188,
1.055632472038269,
1.0557225942611694,
1.0556788444519043,
1.055622935295105,
1.0556224584579468,
1.0555689334869385,
1.0556715726852417,
1.0555541515350342,
1.0554028749465942,
1.0554089546203613,
1.0553785562515259,
1.0554087162017822,
1.0552334785461426,
1.0552390813827515,
1.0551224946975708,
1.0550776720046997,
1.0549486875534058,
1.0548889636993408,
1.0548573732376099,
1.054833173751831,
1.0547571182250977,
1.0546103715896606,
1.0546979904174805,
1.0547205209732056,
1.0545620918273926,
1.054548740386963,
1.0544657707214355,
1.0544629096984863,
1.0544540882110596,
1.054533839225769,
1.0543676614761353,
1.054323673248291,
1.0542258024215698,
1.0542864799499512,
1.054275393486023,
1.0542124509811401,
1.0541540384292603,
1.0540369749069214,
1.0540577173233032,
1.0540013313293457,
1.0539275407791138,
1.0537493228912354,
1.0537703037261963,
1.0538233518600464,
1.0537161827087402,
1.0536373853683472,
1.0536465644836426,
1.0534889698028564,
1.0535017251968384,
1.0535390377044678,
1.0533900260925293,
1.053361415863037,
1.0533455610275269,
1.0532329082489014,
1.0532591342926025,
1.0531834363937378,
1.0530420541763306,
1.0530420541763306,
1.0529958009719849,
1.0528995990753174,
1.0529128313064575,
1.052907109260559,
1.0528947114944458,
1.0528117418289185,
1.0462101697921753,
1.047474980354309,
1.0482593774795532,
1.0488557815551758,
1.0491669178009033,
1.0493241548538208,
1.0495985746383667,
1.0495874881744385,
1.0496816635131836,
1.0498571395874023,
1.049917221069336,
1.049943447113037,
1.050034523010254,
1.0500538349151611,
1.0500670671463013,
1.0501035451889038,
1.0501450300216675,
1.050092101097107,
1.0501748323440552,
1.0501725673675537,
1.0501762628555298,
1.050096035003662,
1.0499523878097534,
1.0499870777130127,
1.0500479936599731,
1.0500707626342773,
1.0499645471572876,
1.0499248504638672,
1.0498942136764526,
1.0499746799468994,
1.049889087677002,
1.0498019456863403,
1.0498442649841309,
1.0497766733169556,
1.0498549938201904,
1.0498117208480835,
1.0497374534606934,
1.0496821403503418,
1.0496455430984497,
1.049655556678772,
1.0495593547821045,
1.0495131015777588,
1.0494531393051147,
1.0494192838668823,
1.049338936805725,
1.0493404865264893,
1.0491527318954468,
1.0492507219314575,
1.0491455793380737,
1.0491770505905151,
1.0491689443588257,
1.0490851402282715,
1.049131989479065,
1.0491385459899902,
1.0491647720336914,
1.0490875244140625,
1.0488907098770142,
1.0489540100097656,
1.0489088296890259,
1.0488603115081787,
1.0488468408584595,
1.0488334894180298,
1.0487852096557617,
1.0487016439437866,
1.0487476587295532,
1.0486843585968018,
1.048668384552002,
1.0486024618148804,
1.048444151878357,
1.0482949018478394,
1.0483838319778442,
1.048330307006836,
1.04830801486969,
1.0482913255691528,
1.0481619834899902,
1.0481594800949097,
1.0481318235397339,
1.0480976104736328,
1.0480059385299683,
1.0479609966278076,
1.0479397773742676,
1.0478869676589966,
1.0478453636169434,
1.0477726459503174,
1.0476109981536865,
1.0476186275482178,
1.0476326942443848,
1.0475486516952515,
1.047567367553711,
1.0474226474761963,
1.0472743511199951,
1.047222375869751,
1.0471235513687134,
1.047128677368164,
1.0470480918884277,
1.0470495223999023,
1.0469363927841187,
1.046964406967163,
1.047041893005371,
1.0469151735305786,
1.0469551086425781,
1.0468908548355103,
1.0469194650650024,
1.0468131303787231,
1.0467089414596558,
1.0466761589050293,
1.0466715097427368,
1.0465772151947021,
1.046588659286499,
1.0465669631958008,
1.0464577674865723,
1.046459674835205,
1.0463769435882568,
1.0463474988937378,
1.0462034940719604,
1.0462079048156738,
1.0461426973342896,
1.0461671352386475,
1.0461105108261108,
1.0460045337677002,
1.0460177659988403,
1.045943021774292,
1.0457674264907837,
1.045730710029602,
1.0456732511520386,
1.0455962419509888,
1.0454809665679932,
1.0454978942871094,
1.0454570055007935,
1.0453789234161377,
1.0452828407287598,
1.0451936721801758,
1.0450880527496338,
1.0450836420059204,
1.045000433921814,
1.04497492313385,
1.0449566841125488,
1.0448185205459595,
1.0447918176651,
1.0448229312896729,
1.0446882247924805,
1.044594407081604,
1.044533371925354,
1.0445075035095215,
1.0444529056549072,
1.0443743467330933,
1.0443016290664673,
1.0442209243774414,
1.0441457033157349,
1.043973445892334,
1.044052243232727,
1.0439016819000244,
1.043882966041565,
1.0438138246536255,
1.0437921285629272,
1.0437781810760498,
1.0436536073684692,
1.0435563325881958,
1.0434259176254272,
1.043393611907959,
1.043258547782898,
1.0431820154190063,
1.043080449104309,
1.0429904460906982,
1.0429757833480835,
1.0428649187088013,
1.0427765846252441,
1.0427521467208862,
1.0425689220428467,
1.042618751525879,
1.0425752401351929,
1.0425336360931396,
1.0425697565078735,
1.0425071716308594,
1.0424766540527344,
1.0423450469970703,
1.0423686504364014,
1.042266845703125,
1.0421650409698486,
1.0420353412628174,
1.0419683456420898,
1.0420747995376587,
1.0419834852218628,
1.0418342351913452,
1.041731595993042,
1.0416374206542969,
1.0415000915527344,
1.0415340662002563,
1.041385531425476,
1.041343092918396,
1.041242003440857,
1.0412179231643677,
1.0410765409469604,
1.0410971641540527,
1.041002869606018,
1.0409464836120605,
1.040884256362915,
1.040773868560791,
1.040718913078308,
1.0406951904296875,
1.0405830144882202,
1.0405399799346924,
1.0404528379440308,
1.0404568910598755,
1.0403094291687012,
1.0402910709381104,
1.0401685237884521,
1.0400426387786865,
1.0400097370147705,
1.0399593114852905,
1.0398459434509277,
1.0398428440093994,
1.0398465394973755,
1.0397735834121704,
1.0397059917449951,
1.039654016494751,
1.0395714044570923,
1.039537787437439,
1.039493203163147,
1.0394461154937744,
1.0393576622009277,
1.039312720298767,
1.0392253398895264,
1.0391952991485596,
1.039060354232788,
1.039017677307129,
1.038962721824646,
1.0389083623886108,
1.0388871431350708,
1.0387768745422363,
1.0386686325073242,
1.038630723953247,
1.0385392904281616,
1.0384676456451416,
1.038372278213501,
1.0382202863693237,
1.038087248802185,
1.0380775928497314,
1.0380687713623047,
1.0379949808120728,
1.0379594564437866,
1.0378954410552979,
1.0378367900848389,
1.0378162860870361,
1.037678837776184,
1.0376135110855103,
1.0375972986221313,
1.0374717712402344,
1.0374438762664795,
1.0373170375823975,
1.0372141599655151,
1.0371750593185425,
1.037093997001648,
1.0370886325836182,
1.03701651096344,
1.036815881729126,
1.0368443727493286,
1.0366899967193604,
1.0366313457489014,
1.0364875793457031,
1.03645658493042,
1.036378026008606,
1.036265254020691,
1.0361542701721191,
1.0361765623092651,
1.0361157655715942,
1.0360000133514404,
1.0358983278274536,
1.035806655883789,
1.0357288122177124,
1.035664439201355,
1.0356265306472778,
1.0355240106582642,
1.0353891849517822,
1.0353596210479736,
1.035292387008667,
1.0351542234420776,
1.035091757774353,
1.0350415706634521,
1.0349863767623901,
1.0348776578903198,
1.0347083806991577,
1.0346721410751343,
1.034593939781189,
1.0346143245697021,
1.0345051288604736,
1.0343666076660156,
1.0342602729797363,
1.0341848134994507,
1.0341060161590576,
1.0340383052825928,
1.0338857173919678,
1.0338200330734253,
1.0336394309997559,
1.0336263179779053,
1.0335229635238647,
1.033516764640808,
1.0333822965621948,
1.0332973003387451,
1.0332258939743042,
1.033111810684204,
1.0329651832580566,
1.0328545570373535,
1.0328010320663452,
1.0327303409576416,
1.0326374769210815,
1.0325123071670532,
1.0324921607971191,
1.0324186086654663,
1.032280445098877,
1.0321965217590332,
1.0321346521377563,
1.0320171117782593,
1.0319366455078125,
1.031848430633545,
1.0317800045013428,
1.0317021608352661,
1.0315394401550293,
1.031427264213562,
1.031308650970459,
1.0312236547470093,
1.0292598009109497,
1.0297669172286987,
1.0300724506378174,
1.0301064252853394,
1.0300356149673462,
1.0300387144088745,
1.0299949645996094,
1.029894471168518,
1.0298047065734863,
1.0297964811325073,
1.0296632051467896,
1.0296099185943604,
1.0295565128326416,
1.0294322967529297,
1.0294073820114136,
1.0292805433273315,
1.0291835069656372,
1.0291392803192139,
1.029104232788086,
1.0288504362106323,
1.0288087129592896,
1.0287636518478394,
1.028580665588379,
1.0284451246261597,
1.0284149646759033,
1.0282297134399414,
1.0281908512115479,
1.0280972719192505,
1.0279947519302368,
1.0278712511062622,
1.027755856513977,
1.0276254415512085,
1.0275973081588745,
1.0274553298950195,
1.0273308753967285,
1.0273113250732422,
1.0271989107131958,
1.0270969867706299,
1.0268917083740234,
1.0268398523330688,
1.0267246961593628,
1.0265896320343018,
1.0264627933502197,
1.0263596773147583,
1.026336669921875,
1.026152491569519,
1.0260330438613892,
1.02596914768219,
1.0257819890975952,
1.0257256031036377,
1.025648593902588,
1.0254642963409424,
1.0253454446792603,
1.0252653360366821,
1.0251214504241943,
1.0249725580215454,
1.0248467922210693,
1.024716854095459,
1.0246912240982056,
1.0244966745376587,
1.0244560241699219,
1.0243144035339355,
1.0241724252700806,
1.0241187810897827,
1.023912787437439,
1.0237915515899658,
1.0236197710037231,
1.0235190391540527,
1.0235012769699097,
1.023377537727356,
1.0232559442520142,
1.023161768913269,
1.0230742692947388,
1.0228670835494995,
1.0228970050811768,
1.0227134227752686,
1.022631049156189,
1.0224705934524536,
1.022444725036621,
1.0222666263580322,
1.0221432447433472,
1.0219658613204956,
1.021913766860962,
1.0217468738555908,
1.021612524986267,
1.0214473009109497,
1.02134370803833,
1.0212935209274292,
1.021101474761963,
1.0209687948226929,
1.0207983255386353,
1.0206576585769653,
1.0204811096191406,
1.0203943252563477,
1.0202876329421997,
1.0201009511947632,
1.0199836492538452,
1.0198606252670288,
1.0196949243545532,
1.019622802734375,
1.019477367401123,
1.0192967653274536,
1.0191848278045654,
1.0190867185592651,
1.0189224481582642,
1.0188201665878296,
1.0185364484786987,
1.0184752941131592,
1.018258810043335,
1.01807701587677,
1.0180377960205078,
1.0178725719451904,
1.0176934003829956,
1.0175145864486694,
1.0173369646072388,
1.0171966552734375,
1.0170214176177979,
1.0169100761413574,
1.0167523622512817,
1.0165250301361084,
1.0163238048553467,
1.0162235498428345,
1.0160737037658691,
1.015913486480713,
1.0157150030136108,
1.0155397653579712,
1.0153783559799194,
1.0151658058166504,
1.0149565935134888,
1.0148333311080933,
1.014661192893982,
1.0144463777542114,
1.0143016576766968,
1.0141687393188477,
1.0139809846878052,
1.0137766599655151,
1.0136005878448486,
1.0134496688842773,
1.0133136510849,
1.0130493640899658,
1.012939214706421,
1.0127452611923218,
1.012593150138855,
1.0123885869979858,
1.0121033191680908,
1.0119704008102417,
1.0118389129638672,
1.0117568969726562,
1.011494517326355,
1.0113074779510498,
1.0110958814620972,
1.010915756225586,
1.010711431503296,
1.0105847120285034,
1.010372281074524,
1.010082483291626,
1.0098512172698975,
1.0096187591552734,
1.0094622373580933,
1.009294033050537,
1.0090614557266235,
1.0088120698928833,
1.0086215734481812,
1.0084095001220703,
1.008191466331482,
1.0079201459884644,
1.0077340602874756,
1.007516860961914,
1.007249116897583,
1.0070656538009644,
1.006867527961731,
1.0065934658050537,
1.0063508749008179,
1.0059798955917358,
1.005887746810913,
1.0056806802749634,
1.0054384469985962,
1.0052475929260254,
1.0049583911895752,
1.0047451257705688,
1.0044760704040527,
1.0042723417282104,
1.0040992498397827,
1.003778100013733,
1.003462791442871,
1.0032843351364136,
1.0029211044311523,
1.0026763677597046,
1.002489686012268,
1.002278208732605,
1.0019701719284058,
1.0017200708389282,
1.0014970302581787,
1.0012383460998535,
1.000943899154663,
1.000691294670105,
1.0004101991653442,
1.0001718997955322,
0.999862790107727,
0.9995826482772827,
0.999334990978241,
0.9990887641906738,
0.9987488985061646,
0.998497486114502,
0.9981253147125244,
0.9978574514389038,
0.9975364208221436,
0.9972704648971558,
0.9969122409820557,
0.9966936111450195,
0.9963441491127014,
0.9959781169891357,
0.9957088232040405,
0.9954430460929871,
0.9950822591781616,
0.9947117567062378,
0.9943943619728088,
0.9940122365951538,
0.9937528371810913,
0.993391215801239,
0.9930602312088013,
0.9926883578300476,
0.992339551448822,
0.9919918775558472,
0.9915667176246643,
0.9912257790565491,
0.9909392595291138,
0.9905931949615479,
0.990234911441803,
0.9898443818092346,
0.9894260168075562,
0.9890799522399902,
0.9886311292648315,
0.9883190393447876,
0.987898588180542,
0.9875143766403198,
0.9870895147323608,
0.9867100119590759,
0.9862961769104004,
0.9858670234680176,
0.9854415655136108,
0.9850836396217346,
0.9846742153167725,
0.9842655062675476,
0.9837995171546936,
0.983388364315033,
0.9830131530761719,
0.9824998378753662,
0.9820226430892944,
0.9816458225250244,
0.981223464012146,
0.9807472825050354,
0.9803268909454346,
0.9798877239227295,
0.979377269744873,
0.9789238572120667,
0.9784820675849915,
0.9780314564704895,
0.977581262588501,
0.9771140217781067,
0.976678192615509,
0.9762153625488281,
0.9757363796234131,
0.9752196073532104,
0.9746732711791992,
0.9741702675819397,
0.9736113548278809,
0.9731290936470032,
0.9726759195327759,
0.9721264839172363,
0.9716008305549622,
0.9712021350860596,
0.9706439971923828,
0.9701212644577026,
0.9695177674293518,
0.9690508246421814,
0.9684531092643738,
0.967915952205658,
0.9673643708229065,
0.9669219255447388,
0.9662580490112305,
0.9656711220741272,
0.9651678204536438,
0.9645640850067139,
0.9639847874641418,
0.9635142087936401,
0.9627929925918579,
0.9623165726661682,
0.9616929292678833,
0.9611075520515442,
0.9605237245559692,
0.9599997401237488,
0.9594206809997559,
0.9587720632553101,
0.9581650495529175,
0.9575738906860352,
0.9570350646972656,
0.9563629627227783,
0.9557517766952515,
0.9550919532775879,
0.954480767250061,
0.9538922309875488,
0.9532244801521301,
0.9526326656341553,
0.9520179033279419,
0.951333224773407,
0.9506962895393372,
0.9500634670257568,
0.9493641257286072,
0.9487949013710022,
0.9481788873672485,
0.9475177526473999,
0.9468791484832764,
0.9462606310844421,
0.9455577731132507,
0.9449592232704163,
0.9443490505218506,
0.9435939192771912,
0.9429768919944763,
0.9423166513442993,
0.9416638016700745,
0.9410236477851868,
0.9404035806655884,
0.9397481083869934,
0.939136266708374,
0.9385060667991638,
0.9378028512001038,
0.9372349381446838,
0.9364380240440369,
0.9358139634132385,
0.9351480603218079,
0.9346120357513428,
0.9339118599891663,
0.9333069324493408,
0.9326228499412537,
0.9319958686828613,
0.9312797784805298,
0.9306595921516418,
0.9299965500831604,
0.9293472170829773,
0.9287052154541016,
0.928026556968689,
0.927381694316864,
0.926751971244812,
0.9261127710342407,
0.9254744648933411,
0.9248127937316895,
0.9241747856140137,
0.9235844016075134,
0.922954797744751,
0.9222757816314697,
0.9216983318328857,
0.9210609793663025,
0.9203254580497742,
0.9197297692298889,
0.9190548658370972,
0.918483316898346,
0.91782146692276,
0.9171175360679626,
0.9164689779281616,
0.9159044623374939,
0.9152572154998779,
0.9145676493644714,
0.9139138460159302,
0.91325843334198,
0.9126575589179993,
0.9120646119117737,
0.9113993644714355,
0.9108103513717651,
0.9100461006164551,
0.9094474911689758,
0.9087693095207214,
0.9081228375434875,
0.9075102806091309,
0.9068362712860107,
0.9062548875808716,
0.9056041836738586,
0.9049874544143677,
0.9043375849723816,
0.9036685824394226,
0.9030282497406006,
0.9024139046669006,
0.9017914533615112,
0.9010822176933289,
0.9004257321357727,
0.8996542096138,
0.8991187214851379,
0.8984335660934448,
0.8977912664413452,
0.8970637917518616,
0.896377682685852,
0.8957614302635193,
0.8950839042663574,
0.8943983316421509,
0.8937398195266724,
0.8930666446685791,
0.8923454284667969,
0.8916676044464111,
0.8910039067268372,
0.8903502821922302,
0.8896189332008362,
0.8890562057495117,
0.8882995843887329,
0.887603759765625,
0.8868681192398071,
0.8862116932868958,
0.8855962753295898,
0.8848901987075806,
0.8841911554336548,
0.8834859132766724,
0.882793128490448,
0.8820737600326538,
0.8813810348510742,
0.8807507753372192,
0.8801173567771912,
0.8801173567771912,
0.8801173567771912,
0.0,
0.0,
0.0,
0.0,
0.0,
0.0,
0.0,
0.0,
0.0,
0.0,
0.0,
0.0,
0.0,
0.0,
0.0,
0.0,
0.0,
0.0,
0.0,
0.0,
0.0,
0.0,
0.0,
0.0,
0.0,
0.0,
0.0,
0.0,
0.0,
0.0,
0.0,
0.0,
0.0,
0.0,
0.0,
0.0,
0.0,
0.0,
0.0,
0.0,
0.0,
0.0,
0.0,
0.0,
0.0,
0.0,
0.0,
0.0,
0.0,
0.0,
0.0,
0.0,
0.0,
0.0,
0.0,
0.0,
0.0,
0.0,
0.0,
0.0,
0.0,
0.0,
0.0,
0.0,
0.0,
0.0,
0.0,
0.0,
0.0,
0.0,
0.0,
0.0,
0.0,
0.0,
0.0,
0.0,
0.0,
0.0,
0.0,
0.0,
0.0,
0.0,
0.0,
0.0,
0.0,
0.0,
0.0,
0.0,
0.0,
0.0,
0.0,
0.0,
0.0,
0.0,
0.0,
0.0,
0.0,
0.0,
0.0,
0.0,
0.0,
0.0,
0.0,
0.0,
0.0,
0.0,
0.0,
0.0,
0.0,
0.0,
0.0,
0.0,
0.0,
0.0,
0.0,
0.0,
0.0,
0.0,
0.0,
0.0,
0.0,
0.0,
0.0,
0.0,
0.0,
0.0,
0.0,
0.0,
0.0,
0.0,
0.0,
0.0,
0.0,
0.0,
0.0,
0.0,
0.0,
0.0,
0.0,
0.0,
0.0,
0.0,
0.0,
0.0,
0.0,
0.0,
0.0,
0.0,
0.0,
0.0,
0.0,
0.0,
0.0,
0.0,
0.0,
0.0,
0.0,
0.0,
0.0,
0.0,
0.0,
0.0,
0.0,
0.0,
0.0,
0.0,
0.0,
0.0,
0.0,
0.0,
0.0,
0.0,
0.0,
0.0,
0.0,
0.0,
0.0,
0.0,
0.0,
0.0,
0.0,
0.0,
0.0,
0.0,
0.0,
0.0,
0.0,
0.0,
0.0,
0.0,
0.0,
0.0,
0.0,
0.0,
0.0,
0.0,
0.0,
0.0,
0.0,
0.0,
0.0,
0.0,
0.0,
0.0,
0.0,
0.0,
0.0,
0.0,
0.0,
0.0,
0.0,
0.0,
0.0,
0.0,
0.0,
0.0,
0.0,
0.0,
0.0,
0.0,
0.0,
0.0,
0.0,
0.0,
0.0,
0.0,
0.0,
0.0,
0.0,
0.0,
0.0,
0.0,
0.0,
0.0,
0.0,
0.0,
0.0,
0.0,
0.0,
0.0,
0.0,
0.0,
0.0,
0.0,
0.0,
0.0,
0.0,
0.0,
0.0,
0.0,
0.0,
0.0,
0.0,
0.0,
0.0,
0.0,
0.0,
0.0,
0.0,
0.0,
0.0,
0.0,
0.0,
0.0,
0.0,
0.0,
0.0,
0.0,
0.0,
0.0,
0.0,
0.0,
0.0,
0.0,
0.0,
0.0,
0.0,
0.0,
0.0,
0.0,
0.0,
0.0,
0.0,
0.0,
0.0,
0.0,
0.0,
0.0,
0.0,
0.0,
0.0,
0.0,
0.0,
0.0,
0.0,
0.0,
0.0,
0.0,
0.0,
0.0,
0.0,
0.0,
0.0,
0.0,
0.0,
0.0,
0.0,
0.0,
0.0,
0.0,
0.0,
0.0,
0.0,
0.0,
0.0,
0.0,
0.0,
0.0,
0.0,
0.0,
0.0,
0.0,
0.0,
0.0,
0.0,
0.0,
0.0,
0.0,
0.0,
0.0,
0.0,
0.0,
0.0,
0.0,
0.0,
0.0,
0.0,
0.0,
0.0,
0.0,
0.0,
0.0,
0.0,
0.0,
0.0,
0.0,
0.0,
0.0,
0.0,
0.0,
0.0,
0.0,
0.0,
0.0,
0.0,
0.0,
0.0,
0.0,
0.0,
0.0,
0.0,
0.0,
0.0,
0.0,
0.0,
0.0,
0.0,
0.0,
0.0,
0.0,
0.0,
0.0,
0.0,
0.0,
0.0,
0.0,
0.0,
0.0,
0.0,
0.0,
0.0,
0.0,
0.0,
0.0,
0.0,
0.0,
0.0,
0.0,
0.0,
0.0,
0.0,
0.0,
0.0,
0.0,
0.0,
0.0,
0.0,
0.0,
0.0,
0.0,
0.0,
0.0,
0.0,
0.0,
0.0,
0.0,
0.0,
0.0,
0.0,
0.0,
0.0,
0.0,
0.0,
0.0,
0.0,
0.0,
0.0,
0.0,
0.0,
0.0,
0.0,
0.0,
0.0,
0.0,
0.0,
0.0,
0.0,
0.0,
0.0,
0.0,
0.0,
0.0,
0.0,
0.0,
0.0,
0.0,
0.0,
0.0,
0.0,
0.0,
0.0,
0.0,
0.0,
0.0,
0.0,
0.0,
0.0,
0.0,
0.0,
0.0,
0.0,
0.0,
0.0,
0.0,
0.0,
0.0,
0.0,
0.0,
0.0,
0.0,
0.0,
0.0,
0.0,
0.0,
0.0,
0.0,
0.0,
0.0,
0.0,
0.0,
0.0,
0.0,
0.0,
0.0,
0.0,
0.0,
0.0,
0.0,
0.0,
0.0,
0.0,
0.0,
0.0,
0.0,
0.0,
0.0,
0.0,
0.0,
0.0,
0.0,
0.0,
0.0,
0.0,
0.0,
0.0,
0.0,
0.0,
0.0,
0.0,
0.0,
0.0,
0.0,
0.0,
0.0,
0.0,
0.0,
0.0,
0.0,
0.0,
0.0,
0.0,
0.0,
0.0,
0.0,
0.0,
0.0,
0.0,
0.0,
0.0,
0.0,
0.0,
0.0,
0.0,
0.0,
0.0,
0.0,
0.0,
0.0,
0.0,
0.0,
0.0,
0.0,
0.0,
0.0,
0.0,
0.0,
0.0,
0.0,
0.0,
0.0,
0.0,
0.0,
0.0,
0.0,
0.0,
0.0,
0.0,
0.0,
0.0,
0.0,
0.0,
0.0,
0.0,
0.0,
0.0,
0.0,
0.0,
0.0,
0.0,
0.0,
0.0,
0.0,
0.0,
0.0,
0.0,
0.0,
0.0,
0.0,
0.0,
0.0,
0.0,
0.0,
0.0,
0.0,
0.0,
0.0,
0.0,
0.0,
0.0,
0.0,
0.0,
0.0,
0.0,
0.0,
0.0,
0.0,
0.0,
0.0,
0.0,
0.0,
0.0,
0.0,
0.0,
0.0,
0.0,
0.0,
0.0,
0.0,
0.0,
0.0,
0.0,
0.0,
0.0,
0.0,
0.0,
0.0,
0.0,
0.0,
0.0,
0.0,
0.0,
0.0,
0.0,
0.0,
0.0,
0.0,
0.0,
0.0,
0.0,
0.0,
0.0,
0.0,
0.0,
0.0,
0.0,
0.0,
0.0,
0.0,
0.0,
0.0,
0.0,
0.0,
0.0,
0.0,
0.0,
0.0,
0.0,
0.0,
0.0,
0.0,
0.0,
0.0,
0.0,
0.0,
0.0,
0.0,
0.0,
0.0,
0.0,
0.0,
0.0,
0.0,
0.0,
0.0,
0.0,
0.0,
0.0,
0.0,
0.0,
0.0,
0.0,
0.0,
0.0,
0.0,
0.0,
0.0,
0.0,
0.0,
0.0,
0.0,
0.0,
0.0,
0.0,
0.0,
0.0,
0.0,
0.0,
0.0,
0.0,
0.0,
0.0,
0.0,
0.0,
0.0,
0.0,
0.0,
0.0,
0.0,
0.0,
0.0,
0.0,
0.0,
0.0,
0.0,
0.0,
0.0,
0.0,
0.0,
0.0,
0.0,
0.0,
0.0,
0.0,
0.0,
0.0,
0.0,
0.0,
0.0,
0.0,
0.0,
0.0,
0.0,
0.0,
0.0,
0.0,
0.0,
0.0,
0.0,
0.0,
0.0,
0.0,
0.0,
0.0,
0.0,
0.0,
0.0,
0.0,
0.0,
0.0,
0.0,
0.0,
0.0,
0.0,
0.0,
0.0,
0.0,
0.0,
0.0,
0.0,
0.0,
0.0,
0.0,
0.0,
0.0,
0.0,
0.0,
0.0,
0.0,
0.0,
0.0,
0.0,
0.0,
0.0,
0.0,
0.0,
0.0,
0.0,
0.0,
0.0,
0.0,
0.0,
0.0,
0.0,
0.0,
0.0,
0.0,
0.0,
0.0,
0.0,
0.0,
0.0,
0.0,
0.0,
0.0,
0.0,
0.0,
0.0,
0.0,
0.0,
0.0,
0.0,
0.0,
0.0,
0.0,
0.0,
0.0,
0.0,
0.0,
0.0,
0.0,
0.0,
0.0,
0.0,
0.0,
0.0,
0.0,
0.0,
0.0,
0.0,
0.0,
0.0,
0.0,
0.0,
0.0,
0.0,
0.0,
0.0,
0.0,
0.0,
0.0,
0.0,
0.0,
0.0,
0.0,
0.0,
0.0,
0.0,
0.0,
0.0,
0.0,
0.0,
0.0,
0.0,
0.0,
0.0,
0.0,
0.0,
0.0,
0.0,
0.0,
0.0,
0.0,
0.0,
0.0,
0.0,
0.0,
0.0,
0.0,
0.0,
0.0,
0.0,
0.0,
0.0,
0.0,
0.0,
0.0,
0.0,
0.0,
0.0,
0.0,
0.0,
0.0,
0.0,
0.0,
0.0,
0.0,
0.0,
0.0,
0.0,
0.0,
0.0,
0.0,
0.0,
0.0,
0.0,
0.0,
0.0,
0.0,
0.0,
0.0,
0.0,
0.0,
0.0,
0.0,
0.0,
0.0,
0.0,
0.0,
0.0,
0.0,
0.0,
0.0,
0.0,
0.0,
0.0,
0.0,
0.0,
0.0,
0.0,
0.0,
0.0,
0.0,
0.0,
0.0,
0.0,
0.0,
0.0,
0.0,
0.0,
0.0,
0.0,
0.0,
0.0,
0.0,
0.0,
0.0,
0.0,
0.0,
0.0,
0.0,
0.0,
0.0,
0.0,
0.0,
0.0,
0.0,
0.0,
0.0,
0.0,
0.0,
0.0,
0.0,
0.0,
0.0,
0.0,
0.0,
0.0,
0.0,
0.0,
0.0,
0.0,
0.0,
0.0,
0.0,
0.0,
0.0,
0.0,
0.0,
0.0,
0.0,
0.0,
0.0,
0.0,
0.0,
0.0,
0.0,
0.0,
0.0,
0.0,
0.0,
0.0,
0.0,
0.0,
0.0,
0.0,
0.0,
0.0,
0.0,
0.0,
0.0,
0.0,
0.0,
0.0,
0.0,
0.0,
0.0,
0.0,
0.0,
0.0,
0.0,
0.0,
0.0,
0.0,
0.0,
0.0,
0.0,
0.0,
0.0,
0.0,
0.0,
0.0,
0.0,
0.0,
0.0,
0.0,
0.0,
0.0,
0.0,
0.0,
0.0,
0.0,
0.0,
0.0,
0.0,
0.0,
0.0,
0.0,
0.0,
0.0,
0.0,
0.0,
0.0,
0.0,
0.0,
0.0,
0.0,
0.0,
0.0,
0.0,
0.0,
0.0,
0.0,
0.0,
0.0,
0.0,
0.0,
0.0,
0.0,
0.0,
0.0,
0.0,
0.0,
0.0,
0.0,
0.0,
0.0,
0.0,
0.0,
0.0,
0.0,
0.0,
0.0,
0.0,
0.0,
0.0,
0.0,
0.0,
0.0,
0.0,
0.0,
0.0,
0.0,
0.0,
0.0,
0.0,
0.0,
0.0,
0.0,
0.0,
0.0,
0.0,
0.0,
0.0,
0.0,
0.0,
0.0,
0.0,
0.0,
0.0,
0.0,
0.0,
0.0,
0.0,
0.0,
0.0,
0.0,
0.0,
0.0,
0.0,
0.0,
0.0,
0.0,
0.0,
0.0,
0.0,
0.0,
0.0,
0.0,
0.0,
0.0,
0.0,
0.0,
0.0,
0.0,
0.0,
0.0,
0.0,
0.0,
0.0,
0.0,
0.0,
0.0,
0.0,
0.0,
0.0,
0.0,
0.0,
0.0,
0.0,
0.0,
0.0,
0.0,
0.0,
0.0,
0.0,
0.0,
0.0,
0.0,
0.0,
0.0,
0.0,
0.0,
0.0,
0.0,
0.0,
0.0,
0.0,
0.0,
0.0,
0.0,
0.0,
0.0,
0.0,
0.0,
0.0,
0.0,
0.0,
0.0,
0.0,
0.0,
0.0,
0.0,
0.0,
0.0,
0.0,
0.0,
0.0,
0.0,
0.0,
0.0,
0.0,
0.0,
0.0,
0.0,
0.0,
0.0,
0.0,
0.0,
0.0,
0.0,
0.0,
0.0,
0.0,
0.0,
0.0,
0.0,
0.0,
0.0,
0.0,
0.0,
0.0,
0.0,
0.0,
0.0,
0.0,
0.0,
0.0,
0.0,
0.0,
0.0,
0.0,
0.0,
0.0,
0.0,
0.0,
0.0,
0.0,
0.0,
0.0,
0.0,
0.0,
0.0,
0.0,
0.0,
0.0,
0.0,
0.0,
0.0,
0.0,
0.0,
0.0,
0.0,
0.0,
0.0,
0.0,
0.0,
0.0,
0.0,
0.0,
0.0,
0.0,
0.0,
0.0,
0.0,
0.0,
0.0,
0.0,
0.0,
0.0,
0.0,
