1.0602307319641113,
1.0615350008010864,
1.0620754957199097,
1.0625553131103516,
1.063104271888733,
1.0634747743606567,
1.0636930465698242,
1.0637558698654175,
1.0639373064041138,
1.0640320777893066,
1.0640822649002075,
1.0640404224395752,
1.0640455484390259,
1.064049243927002,
1.0641932487487793,
1.064212441444397,
1.064192771911621,
1.0641202926635742,
1.0642472505569458,
1.0641556978225708,
1.0642781257629395,
1.0642305612564087,
1.0642156600952148,
1.0641827583312988,
1.0641120672225952,
1.0640490055084229,
1.0639950037002563,
1.0639997720718384,
1.0641697645187378,
1.063950538635254,
1.0640888214111328,
1.063999891281128,
1.0640228986740112,
1.064121127128601,
1.064060926437378,
1.064051628112793,
1.0638750791549683,
1.0639532804489136,
1.0639570951461792,
1.063747763633728,
1.063750147819519,
1.0637590885162354,
1.063780665397644,
1.0636922121047974,
1.0636122226715088,
1.0636807680130005,
1.0636759996414185,
1.0635474920272827,
1.0636570453643799,
1.06361985206604,
1.0635159015655518,
1.0633295774459839,
1.0634702444076538,
1.0634384155273438,
1.0635044574737549,
1.0635242462158203,
1.0633535385131836,
1.0632588863372803,
1.063395380973816,
1.0633245706558228,
1.0633418560028076,
1.0632456541061401,
1.0632845163345337,
1.0631617307662964,
1.0631312131881714,
1.0630745887756348,
1.063021183013916,
1.0629708766937256,
1.0629189014434814,
1.0628281831741333,
1.0628093481063843,
1.0628328323364258,
1.0628665685653687,
1.062693476676941,
1.0627026557922363,
1.0626370906829834,
1.062726616859436,
1.062592625617981,
1.062633991241455,
1.0627108812332153,
1.0624303817749023,
1.0623252391815186,
1.062281847000122,
1.0623725652694702,
1.0623667240142822,
1.062300443649292,
1.0623277425765991,
1.0621695518493652,
1.0621309280395508,
1.0620917081832886,
1.0621819496154785,
1.0620934963226318,
1.062129259109497,
1.0621337890625,
1.0619546175003052,
1.0618584156036377,
1.0617915391921997,
1.061639666557312,
1.0615864992141724,
1.0615493059158325,
1.0616050958633423,
1.0614970922470093,
1.0614542961120605,
1.0613497495651245,
1.0613328218460083,
1.061375617980957,
1.0612804889678955,
1.061270833015442,
1.061281442642212,
1.0611932277679443,
1.0611052513122559,
1.0611523389816284,
1.0611381530761719,
1.061140775680542,
1.0611294507980347,
1.061245322227478,
1.061121940612793,
1.0609855651855469,
1.06106436252594,
1.0609521865844727,
1.0609636306762695,
1.0609296560287476,
1.0609129667282104,
1.060920000076294,
1.0608707666397095,
1.0608042478561401,
1.0608760118484497,
1.0607317686080933,
1.0606188774108887,
1.0606493949890137,
1.0605772733688354,
1.060571312904358,
1.0605065822601318,
1.060554027557373,
1.0600337982177734,
1.0603253841400146,
1.0602443218231201,
1.060165286064148,
1.0601102113723755,
1.0600287914276123,
1.0600953102111816,
1.0599448680877686,
1.0599079132080078,
1.0598335266113281,
1.0598608255386353,
1.059820532798767,
1.059744119644165,
1.059604525566101,
1.0595299005508423,
1.0596649646759033,
1.0597323179244995,
1.05977463722229,
1.0597108602523804,
1.0596431493759155,
1.0596383810043335,
1.059585452079773,
1.0594592094421387,
1.0594663619995117,
1.059427261352539,
1.0593222379684448,
1.0592886209487915,
1.0592371225357056,
1.0590846538543701,
1.0590933561325073,
1.0590237379074097,
1.0589585304260254,
1.0588444471359253,
1.0590276718139648,
1.0587331056594849,
1.058642864227295,
1.0586650371551514,
1.0586546659469604,
1.0585906505584717,
1.0586265325546265,
1.058595895767212,
1.0584996938705444,
1.0584102869033813,
1.0583864450454712,
1.0583125352859497,
1.0583587884902954,
1.0583515167236328,
1.0583922863006592,
1.058269739151001,
1.0582574605941772,
1.0582704544067383,
1.0582588911056519,
1.058255910873413,
1.058166742324829,
1.0580791234970093,
1.0580048561096191,
1.05804443359375,
1.0580310821533203,
1.057969093322754,
1.0580004453659058,
1.0578120946884155,
1.0578862428665161,
1.0577871799468994,
1.057721495628357,
1.0577143430709839,
1.0577092170715332,
1.0575989484786987,
1.0575987100601196,
1.0575075149536133,
1.0574373006820679,
1.0572246313095093,
1.0571447610855103,
1.0571483373641968,
1.0569138526916504,
1.0570026636123657,
1.0568792819976807,
1.0568736791610718,
1.0568435192108154,
1.0568586587905884,
1.056931972503662,
1.0567728281021118,
1.0568439960479736,
1.0568331480026245,
1.0568265914916992,
1.0568177700042725,
1.0567470788955688,
1.0566399097442627,
1.0566465854644775,
1.0566327571868896,
1.0566318035125732,
1.0565900802612305,
1.056531548500061,
1.0565317869186401,
1.0565097332000732,
1.0564488172531128,
1.0564866065979004,
1.0563992261886597,
1.0563135147094727,
1.0564106702804565,
1.0563006401062012,
1.0561683177947998,
1.0562158823013306,
1.0563408136367798,
1.0562214851379395,
1.056140422821045,
1.056114673614502,
1.055988073348999,
1.0559576749801636,
1.0558395385742188,
1.0558216571807861,
1.055672287940979,
1.0557960271835327,
1.0557928085327148,
1.0557457208633423,
1.0555837154388428,
1.0556764602661133,
1.0554986000061035,
1.0554622411727905,
1.0554219484329224,
1.055466890335083,
1.0554184913635254,
1.0553412437438965,
1.0552082061767578,
1.0551601648330688,
1.0550785064697266,
1.0550960302352905,
1.0549945831298828,
1.0548855066299438,
1.0549418926239014,
1.0548768043518066,
1.0549002885818481,
1.054914951324463,
1.0548144578933716,
1.0547927618026733,
1.0547107458114624,
1.0546714067459106,
1.0547021627426147,
1.054506540298462,
1.0545743703842163,
1.0545421838760376,
1.0540913343429565,
1.0544023513793945,
1.0542563199996948,
1.0541585683822632,
1.0541462898254395,
1.0541387796401978,
1.0539829730987549,
1.0540845394134521,
1.0540090799331665,
1.0541006326675415,
1.0540751218795776,
1.0539356470108032,
1.0538504123687744,
1.0538736581802368,
1.0537854433059692,
1.053730845451355,
1.053604245185852,
1.0535616874694824,
1.0534839630126953,
1.0534847974777222,
1.0533792972564697,
1.0533826351165771,
1.0533524751663208,
1.0533263683319092,
1.0532126426696777,
1.0532535314559937,
1.0531576871871948,
1.0529842376708984,
1.0529731512069702,
1.052938461303711,
1.052884817123413,
1.0527328252792358,
1.052750587463379,
1.0527175664901733,
1.052651047706604,
1.0524728298187256,
1.0524870157241821,
1.052392840385437,
1.0523072481155396,
1.0522112846374512,
1.0522559881210327,
1.0523275136947632,
1.0522136688232422,
1.0520780086517334,
1.052131175994873,
1.0520044565200806,
1.052007794380188,
1.0520453453063965,
1.0518051385879517,
1.0517849922180176,
1.0517781972885132,
1.051805019378662,
1.0517773628234863,
1.051795482635498,
1.0516819953918457,
1.0516533851623535,
1.0515228509902954,
1.0513936281204224,
1.0513087511062622,
1.0512832403182983,
1.051231026649475,
1.0512620210647583,
1.0510987043380737,
1.0510882139205933,
1.0510305166244507,
1.0511771440505981,
1.0509909391403198,
1.0510101318359375,
1.0509531497955322,
1.0509885549545288,
1.0508478879928589,
1.0507984161376953,
1.0507524013519287,
1.0507597923278809,
1.0506317615509033,
1.050663948059082,
1.0506150722503662,
1.0505346059799194,
1.0503981113433838,
1.0503063201904297,
1.0503944158554077,
1.0503123998641968,
1.0503100156784058,
1.0502043962478638,
1.0501431226730347,
1.0500816106796265,
1.0500799417495728,
1.0500644445419312,
1.04999577999115,
1.049949049949646,
1.0498770475387573,
1.0498101711273193,
1.0497419834136963,
1.0497428178787231,
1.0495179891586304,
1.0494989156723022,
1.0494271516799927,
1.049369215965271,
1.0493016242980957,
1.0492925643920898,
1.0491876602172852,
1.049088478088379,
1.0491055250167847,
1.0490140914916992,
1.048945665359497,
1.048941731452942,
1.0488510131835938,
1.0487453937530518,
1.0487103462219238,
1.0485925674438477,
1.048577904701233,
1.0485953092575073,
1.0485483407974243,
1.0484602451324463,
1.0484874248504639,
1.0484306812286377,
1.0484428405761719,
1.0484296083450317,
1.0483524799346924,
1.0483866930007935,
1.04833984375,
1.048222303390503,
1.0481430292129517,
1.0481230020523071,
1.0480577945709229,
1.0479897260665894,
1.047929048538208,
1.0478904247283936,
1.0478984117507935,
1.0479012727737427,
1.0478311777114868,
1.0477417707443237,
1.0477294921875,
1.0477242469787598,
1.0476499795913696,
1.047614574432373,
1.0475071668624878,
1.04750657081604,
1.0474461317062378,
1.0473952293395996,
1.0472804307937622,
1.0472410917282104,
1.0471538305282593,
1.0471816062927246,
1.0471043586730957,
1.047102689743042,
1.0470705032348633,
1.0470043420791626,
1.0468978881835938,
1.046879529953003,
1.0468213558197021,
1.0468289852142334,
1.0466077327728271,
1.0466850996017456,
1.0465607643127441,
1.0466116666793823,
1.0464608669281006,
1.0464227199554443,
1.046335220336914,
1.046293020248413,
1.0462541580200195,
1.0461939573287964,
1.0461070537567139,
1.0461164712905884,
1.0460143089294434,
1.0459884405136108,
1.045950174331665,
1.04587984085083,
1.0458686351776123,
1.0457514524459839,
1.045764446258545,
1.0456252098083496,
1.0456476211547852,
1.0455220937728882,
1.0454685688018799,
1.0454561710357666,
1.0453839302062988,
1.0453590154647827,
1.0453450679779053,
1.0452858209609985,
1.0452665090560913,
1.0451511144638062,
1.0451816320419312,
1.0450283288955688,
1.0449446439743042,
1.044981837272644,
1.044926404953003,
1.044826865196228,
1.0448437929153442,
1.0447783470153809,
1.0447793006896973,
1.0446518659591675,
1.0445698499679565,
1.044523000717163,
1.0444309711456299,
1.0444244146347046,
1.044283151626587,
1.0442794561386108,
1.044208288192749,
1.0441081523895264,
1.0440425872802734,
1.0439573526382446,
1.0439707040786743,
1.0439281463623047,
1.0438313484191895,
1.0437077283859253,
1.0436530113220215,
1.0435339212417603,
1.04351007938385,
1.0434354543685913,
1.043378472328186,
1.0432127714157104,
1.0433250665664673,
1.043284296989441,
1.0432685613632202,
1.0433306694030762,
1.043174147605896,
1.04316246509552,
1.0431472063064575,
1.0430768728256226,
1.0429641008377075,
1.0429749488830566,
1.042946696281433,
1.0429267883300781,
1.0427501201629639,
1.0427775382995605,
1.0426809787750244,
1.0426139831542969,
1.0425249338150024,
1.0425174236297607,
1.0423818826675415,
1.0423378944396973,
1.0422645807266235,
1.042305588722229,
1.0421618223190308,
1.04220712184906,
1.042100429534912,
1.042026162147522,
1.0419455766677856,
1.0418717861175537,
1.0418651103973389,
1.041696548461914,
1.0416467189788818,
1.0416263341903687,
1.0415712594985962,
1.0414601564407349,
1.041412353515625,
1.0413334369659424,
1.0412811040878296,
1.0412418842315674,
1.0412259101867676,
1.0412111282348633,
1.0410966873168945,
1.0411306619644165,
1.0409870147705078,
1.0408259630203247,
1.0408042669296265,
1.040690541267395,
1.0406947135925293,
1.0406756401062012,
1.0406217575073242,
1.0404789447784424,
1.0403612852096558,
1.040197491645813,
1.04013192653656,
1.0400886535644531,
1.04004967212677,
1.0399348735809326,
1.0398441553115845,
1.0398739576339722,
1.0397567749023438,
1.0396538972854614,
1.039719820022583,
1.0395078659057617,
1.0394245386123657,
1.039347529411316,
1.0392451286315918,
1.0392675399780273,
1.0391552448272705,
1.0390844345092773,
1.0388994216918945,
1.0388489961624146,
1.0388777256011963,
1.038732886314392,
1.0387355089187622,
1.0387314558029175,
1.0386298894882202,
1.0386829376220703,
1.0387518405914307,
1.038750410079956,
1.038468599319458,
1.0385332107543945,
1.0385184288024902,
1.0383929014205933,
1.0382999181747437,
1.0382444858551025,
1.0382245779037476,
1.0381793975830078,
1.0381003618240356,
1.037975788116455,
1.0379853248596191,
1.0379050970077515,
1.0378494262695312,
1.0376675128936768,
1.0377368927001953,
1.0375224351882935,
1.0374743938446045,
1.0374027490615845,
1.0373419523239136,
1.0372318029403687,
1.037129521369934,
1.0370535850524902,
1.0370267629623413,
1.037049412727356,
1.0368794202804565,
1.0368520021438599,
1.0367488861083984,
1.0367075204849243,
1.0366966724395752,
1.0366429090499878,
1.0366313457489014,
1.0365722179412842,
1.0364596843719482,
1.0364352464675903,
1.0364229679107666,
1.0362944602966309,
1.036303162574768,
1.0362029075622559,
1.0361818075180054,
1.0361530780792236,
1.036124348640442,
1.0360522270202637,
1.0359619855880737,
1.0359848737716675,
1.035988211631775,
1.0359491109848022,
1.035785436630249,
1.0357170104980469,
1.035617470741272,
1.0356545448303223,
1.0354877710342407,
1.0354976654052734,
1.0354876518249512,
1.0354708433151245,
1.0353095531463623,
1.0351812839508057,
1.0351635217666626,
1.0351721048355103,
1.0350944995880127,
1.0350277423858643,
1.0348882675170898,
1.0348243713378906,
1.0347193479537964,
1.0347061157226562,
1.0346581935882568,
1.0345799922943115,
1.0345582962036133,
1.0345227718353271,
1.0343804359436035,
1.0343577861785889,
1.0342576503753662,
1.0342210531234741,
1.0341755151748657,
1.0340873003005981,
1.0340574979782104,
1.0339536666870117,
1.0339049100875854,
1.033833384513855,
1.0338053703308105,
1.033722162246704,
1.0336790084838867,
1.0335921049118042,
1.0335228443145752,
1.0334362983703613,
1.0334287881851196,
1.0333329439163208,
1.033217430114746,
1.0332492589950562,
1.033102035522461,
1.0330302715301514,
1.0330184698104858,
1.0329837799072266,
1.0327882766723633,
1.0327423810958862,
1.0327303409576416,
1.0326043367385864,
1.0326405763626099,
1.0325124263763428,
1.032476782798767,
1.0323954820632935,
1.0322881937026978,
1.0321979522705078,
1.032257318496704,
1.032112956047058,
1.0321143865585327,
1.0320576429367065,
1.0320355892181396,
1.0319207906723022,
1.0317999124526978,
1.0317459106445312,
1.031693935394287,
1.0316129922866821,
1.0315806865692139,
1.0314823389053345,
1.0313808917999268,
1.0313113927841187,
1.031234622001648,
1.0311988592147827,
1.0311274528503418,
1.0309596061706543,
1.030965805053711,
1.030824065208435,
1.0308470726013184,
1.030754566192627,
1.0307531356811523,
1.0305685997009277,
1.0305140018463135,
1.03045654296875,
1.0303443670272827,
1.0302770137786865,
1.0302091836929321,
1.030202865600586,
1.0300838947296143,
1.0299595594406128,
1.0300092697143555,
1.029911994934082,
1.0298998355865479,
1.029679298400879,
1.0296783447265625,
1.0296458005905151,
1.0295544862747192,
1.0294643640518188,
1.0294262170791626,
1.0293211936950684,
1.029228687286377,
1.0291123390197754,
1.0290284156799316,
1.0289041996002197,
1.0288441181182861,
1.028873324394226,
1.0288456678390503,
1.0287349224090576,
1.0286139249801636,
1.0285109281539917,
1.0284737348556519,
1.0284606218338013,
1.0283693075180054,
1.0282996892929077,
1.0282281637191772,
1.0280848741531372,
1.0280988216400146,
1.027938723564148,
1.027854084968567,
1.0277541875839233,
1.0276867151260376,
1.0276288986206055,
1.0275863409042358,
1.0275194644927979,
1.027471899986267,
1.0273022651672363,
1.0272870063781738,
1.0271961688995361,
1.0271029472351074,
1.026989221572876,
1.026884913444519,
1.0268158912658691,
1.0265833139419556,
1.0267208814620972,
1.0266133546829224,
1.0264688730239868,
1.0265023708343506,
1.026347041130066,
1.0263985395431519,
1.026273488998413,
1.0262123346328735,
1.0261417627334595,
1.026055097579956,
1.026046872138977,
1.0259369611740112,
1.025830864906311,
1.0257225036621094,
1.0257210731506348,
1.0254992246627808,
1.0254549980163574,
1.025386095046997,
1.025305986404419,
1.0252323150634766,
1.0251061916351318,
1.025138258934021,
1.0248781442642212,
1.024908185005188,
1.0247653722763062,
1.0247784852981567,
1.0246509313583374,
1.0245611667633057,
1.0244052410125732,
1.0243265628814697,
1.0242971181869507,
1.0242177248001099,
1.0242562294006348,
1.0240874290466309,
1.0240142345428467,
1.0240139961242676,
1.0238921642303467,
1.0238142013549805,
1.0237315893173218,
1.0235857963562012,
1.0235804319381714,
1.0234500169754028,
1.0234110355377197,
1.023376226425171,
1.0233302116394043,
1.0232441425323486,
1.0231287479400635,
1.023184895515442,
1.0230793952941895,
1.022871732711792,
1.0228444337844849,
1.0227911472320557,
1.0226575136184692,
1.0225398540496826,
1.0224159955978394,
1.0223692655563354,
1.0223469734191895,
1.0222142934799194,
1.0221190452575684,
1.0221023559570312,
1.0219595432281494,
1.0218950510025024,
1.0217747688293457,
1.0216575860977173,
1.02155339717865,
1.0215532779693604,
1.0214673280715942,
1.0213037729263306,
1.0212088823318481,
1.0212634801864624,
1.0211066007614136,
1.0209678411483765,
1.0209362506866455,
1.0208863019943237,
1.0207080841064453,
1.0206654071807861,
1.0205386877059937,
1.0204769372940063,
1.020359992980957,
1.0202807188034058,
1.0201547145843506,
1.0200085639953613,
1.0198023319244385,
1.019870400428772,
1.0196733474731445,
1.019655704498291,
1.0194631814956665,
1.0193734169006348,
1.0192904472351074,
1.0191525220870972,
1.0190539360046387,
1.0189441442489624,
1.0188385248184204,
1.018789291381836,
1.0187753438949585,
1.0186289548873901,
1.0184812545776367,
1.0183837413787842,
1.0181992053985596,
1.0181483030319214,
1.0180424451828003,
1.0178641080856323,
1.0177682638168335,
1.0176692008972168,
1.0176180601119995,
1.0175775289535522,
1.0174440145492554,
1.0172598361968994,
1.0171347856521606,
1.0170187950134277,
1.0170077085494995,
1.016850233078003,
1.0167983770370483,
1.0166455507278442,
1.0166025161743164,
1.0164586305618286,
1.0163770914077759,
1.0161948204040527,
1.016133427619934,
1.016098141670227,
1.015900731086731,
1.015876293182373,
1.0156091451644897,
1.0155458450317383,
1.0153316259384155,
1.0153005123138428,
1.015166163444519,
1.015074610710144,
1.014931082725525,
1.0147554874420166,
1.0147716999053955,
1.0145775079727173,
1.0144193172454834,
1.0142390727996826,
1.0141451358795166,
1.0140234231948853,
1.0138821601867676,
1.0136665105819702,
1.0135533809661865,
1.0135061740875244,
1.0132652521133423,
1.013131022453308,
1.0130277872085571,
1.0129261016845703,
1.0127145051956177,
1.012589693069458,
1.0125032663345337,
1.0124120712280273,
1.0122917890548706,
1.0121448040008545,
1.0119751691818237,
1.0118224620819092,
1.0117701292037964,
1.0115596055984497,
1.0114465951919556,
1.0112818479537964,
1.011116862297058,
1.0109407901763916,
1.01083242893219,
1.010693073272705,
1.0105340480804443,
1.0103352069854736,
1.0101279020309448,
1.0100246667861938,
1.0099533796310425,
1.009656310081482,
1.0094692707061768,
1.009351134300232,
1.009236454963684,
1.0090196132659912,
1.0089243650436401,
1.0087525844573975,
1.008497953414917,
1.0082836151123047,
1.0081285238265991,
1.0078932046890259,
1.0078675746917725,
1.007591962814331,
1.0073533058166504,
1.0071349143981934,
1.0069451332092285,
1.0067486763000488,
1.006493330001831,
1.0062469244003296,
1.0060420036315918,
1.005791187286377,
1.0055558681488037,
1.0053129196166992,
1.0050824880599976,
1.0047982931137085,
1.0045974254608154,
1.0043339729309082,
1.0040583610534668,
1.0038150548934937,
1.003568410873413,
1.0033258199691772,
1.0029423236846924,
1.0027492046356201,
1.0024383068084717,
1.0021864175796509,
1.0019686222076416,
1.001647710800171,
1.0013123750686646,
1.0009673833847046,
1.000734567642212,
1.0003809928894043,
1.0000419616699219,
0.9996863007545471,
0.9993946552276611,
0.9991050958633423,
0.998742938041687,
0.9983759522438049,
0.9980757832527161,
0.9976844787597656,
0.9973129630088806,
0.9969102740287781,
0.9965210556983948,
0.9961467981338501,
0.9957668781280518,
0.9953354597091675,
0.9949771165847778,
0.994454026222229,
0.9941447973251343,
0.9936274886131287,
0.9933178424835205,
0.9927923679351807,
0.9924284219741821,
0.9920329451560974,
0.9915005564689636,
0.9910866022109985,
0.9906654357910156,
0.9902831315994263,
0.9897379875183105,
0.989293098449707,
0.9887658953666687,
0.9882814884185791,
0.9877992868423462,
0.9872987270355225,
0.9868386387825012,
0.9863120317459106,
0.9857053160667419,
0.9852623343467712,
0.9846941828727722,
0.9841201901435852,
0.9835962057113647,
0.9830911159515381,
0.9824666976928711,
0.9819771647453308,
0.9814347624778748,
0.9808976650238037,
0.9802607297897339,
0.9796915650367737,
0.9790992140769958,
0.97849440574646,
0.9779636859893799,
0.9773309826850891,
0.9767487645149231,
0.9761190414428711,
0.9754942059516907,
0.974859356880188,
0.9742844700813293,
0.9736725091934204,
0.9730461239814758,
0.9724162817001343,
0.9717646241188049,
0.9711145758628845,
0.9704313278198242,
0.9699361324310303,
0.9692099690437317,
0.9686063528060913,
0.9679557681083679,
0.9673008322715759,
0.9666580557823181,
0.9661428332328796,
0.9653716087341309,
0.9648231863975525,
0.964103102684021,
0.963513195514679,
0.9628477096557617,
0.9622447490692139,
0.9615905284881592,
0.9609584808349609,
0.960271954536438,
0.9596600532531738,
0.9589518904685974,
0.9583530426025391,
0.9576830267906189,
0.9570822715759277,
0.9565086960792542,
0.9558721780776978,
0.9552844762802124,
0.9545764327049255,
0.9540110230445862,
0.9534190893173218,
0.9528229236602783,
0.9521259665489197,
0.9515588283538818,
0.951026439666748,
0.9503697156906128,
0.9497613906860352,
0.949176013469696,
0.9486334919929504,
0.94806969165802,
0.9474900960922241,
0.9469200372695923,
0.9463323950767517,
0.9457929730415344,
0.9451926350593567,
0.944653332233429,
0.9441220760345459,
0.9435119032859802,
0.9429731965065002,
0.9424762725830078,
0.9419588446617126,
0.9413925409317017,
0.9408721923828125,
0.9402315020561218,
0.9396582841873169,
0.939189076423645,
0.9386196136474609,
0.9380889534950256,
0.937554121017456,
0.9370400309562683,
0.9364837408065796,
0.9359326958656311,
0.9354181289672852,
0.9349416494369507,
0.934306263923645,
0.9338619709014893,
0.9332612752914429,
0.9327479600906372,
0.9321955442428589,
0.9316866993904114,
0.9311827421188354,
0.930609405040741,
0.9301227331161499,
0.9295657873153687,
0.9290508031845093,
0.9284767508506775,
0.9279175996780396,
0.9274094104766846,
0.926845371723175,
0.9262678027153015,
0.92576664686203,
0.9251813292503357,
0.924752414226532,
0.924136757850647,
0.9236699342727661,
0.9229924082756042,
0.9224947094917297,
0.9219700694084167,
0.9214001297950745,
0.9208363890647888,
0.9203361868858337,
0.919775664806366,
0.9192060828208923,
0.9186570048332214,
0.9180578589439392,
0.9174913763999939,
0.9168798923492432,
0.9163220524787903,
0.9158262014389038,
0.915283203125,
0.9145976901054382,
0.914109468460083,
0.9134824872016907,
0.9129053354263306,
0.9123395681381226,
0.9117829203605652,
0.9111128449440002,
0.9105736613273621,
0.909953773021698,
0.9093668460845947,
0.9087660312652588,
0.9080995917320251,
0.9075484871864319,
0.9069505333900452,
0.9063562750816345,
0.905738353729248,
0.9051466584205627,
0.9045044779777527,
0.9038358330726624,
0.9032984972000122,
0.9026249647140503,
0.9019940495491028,
0.9013521671295166,
0.9007889628410339,
0.9000769257545471,
0.8994381427764893,
0.8988008499145508,
0.8981496691703796,
0.8974828720092773,
0.8968058824539185,
0.8961159586906433,
0.8954479694366455,
0.8947021961212158,
0.8940473794937134,
0.8933836817741394,
0.8926922082901001,
0.8919859528541565,
0.8912695050239563,
0.8906007409095764,
0.889866054058075,
0.8891663551330566,
0.8884007930755615,
0.8876987099647522,
0.8869624137878418,
0.8862303495407104,
0.8854454159736633,
0.884705662727356,
0.8839064240455627,
0.8832083344459534,
0.8824732899665833,
0.8816643953323364,
0.8808838129043579,
0.8801718354225159,
0.8801718354225159,
0.8801718354225159,
0.0,
0.0,
0.0,
0.0,
0.0,
0.0,
0.0,
0.0,
0.0,
0.0,
0.0,
0.0,
0.0,
0.0,
0.0,
0.0,
0.0,
0.0,
0.0,
0.0,
0.0,
0.0,
0.0,
0.0,
0.0,
0.0,
0.0,
0.0,
0.0,
0.0,
0.0,
0.0,
0.0,
0.0,
0.0,
0.0,
0.0,
0.0,
0.0,
0.0,
0.0,
0.0,
0.0,
0.0,
0.0,
0.0,
0.0,
0.0,
0.0,
0.0,
0.0,
0.0,
0.0,
0.0,
0.0,
0.0,
0.0,
0.0,
0.0,
0.0,
0.0,
0.0,
0.0,
0.0,
0.0,
0.0,
0.0,
0.0,
0.0,
0.0,
0.0,
0.0,
0.0,
0.0,
0.0,
0.0,
0.0,
0.0,
0.0,
0.0,
0.0,
0.0,
0.0,
0.0,
0.0,
0.0,
0.0,
0.0,
0.0,
0.0,
0.0,
0.0,
0.0,
0.0,
0.0,
0.0,
0.0,
0.0,
0.0,
0.0,
0.0,
0.0,
0.0,
0.0,
0.0,
0.0,
0.0,
0.0,
0.0,
0.0,
0.0,
0.0,
0.0,
0.0,
0.0,
0.0,
0.0,
0.0,
0.0,
0.0,
0.0,
0.0,
0.0,
0.0,
0.0,
0.0,
0.0,
0.0,
0.0,
0.0,
0.0,
0.0,
0.0,
0.0,
0.0,
0.0,
0.0,
0.0,
0.0,
0.0,
0.0,
0.0,
0.0,
0.0,
0.0,
0.0,
0.0,
0.0,
0.0,
0.0,
0.0,
0.0,
0.0,
0.0,
0.0,
0.0,
0.0,
0.0,
0.0,
0.0,
0.0,
0.0,
0.0,
0.0,
0.0,
0.0,
0.0,
0.0,
0.0,
0.0,
0.0,
0.0,
0.0,
0.0,
0.0,
0.0,
0.0,
0.0,
0.0,
0.0,
0.0,
0.0,
0.0,
0.0,
0.0,
0.0,
0.0,
0.0,
0.0,
0.0,
0.0,
0.0,
0.0,
0.0,
0.0,
0.0,
0.0,
0.0,
0.0,
0.0,
0.0,
0.0,
0.0,
0.0,
0.0,
0.0,
0.0,
0.0,
0.0,
0.0,
0.0,
0.0,
0.0,
0.0,
0.0,
0.0,
0.0,
0.0,
0.0,
0.0,
0.0,
0.0,
0.0,
0.0,
0.0,
0.0,
0.0,
0.0,
0.0,
0.0,
0.0,
0.0,
0.0,
0.0,
0.0,
0.0,
0.0,
0.0,
0.0,
0.0,
0.0,
0.0,
0.0,
0.0,
0.0,
0.0,
0.0,
0.0,
0.0,
0.0,
0.0,
0.0,
0.0,
0.0,
0.0,
0.0,
0.0,
0.0,
0.0,
0.0,
0.0,
0.0,
0.0,
0.0,
0.0,
0.0,
0.0,
0.0,
0.0,
0.0,
0.0,
0.0,
0.0,
0.0,
0.0,
0.0,
0.0,
0.0,
0.0,
0.0,
0.0,
0.0,
0.0,
0.0,
0.0,
0.0,
0.0,
0.0,
0.0,
0.0,
0.0,
0.0,
0.0,
0.0,
0.0,
0.0,
0.0,
0.0,
0.0,
0.0,
0.0,
0.0,
0.0,
0.0,
0.0,
0.0,
0.0,
0.0,
0.0,
0.0,
0.0,
0.0,
0.0,
0.0,
0.0,
0.0,
0.0,
0.0,
0.0,
0.0,
0.0,
0.0,
0.0,
0.0,
0.0,
0.0,
0.0,
0.0,
0.0,
0.0,
0.0,
0.0,
0.0,
0.0,
0.0,
0.0,
0.0,
0.0,
0.0,
0.0,
0.0,
0.0,
0.0,
0.0,
0.0,
0.0,
0.0,
0.0,
0.0,
0.0,
0.0,
0.0,
0.0,
0.0,
0.0,
0.0,
0.0,
0.0,
0.0,
0.0,
0.0,
0.0,
0.0,
0.0,
0.0,
0.0,
0.0,
0.0,
0.0,
0.0,
0.0,
0.0,
0.0,
0.0,
0.0,
0.0,
0.0,
0.0,
0.0,
0.0,
0.0,
0.0,
0.0,
0.0,
0.0,
0.0,
0.0,
0.0,
0.0,
0.0,
0.0,
0.0,
0.0,
0.0,
0.0,
0.0,
0.0,
0.0,
0.0,
0.0,
0.0,
0.0,
0.0,
0.0,
0.0,
0.0,
0.0,
0.0,
0.0,
0.0,
0.0,
0.0,
0.0,
0.0,
0.0,
0.0,
0.0,
0.0,
0.0,
0.0,
0.0,
0.0,
0.0,
0.0,
0.0,
0.0,
0.0,
0.0,
0.0,
0.0,
0.0,
0.0,
0.0,
0.0,
0.0,
0.0,
0.0,
0.0,
0.0,
0.0,
0.0,
0.0,
0.0,
0.0,
0.0,
0.0,
0.0,
0.0,
0.0,
0.0,
0.0,
0.0,
0.0,
0.0,
0.0,
0.0,
0.0,
0.0,
0.0,
0.0,
0.0,
0.0,
0.0,
0.0,
0.0,
0.0,
0.0,
0.0,
0.0,
0.0,
0.0,
0.0,
0.0,
0.0,
0.0,
0.0,
0.0,
0.0,
0.0,
0.0,
0.0,
0.0,
0.0,
0.0,
0.0,
0.0,
0.0,
0.0,
0.0,
0.0,
0.0,
0.0,
0.0,
0.0,
0.0,
0.0,
0.0,
0.0,
0.0,
0.0,
0.0,
0.0,
0.0,
0.0,
0.0,
0.0,
0.0,
0.0,
0.0,
0.0,
0.0,
0.0,
0.0,
0.0,
0.0,
0.0,
0.0,
0.0,
0.0,
0.0,
0.0,
0.0,
0.0,
0.0,
0.0,
0.0,
0.0,
0.0,
0.0,
0.0,
0.0,
0.0,
0.0,
0.0,
0.0,
0.0,
0.0,
0.0,
0.0,
0.0,
0.0,
0.0,
0.0,
0.0,
0.0,
0.0,
0.0,
0.0,
0.0,
0.0,
0.0,
0.0,
0.0,
0.0,
0.0,
0.0,
0.0,
0.0,
0.0,
0.0,
0.0,
0.0,
0.0,
0.0,
0.0,
0.0,
0.0,
0.0,
0.0,
0.0,
0.0,
0.0,
0.0,
0.0,
0.0,
0.0,
0.0,
0.0,
0.0,
0.0,
0.0,
0.0,
0.0,
0.0,
0.0,
0.0,
0.0,
0.0,
0.0,
0.0,
0.0,
0.0,
0.0,
0.0,
0.0,
0.0,
0.0,
0.0,
0.0,
0.0,
0.0,
0.0,
0.0,
0.0,
0.0,
0.0,
0.0,
0.0,
0.0,
0.0,
0.0,
0.0,
0.0,
0.0,
0.0,
0.0,
0.0,
0.0,
0.0,
0.0,
0.0,
0.0,
0.0,
0.0,
0.0,
0.0,
0.0,
0.0,
0.0,
0.0,
0.0,
0.0,
0.0,
0.0,
0.0,
0.0,
0.0,
0.0,
0.0,
0.0,
0.0,
0.0,
0.0,
0.0,
0.0,
0.0,
0.0,
0.0,
0.0,
0.0,
0.0,
0.0,
0.0,
0.0,
0.0,
0.0,
0.0,
0.0,
0.0,
0.0,
0.0,
0.0,
0.0,
0.0,
0.0,
0.0,
0.0,
0.0,
0.0,
0.0,
0.0,
0.0,
0.0,
0.0,
0.0,
0.0,
0.0,
0.0,
0.0,
0.0,
0.0,
0.0,
0.0,
0.0,
0.0,
0.0,
0.0,
0.0,
0.0,
0.0,
0.0,
0.0,
0.0,
0.0,
0.0,
0.0,
0.0,
0.0,
0.0,
0.0,
0.0,
0.0,
0.0,
0.0,
0.0,
0.0,
0.0,
0.0,
0.0,
0.0,
0.0,
0.0,
0.0,
0.0,
0.0,
0.0,
0.0,
0.0,
0.0,
0.0,
0.0,
0.0,
0.0,
0.0,
0.0,
0.0,
0.0,
0.0,
0.0,
0.0,
0.0,
0.0,
0.0,
0.0,
0.0,
0.0,
0.0,
0.0,
0.0,
0.0,
0.0,
0.0,
0.0,
0.0,
0.0,
0.0,
0.0,
0.0,
0.0,
0.0,
0.0,
0.0,
0.0,
0.0,
0.0,
0.0,
0.0,
0.0,
0.0,
0.0,
0.0,
0.0,
0.0,
0.0,
0.0,
0.0,
0.0,
0.0,
0.0,
0.0,
0.0,
0.0,
0.0,
0.0,
0.0,
0.0,
0.0,
0.0,
0.0,
0.0,
0.0,
0.0,
0.0,
0.0,
0.0,
0.0,
0.0,
0.0,
0.0,
0.0,
0.0,
0.0,
0.0,
0.0,
0.0,
0.0,
0.0,
0.0,
0.0,
0.0,
0.0,
0.0,
0.0,
0.0,
0.0,
0.0,
0.0,
0.0,
0.0,
0.0,
0.0,
0.0,
0.0,
0.0,
0.0,
0.0,
0.0,
0.0,
0.0,
0.0,
0.0,
0.0,
0.0,
0.0,
0.0,
0.0,
0.0,
0.0,
0.0,
0.0,
0.0,
0.0,
0.0,
0.0,
0.0,
0.0,
0.0,
0.0,
0.0,
0.0,
0.0,
0.0,
0.0,
0.0,
0.0,
0.0,
0.0,
0.0,
0.0,
0.0,
0.0,
0.0,
0.0,
0.0,
0.0,
0.0,
0.0,
0.0,
0.0,
0.0,
0.0,
0.0,
0.0,
0.0,
0.0,
0.0,
0.0,
0.0,
0.0,
0.0,
0.0,
0.0,
0.0,
0.0,
0.0,
0.0,
0.0,
0.0,
0.0,
0.0,
0.0,
0.0,
0.0,
0.0,
0.0,
0.0,
0.0,
0.0,
0.0,
0.0,
0.0,
0.0,
0.0,
0.0,
0.0,
0.0,
0.0,
0.0,
0.0,
0.0,
0.0,
0.0,
0.0,
0.0,
0.0,
0.0,
0.0,
0.0,
0.0,
0.0,
0.0,
0.0,
0.0,
0.0,
0.0,
0.0,
0.0,
0.0,
0.0,
0.0,
0.0,
0.0,
0.0,
0.0,
0.0,
0.0,
0.0,
0.0,
0.0,
0.0,
0.0,
0.0,
0.0,
0.0,
0.0,
0.0,
0.0,
0.0,
0.0,
0.0,
0.0,
0.0,
0.0,
0.0,
0.0,
0.0,
0.0,
0.0,
0.0,
0.0,
0.0,
0.0,
0.0,
0.0,
0.0,
0.0,
0.0,
0.0,
0.0,
0.0,
0.0,
0.0,
0.0,
0.0,
0.0,
0.0,
0.0,
0.0,
0.0,
0.0,
0.0,
0.0,
0.0,
0.0,
0.0,
0.0,
0.0,
0.0,
0.0,
0.0,
0.0,
0.0,
0.0,
0.0,
0.0,
0.0,
0.0,
0.0,
0.0,
0.0,
0.0,
0.0,
0.0,
0.0,
0.0,
0.0,
0.0,
0.0,
0.0,
0.0,
0.0,
0.0,
0.0,
0.0,
0.0,
0.0,
0.0,
0.0,
0.0,
0.0,
0.0,
0.0,
0.0,
0.0,
0.0,
0.0,
0.0,
0.0,
0.0,
0.0,
0.0,
0.0,
0.0,
0.0,
0.0,
0.0,
0.0,
0.0,
0.0,
0.0,
0.0,
0.0,
0.0,
0.0,
0.0,
0.0,
0.0,
0.0,
0.0,
0.0,
0.0,
0.0,
0.0,
0.0,
0.0,
0.0,
0.0,
0.0,
0.0,
0.0,
0.0,
0.0,
0.0,
0.0,
0.0,
0.0,
0.0,
0.0,
0.0,
0.0,
0.0,
0.0,
0.0,
0.0,
0.0,
0.0,
0.0,
0.0,
0.0,
0.0,
0.0,
0.0,
0.0,
0.0,
0.0,
0.0,
0.0,
0.0,
0.0,
0.0,
0.0,
0.0,
0.0,
0.0,
0.0,
0.0,
0.0,
0.0,
0.0,
0.0,
0.0,
0.0,
0.0,
0.0,
0.0,
0.0,
0.0,
0.0,
0.0,
0.0,
0.0,
0.0,
0.0,
0.0,
0.0,
0.0,
0.0,
0.0,
0.0,
0.0,
0.0,
0.0,
0.0,
0.0,
0.0,
0.0,
0.0,
0.0,
0.0,
0.0,
0.0,
0.0,
0.0,
0.0,
0.0,
0.0,
0.0,
0.0,
0.0,
0.0,
0.0,
0.0,
0.0,
0.0,
0.0,
0.0,
0.0,
0.0,
0.0,
0.0,
0.0,
0.0,
0.0,
0.0,
0.0,
