1.0674967765808105,
1.0681811571121216,
1.0689308643341064,
1.0695199966430664,
1.0699983835220337,
1.0702120065689087,
1.0704013109207153,
1.0705828666687012,
1.070732593536377,
1.0708563327789307,
1.0709511041641235,
1.071038842201233,
1.0711240768432617,
1.0710749626159668,
1.0711380243301392,
1.0712276697158813,
1.0712943077087402,
1.071403980255127,
1.0713717937469482,
1.0714433193206787,
1.0714211463928223,
1.0714986324310303,
1.0714120864868164,
1.0714398622512817,
1.0714576244354248,
1.071459412574768,
1.0713887214660645,
1.0714268684387207,
1.0713660717010498,
1.0714081525802612,
1.071502685546875,
1.071605920791626,
1.0716416835784912,
1.0716047286987305,
1.0716356039047241,
1.0715376138687134,
1.0715357065200806,
1.0715587139129639,
1.071471095085144,
1.0714527368545532,
1.0714890956878662,
1.0713893175125122,
1.071284532546997,
1.071262001991272,
1.0713053941726685,
1.0713348388671875,
1.07123601436615,
1.0713310241699219,
1.0712895393371582,
1.071087121963501,
1.0700119733810425,
1.0712401866912842,
1.0712478160858154,
1.0711455345153809,
1.0711140632629395,
1.0710722208023071,
1.0710891485214233,
1.071121096611023,
1.071042537689209,
1.071106195449829,
1.0710781812667847,
1.0709857940673828,
1.070935606956482,
1.0708032846450806,
1.0707447528839111,
1.0707013607025146,
1.070704698562622,
1.0706137418746948,
1.0706498622894287,
1.0706369876861572,
1.0706026554107666,
1.0705506801605225,
1.0705058574676514,
1.0705585479736328,
1.0704634189605713,
1.0703833103179932,
1.0703448057174683,
1.0703290700912476,
1.0703761577606201,
1.070502519607544,
1.0704460144042969,
1.0703577995300293,
1.070330262184143,
1.070214033126831,
1.070364236831665,
1.0703463554382324,
1.0704325437545776,
1.0703811645507812,
1.0701854228973389,
1.070131540298462,
1.0700438022613525,
1.0700573921203613,
1.0699604749679565,
1.069982886314392,
1.069908857345581,
1.0699118375778198,
1.0697987079620361,
1.0698386430740356,
1.0696827173233032,
1.069814920425415,
1.0697882175445557,
1.0697124004364014,
1.0696767568588257,
1.0696773529052734,
1.0696579217910767,
1.06969153881073,
1.0696823596954346,
1.0696914196014404,
1.0696557760238647,
1.068426251411438,
1.0696340799331665,
1.069610595703125,
1.0695143938064575,
1.0694228410720825,
1.069347858428955,
1.069396734237671,
1.06940495967865,
1.069465160369873,
1.0694483518600464,
1.0693269968032837,
1.0692840814590454,
1.069228172302246,
1.0691596269607544,
1.0691807270050049,
1.069063425064087,
1.0690206289291382,
1.0689877271652222,
1.0688616037368774,
1.0688499212265015,
1.0687774419784546,
1.068698525428772,
1.0686614513397217,
1.0686652660369873,
1.0686278343200684,
1.0686110258102417,
1.0686649084091187,
1.0684555768966675,
1.068369746208191,
1.06846022605896,
1.0684844255447388,
1.0685887336730957,
1.0685099363327026,
1.0685036182403564,
1.0684819221496582,
1.0683633089065552,
1.0683716535568237,
1.0684646368026733,
1.068336009979248,
1.068252444267273,
1.0681662559509277,
1.0681771039962769,
1.0680488348007202,
1.0680363178253174,
1.0679587125778198,
1.067853331565857,
1.0678447484970093,
1.067785620689392,
1.067688226699829,
1.0677404403686523,
1.067600131034851,
1.0676027536392212,
1.0675662755966187,
1.0674782991409302,
1.0674009323120117,
1.0673426389694214,
1.0674335956573486,
1.0674340724945068,
1.0674744844436646,
1.0674742460250854,
1.0673366785049438,
1.0674676895141602,
1.0674512386322021,
1.0673182010650635,
1.0673068761825562,
1.0672811269760132,
1.0671910047531128,
1.0671709775924683,
1.0671048164367676,
1.0672115087509155,
1.0671039819717407,
1.0670076608657837,
1.066995620727539,
1.0669344663619995,
1.0668933391571045,
1.0666964054107666,
1.0666041374206543,
1.0666061639785767,
1.066525936126709,
1.0665130615234375,
1.06645929813385,
1.066251516342163,
1.066176414489746,
1.0662422180175781,
1.0661449432373047,
1.0660029649734497,
1.0660290718078613,
1.0659823417663574,
1.0659176111221313,
1.065996766090393,
1.0658913850784302,
1.0658847093582153,
1.0658644437789917,
1.0659154653549194,
1.0658708810806274,
1.0657529830932617,
1.0656191110610962,
1.065529227256775,
1.065614938735962,
1.0655555725097656,
1.0656554698944092,
1.0657113790512085,
1.0656828880310059,
1.0656486749649048,
1.065645694732666,
1.0655620098114014,
1.0655676126480103,
1.0654648542404175,
1.0654852390289307,
1.0653281211853027,
1.0654047727584839,
1.0652284622192383,
1.0651662349700928,
1.0652220249176025,
1.0652648210525513,
1.0651878118515015,
1.0650657415390015,
1.0650134086608887,
1.065049648284912,
1.0649631023406982,
1.0649698972702026,
1.0648925304412842,
1.064810872077942,
1.0647374391555786,
1.0647377967834473,
1.0646882057189941,
1.0645273923873901,
1.0645320415496826,
1.064413070678711,
1.0643336772918701,
1.064313530921936,
1.0643280744552612,
1.0642248392105103,
1.0642229318618774,
1.064144492149353,
1.0640496015548706,
1.0641635656356812,
1.0629631280899048,
1.0640759468078613,
1.0640627145767212,
1.0639084577560425,
1.0638591051101685,
1.0639020204544067,
1.063834309577942,
1.0638002157211304,
1.0637388229370117,
1.0637351274490356,
1.0636177062988281,
1.0636062622070312,
1.0635277032852173,
1.0635570287704468,
1.0634676218032837,
1.0633752346038818,
1.0633405447006226,
1.0633208751678467,
1.0631964206695557,
1.0631294250488281,
1.0630401372909546,
1.062927484512329,
1.0626859664916992,
1.0625418424606323,
1.0626158714294434,
1.0625132322311401,
1.0624809265136719,
1.062574028968811,
1.0624748468399048,
1.0624727010726929,
1.0623782873153687,
1.0623081922531128,
1.0621986389160156,
1.062199592590332,
1.0621857643127441,
1.0620064735412598,
1.0620036125183105,
1.0619769096374512,
1.0618505477905273,
1.0617855787277222,
1.0617121458053589,
1.0615558624267578,
1.0614063739776611,
1.0614619255065918,
1.061390995979309,
1.0614261627197266,
1.061321496963501,
1.0612603425979614,
1.0613757371902466,
1.061225414276123,
1.0611644983291626,
1.0610997676849365,
1.061053991317749,
1.0609488487243652,
1.0609066486358643,
1.0608665943145752,
1.0608282089233398,
1.0607976913452148,
1.0607824325561523,
1.060744047164917,
1.0606106519699097,
1.0604037046432495,
1.0604697465896606,
1.0604349374771118,
1.0603892803192139,
1.06032133102417,
1.0602761507034302,
1.06023371219635,
1.0601155757904053,
1.0599323511123657,
1.0599541664123535,
1.0598316192626953,
1.0596383810043335,
1.0595743656158447,
1.059428334236145,
1.0593458414077759,
1.0593518018722534,
1.0592726469039917,
1.059261441230774,
1.0591388940811157,
1.0590581893920898,
1.0589733123779297,
1.0589709281921387,
1.0589206218719482,
1.0588253736495972,
1.0587852001190186,
1.0588964223861694,
1.0587512254714966,
1.0586941242218018,
1.0585025548934937,
1.0585250854492188,
1.05843186378479,
1.0583549737930298,
1.0582431554794312,
1.0581634044647217,
1.0580613613128662,
1.0580676794052124,
1.0580413341522217,
1.057984709739685,
1.0578374862670898,
1.0577605962753296,
1.057579517364502,
1.0575722455978394,
1.0575112104415894,
1.057379961013794,
1.0573214292526245,
1.0572443008422852,
1.0572278499603271,
1.0571982860565186,
1.0571078062057495,
1.0569921731948853,
1.0569558143615723,
1.0568811893463135,
1.0568379163742065,
1.0568076372146606,
1.0567071437835693,
1.0566117763519287,
1.0565418004989624,
1.0564782619476318,
1.0563265085220337,
1.0562852621078491,
1.0562549829483032,
1.0560967922210693,
1.056072473526001,
1.055967092514038,
1.0558332204818726,
1.0557706356048584,
1.0557070970535278,
1.0556105375289917,
1.0556674003601074,
1.05540931224823,
1.055323600769043,
1.055254578590393,
1.0545661449432373,
1.0550055503845215,
1.055060625076294,
1.054932713508606,
1.054802417755127,
1.0547701120376587,
1.0547091960906982,
1.0546019077301025,
1.0546331405639648,
1.0546308755874634,
1.054423451423645,
1.0543911457061768,
1.0543004274368286,
1.0542323589324951,
1.054128885269165,
1.0540552139282227,
1.054002285003662,
1.0537445545196533,
1.053706407546997,
1.053714632987976,
1.0536428689956665,
1.053483009338379,
1.0534080266952515,
1.0533123016357422,
1.0532392263412476,
1.0532046556472778,
1.053073763847351,
1.0529065132141113,
1.0529179573059082,
1.0528631210327148,
1.0527573823928833,
1.0526225566864014,
1.0525983572006226,
1.0524924993515015,
1.0524383783340454,
1.0521963834762573,
1.0522228479385376,
1.052131175994873,
1.0520089864730835,
1.0519577264785767,
1.0517793893814087,
1.0517598390579224,
1.0517446994781494,
1.0516648292541504,
1.0514841079711914,
1.0514600276947021,
1.0513293743133545,
1.0511791706085205,
1.05112624168396,
1.0509991645812988,
1.050828456878662,
1.0507240295410156,
1.0506515502929688,
1.0504826307296753,
1.05037260055542,
1.0503151416778564,
1.0502532720565796,
1.0500953197479248,
1.0498504638671875,
1.0497920513153076,
1.0496054887771606,
1.049477458000183,
1.0493746995925903,
1.0492109060287476,
1.0492244958877563,
1.0490877628326416,
1.0489023923873901,
1.048820972442627,
1.0487301349639893,
1.048718810081482,
1.0486894845962524,
1.0486079454421997,
1.0484040975570679,
1.0483697652816772,
1.0482919216156006,
1.0481523275375366,
1.0480916500091553,
1.0480265617370605,
1.047934889793396,
1.0477408170700073,
1.0475654602050781,
1.0474576950073242,
1.0473618507385254,
1.047249674797058,
1.0471686124801636,
1.0470348596572876,
1.046958327293396,
1.046851396560669,
1.0466833114624023,
1.0465304851531982,
1.0464354753494263,
1.0462579727172852,
1.0449928045272827,
1.046000599861145,
1.0459266901016235,
1.0457547903060913,
1.0456280708312988,
1.045467734336853,
1.04536771774292,
1.045150876045227,
1.0448505878448486,
1.0447255373001099,
1.0446195602416992,
1.0445553064346313,
1.044345736503601,
1.0441962480545044,
1.0441416501998901,
1.0439212322235107,
1.043784260749817,
1.0436334609985352,
1.0433909893035889,
1.0433571338653564,
1.0430545806884766,
1.0429553985595703,
1.0427842140197754,
1.0425931215286255,
1.0425450801849365,
1.042354941368103,
1.042203664779663,
1.0421167612075806,
1.0418936014175415,
1.0418291091918945,
1.041626214981079,
1.0401995182037354,
1.041199803352356,
1.0410652160644531,
1.0409373044967651,
1.0406677722930908,
1.0404688119888306,
1.040336012840271,
1.0400251150131226,
1.0398647785186768,
1.039673924446106,
1.0395116806030273,
1.0392704010009766,
1.0391196012496948,
1.0390712022781372,
1.0388575792312622,
1.0386707782745361,
1.0385143756866455,
1.0382455587387085,
1.0381826162338257,
1.0378884077072144,
1.0377424955368042,
1.0374857187271118,
1.0373566150665283,
1.0371665954589844,
1.0368638038635254,
1.0366851091384888,
1.0365145206451416,
1.0362837314605713,
1.0361124277114868,
1.0359305143356323,
1.0357985496520996,
1.03555428981781,
1.0353171825408936,
1.0350602865219116,
1.0349183082580566,
1.0346357822418213,
1.0344734191894531,
1.034159779548645,
1.033825159072876,
1.0335744619369507,
1.0332677364349365,
1.0331671237945557,
1.0328274965286255,
1.0326327085494995,
1.0324108600616455,
1.0321931838989258,
1.0319030284881592,
1.031692624092102,
1.0314959287643433,
1.0311866998672485,
1.0309752225875854,
1.0306413173675537,
1.0305430889129639,
1.0303547382354736,
1.0299731492996216,
1.0296711921691895,
1.0295599699020386,
1.0293878316879272,
1.0292233228683472,
1.0289689302444458,
1.0286799669265747,
1.0283076763153076,
1.0280207395553589,
1.0266541242599487,
1.027583122253418,
1.0273176431655884,
1.026892900466919,
1.026635766029358,
1.026360034942627,
1.0260868072509766,
1.0258373022079468,
1.0254243612289429,
1.0250321626663208,
1.0247410535812378,
1.0244852304458618,
1.0241745710372925,
1.0238268375396729,
1.023510456085205,
1.0231823921203613,
1.0229566097259521,
1.0225456953048706,
1.022283673286438,
1.0218967199325562,
1.0216453075408936,
1.02135169506073,
1.0208631753921509,
1.0206196308135986,
1.0201349258422852,
1.0199521780014038,
1.019513487815857,
1.0192071199417114,
1.0188825130462646,
1.0184950828552246,
1.0181044340133667,
1.0178366899490356,
1.017372727394104,
1.0170302391052246,
1.0166536569595337,
1.016198992729187,
1.0158908367156982,
1.0155795812606812,
1.0152090787887573,
1.0148416757583618,
1.0143918991088867,
1.0139999389648438,
1.0134514570236206,
1.013062834739685,
1.0125960111618042,
1.0121735334396362,
1.0118497610092163,
1.011265754699707,
1.0109553337097168,
1.010486125946045,
1.009994626045227,
1.009445309638977,
1.008957028388977,
1.008404016494751,
1.0077974796295166,
1.0073031187057495,
1.0068199634552002,
1.0063101053237915,
1.005678653717041,
1.0050654411315918,
1.004395604133606,
1.0039002895355225,
1.0033272504806519,
1.002611517906189,
1.0020493268966675,
1.0011398792266846,
1.0004911422729492,
0.999795138835907,
0.9992110729217529,
0.9985381960868835,
0.9978039264678955,
0.9971870183944702,
0.996353805065155,
0.9955942630767822,
0.994738757610321,
0.9939343929290771,
0.9931777119636536,
0.9923082590103149,
0.9915167093276978,
0.9907452464103699,
0.9898139238357544,
0.9889400005340576,
0.9881446361541748,
0.9871591329574585,
0.986174464225769,
0.9853582978248596,
0.9843259453773499,
0.9833855628967285,
0.9823529124259949,
0.9811834692955017,
0.9804438352584839,
0.9795311093330383,
0.9784408807754517,
0.9774197936058044,
0.976182222366333,
0.9750436544418335,
0.9742802977561951,
0.9731181859970093,
0.9720264077186584,
0.9708071947097778,
0.969855785369873,
0.9688084125518799,
0.9675538539886475,
0.9664811491966248,
0.9653571248054504,
0.9640184044837952,
0.9629703760147095,
0.9617151618003845,
0.9605044722557068,
0.9593157768249512,
0.9582244157791138,
0.9569973945617676,
0.9558595418930054,
0.9545735716819763,
0.953262209892273,
0.9521141648292542,
0.9510445594787598,
0.9498810768127441,
0.94862961769104,
0.9473946690559387,
0.9461658596992493,
0.9448531866073608,
0.9434442520141602,
0.9420903325080872,
0.9408759474754333,
0.9396109580993652,
0.9382707476615906,
0.9369754195213318,
0.9355839490890503,
0.9342377185821533,
0.932723343372345,
0.9313318729400635,
0.930083692073822,
0.9286240339279175,
0.9271103143692017,
0.9257994294166565,
0.9242451190948486,
0.9228500127792358,
0.9213991165161133,
0.9199968576431274,
0.9184718132019043,
0.9170160293579102,
0.9153868556022644,
0.9138208627700806,
0.912268877029419,
0.9107867479324341,
0.9091955423355103,
0.9077030420303345,
0.9060545563697815,
0.9043633937835693,
0.9028869867324829,
0.9013053178787231,
0.8996094465255737,
0.8978977203369141,
0.8962947130203247,
0.8947805166244507,
0.893078088760376,
0.8914836645126343,
0.8899357318878174,
0.888149619102478,
0.8865364193916321,
0.8848090171813965,
0.8832829594612122,
0.8817587494850159,
0.8803136944770813,
0.8803136944770813,
0.8803136944770813,
0.0,
0.0,
0.0,
0.0,
0.0,
0.0,
0.0,
0.0,
0.0,
0.0,
0.0,
0.0,
0.0,
0.0,
0.0,
0.0,
0.0,
0.0,
0.0,
0.0,
0.0,
0.0,
0.0,
0.0,
0.0,
0.0,
0.0,
0.0,
0.0,
0.0,
0.0,
0.0,
0.0,
0.0,
0.0,
0.0,
0.0,
0.0,
0.0,
0.0,
0.0,
0.0,
0.0,
0.0,
0.0,
0.0,
0.0,
0.0,
0.0,
0.0,
0.0,
0.0,
0.0,
0.0,
0.0,
0.0,
0.0,
0.0,
0.0,
0.0,
0.0,
0.0,
0.0,
0.0,
0.0,
0.0,
0.0,
0.0,
0.0,
0.0,
0.0,
0.0,
0.0,
0.0,
0.0,
0.0,
0.0,
0.0,
0.0,
0.0,
0.0,
0.0,
0.0,
0.0,
0.0,
0.0,
0.0,
0.0,
0.0,
0.0,
0.0,
0.0,
0.0,
0.0,
0.0,
0.0,
0.0,
0.0,
0.0,
0.0,
0.0,
0.0,
0.0,
0.0,
0.0,
0.0,
0.0,
0.0,
0.0,
0.0,
0.0,
0.0,
0.0,
0.0,
0.0,
0.0,
0.0,
0.0,
0.0,
0.0,
0.0,
0.0,
0.0,
0.0,
0.0,
0.0,
0.0,
0.0,
0.0,
0.0,
0.0,
0.0,
0.0,
0.0,
0.0,
0.0,
0.0,
0.0,
0.0,
0.0,
0.0,
0.0,
0.0,
0.0,
0.0,
0.0,
0.0,
0.0,
0.0,
0.0,
0.0,
0.0,
0.0,
0.0,
0.0,
0.0,
0.0,
0.0,
0.0,
0.0,
0.0,
0.0,
0.0,
0.0,
0.0,
0.0,
0.0,
0.0,
0.0,
0.0,
0.0,
0.0,
0.0,
0.0,
0.0,
0.0,
0.0,
0.0,
0.0,
0.0,
0.0,
0.0,
0.0,
0.0,
0.0,
0.0,
0.0,
0.0,
0.0,
0.0,
0.0,
0.0,
0.0,
0.0,
0.0,
0.0,
0.0,
0.0,
0.0,
0.0,
0.0,
0.0,
0.0,
0.0,
0.0,
0.0,
0.0,
0.0,
0.0,
0.0,
0.0,
0.0,
0.0,
0.0,
0.0,
0.0,
0.0,
0.0,
0.0,
0.0,
0.0,
0.0,
0.0,
0.0,
0.0,
0.0,
0.0,
0.0,
0.0,
0.0,
0.0,
0.0,
0.0,
0.0,
0.0,
0.0,
0.0,
0.0,
0.0,
0.0,
0.0,
0.0,
0.0,
0.0,
0.0,
0.0,
0.0,
0.0,
0.0,
0.0,
0.0,
0.0,
0.0,
0.0,
0.0,
0.0,
0.0,
0.0,
0.0,
0.0,
0.0,
0.0,
0.0,
0.0,
0.0,
0.0,
0.0,
0.0,
0.0,
0.0,
0.0,
0.0,
0.0,
0.0,
0.0,
0.0,
0.0,
0.0,
0.0,
0.0,
0.0,
0.0,
0.0,
0.0,
0.0,
0.0,
0.0,
0.0,
0.0,
0.0,
0.0,
0.0,
0.0,
0.0,
0.0,
0.0,
0.0,
0.0,
0.0,
0.0,
0.0,
0.0,
0.0,
0.0,
0.0,
0.0,
0.0,
0.0,
0.0,
0.0,
0.0,
0.0,
0.0,
0.0,
0.0,
0.0,
0.0,
0.0,
0.0,
0.0,
0.0,
0.0,
0.0,
0.0,
0.0,
0.0,
0.0,
0.0,
0.0,
0.0,
0.0,
0.0,
0.0,
0.0,
0.0,
0.0,
0.0,
0.0,
0.0,
0.0,
0.0,
0.0,
0.0,
0.0,
0.0,
0.0,
0.0,
0.0,
0.0,
0.0,
0.0,
0.0,
0.0,
0.0,
0.0,
0.0,
0.0,
0.0,
0.0,
0.0,
0.0,
0.0,
0.0,
0.0,
0.0,
0.0,
0.0,
0.0,
0.0,
0.0,
0.0,
0.0,
0.0,
0.0,
0.0,
0.0,
0.0,
0.0,
0.0,
0.0,
0.0,
0.0,
0.0,
0.0,
0.0,
0.0,
0.0,
0.0,
0.0,
0.0,
0.0,
0.0,
0.0,
0.0,
0.0,
0.0,
0.0,
0.0,
0.0,
0.0,
0.0,
0.0,
0.0,
0.0,
0.0,
0.0,
0.0,
0.0,
0.0,
0.0,
0.0,
0.0,
0.0,
0.0,
0.0,
0.0,
0.0,
0.0,
0.0,
0.0,
0.0,
0.0,
0.0,
0.0,
0.0,
0.0,
0.0,
0.0,
0.0,
0.0,
0.0,
0.0,
0.0,
0.0,
0.0,
0.0,
0.0,
0.0,
0.0,
0.0,
0.0,
0.0,
0.0,
0.0,
0.0,
0.0,
0.0,
0.0,
0.0,
0.0,
0.0,
0.0,
0.0,
0.0,
0.0,
0.0,
0.0,
0.0,
0.0,
0.0,
0.0,
0.0,
0.0,
0.0,
0.0,
0.0,
0.0,
0.0,
0.0,
0.0,
0.0,
0.0,
0.0,
0.0,
0.0,
0.0,
0.0,
0.0,
0.0,
0.0,
0.0,
0.0,
0.0,
0.0,
0.0,
0.0,
0.0,
0.0,
0.0,
0.0,
0.0,
0.0,
0.0,
0.0,
0.0,
0.0,
0.0,
0.0,
0.0,
0.0,
0.0,
0.0,
0.0,
0.0,
0.0,
0.0,
0.0,
0.0,
0.0,
0.0,
0.0,
0.0,
0.0,
0.0,
0.0,
0.0,
0.0,
0.0,
0.0,
0.0,
0.0,
0.0,
0.0,
0.0,
0.0,
0.0,
0.0,
0.0,
0.0,
0.0,
0.0,
0.0,
0.0,
0.0,
0.0,
0.0,
0.0,
0.0,
0.0,
0.0,
0.0,
0.0,
0.0,
0.0,
0.0,
0.0,
0.0,
0.0,
0.0,
0.0,
0.0,
0.0,
0.0,
0.0,
0.0,
0.0,
0.0,
0.0,
0.0,
0.0,
0.0,
0.0,
0.0,
0.0,
0.0,
0.0,
0.0,
0.0,
0.0,
0.0,
0.0,
0.0,
0.0,
0.0,
0.0,
0.0,
0.0,
0.0,
0.0,
0.0,
0.0,
0.0,
0.0,
0.0,
0.0,
0.0,
0.0,
0.0,
0.0,
0.0,
0.0,
0.0,
0.0,
0.0,
0.0,
0.0,
0.0,
0.0,
0.0,
0.0,
0.0,
0.0,
0.0,
0.0,
0.0,
0.0,
0.0,
0.0,
0.0,
0.0,
0.0,
0.0,
0.0,
0.0,
0.0,
0.0,
0.0,
0.0,
0.0,
0.0,
0.0,
0.0,
0.0,
0.0,
0.0,
0.0,
0.0,
0.0,
0.0,
0.0,
0.0,
0.0,
0.0,
0.0,
0.0,
0.0,
0.0,
0.0,
0.0,
0.0,
0.0,
0.0,
0.0,
0.0,
0.0,
0.0,
0.0,
0.0,
0.0,
0.0,
0.0,
0.0,
0.0,
0.0,
0.0,
0.0,
0.0,
0.0,
0.0,
0.0,
0.0,
0.0,
0.0,
0.0,
0.0,
0.0,
0.0,
0.0,
0.0,
0.0,
0.0,
0.0,
0.0,
0.0,
0.0,
0.0,
0.0,
0.0,
0.0,
0.0,
0.0,
0.0,
0.0,
0.0,
0.0,
0.0,
0.0,
0.0,
0.0,
0.0,
0.0,
0.0,
0.0,
0.0,
0.0,
0.0,
0.0,
0.0,
0.0,
0.0,
0.0,
0.0,
0.0,
0.0,
0.0,
0.0,
0.0,
0.0,
0.0,
0.0,
0.0,
0.0,
0.0,
0.0,
0.0,
0.0,
0.0,
0.0,
0.0,
0.0,
0.0,
0.0,
0.0,
0.0,
0.0,
0.0,
0.0,
0.0,
0.0,
0.0,
0.0,
0.0,
0.0,
0.0,
0.0,
0.0,
0.0,
0.0,
0.0,
0.0,
0.0,
0.0,
0.0,
0.0,
0.0,
0.0,
0.0,
0.0,
0.0,
0.0,
0.0,
0.0,
0.0,
0.0,
0.0,
0.0,
0.0,
0.0,
0.0,
0.0,
0.0,
0.0,
0.0,
0.0,
0.0,
0.0,
0.0,
0.0,
0.0,
0.0,
0.0,
0.0,
0.0,
0.0,
0.0,
0.0,
0.0,
0.0,
0.0,
0.0,
0.0,
0.0,
0.0,
0.0,
0.0,
0.0,
0.0,
0.0,
0.0,
0.0,
0.0,
0.0,
0.0,
0.0,
0.0,
0.0,
0.0,
0.0,
0.0,
0.0,
0.0,
0.0,
0.0,
0.0,
0.0,
0.0,
0.0,
0.0,
0.0,
0.0,
0.0,
0.0,
0.0,
0.0,
0.0,
0.0,
0.0,
0.0,
0.0,
0.0,
0.0,
0.0,
0.0,
0.0,
0.0,
0.0,
0.0,
0.0,
0.0,
0.0,
0.0,
0.0,
0.0,
0.0,
0.0,
0.0,
0.0,
0.0,
0.0,
0.0,
0.0,
0.0,
0.0,
0.0,
0.0,
0.0,
0.0,
0.0,
0.0,
0.0,
0.0,
0.0,
0.0,
0.0,
0.0,
0.0,
0.0,
0.0,
0.0,
0.0,
0.0,
0.0,
0.0,
0.0,
0.0,
0.0,
0.0,
0.0,
0.0,
0.0,
0.0,
0.0,
0.0,
0.0,
0.0,
0.0,
0.0,
0.0,
0.0,
0.0,
0.0,
0.0,
0.0,
0.0,
0.0,
0.0,
0.0,
0.0,
0.0,
0.0,
0.0,
0.0,
0.0,
0.0,
0.0,
0.0,
0.0,
0.0,
0.0,
0.0,
0.0,
0.0,
0.0,
0.0,
0.0,
0.0,
0.0,
0.0,
0.0,
0.0,
0.0,
0.0,
0.0,
0.0,
0.0,
0.0,
0.0,
0.0,
0.0,
0.0,
0.0,
0.0,
0.0,
0.0,
0.0,
0.0,
0.0,
0.0,
0.0,
0.0,
0.0,
0.0,
0.0,
0.0,
0.0,
0.0,
0.0,
0.0,
0.0,
0.0,
0.0,
0.0,
0.0,
0.0,
0.0,
0.0,
0.0,
0.0,
0.0,
0.0,
0.0,
0.0,
0.0,
0.0,
0.0,
0.0,
0.0,
0.0,
0.0,
0.0,
0.0,
0.0,
0.0,
0.0,
0.0,
0.0,
0.0,
0.0,
0.0,
0.0,
0.0,
0.0,
0.0,
0.0,
0.0,
0.0,
0.0,
0.0,
0.0,
0.0,
0.0,
0.0,
0.0,
0.0,
0.0,
0.0,
0.0,
0.0,
0.0,
0.0,
0.0,
0.0,
0.0,
0.0,
0.0,
0.0,
0.0,
0.0,
0.0,
0.0,
0.0,
0.0,
0.0,
0.0,
0.0,
0.0,
0.0,
0.0,
0.0,
0.0,
0.0,
0.0,
0.0,
0.0,
0.0,
0.0,
0.0,
0.0,
0.0,
0.0,
0.0,
0.0,
0.0,
0.0,
0.0,
0.0,
0.0,
0.0,
0.0,
0.0,
0.0,
0.0,
0.0,
0.0,
0.0,
0.0,
0.0,
0.0,
0.0,
0.0,
0.0,
0.0,
0.0,
0.0,
0.0,
0.0,
0.0,
0.0,
0.0,
0.0,
0.0,
0.0,
0.0,
0.0,
0.0,
0.0,
0.0,
0.0,
0.0,
0.0,
0.0,
0.0,
0.0,
0.0,
0.0,
0.0,
0.0,
0.0,
0.0,
0.0,
0.0,
0.0,
0.0,
0.0,
0.0,
0.0,
0.0,
0.0,
0.0,
0.0,
0.0,
0.0,
0.0,
0.0,
0.0,
0.0,
0.0,
0.0,
0.0,
0.0,
0.0,
0.0,
0.0,
0.0,
0.0,
0.0,
0.0,
0.0,
0.0,
0.0,
0.0,
0.0,
0.0,
0.0,
0.0,
0.0,
0.0,
0.0,
0.0,
0.0,
0.0,
0.0,
0.0,
0.0,
0.0,
0.0,
0.0,
0.0,
0.0,
0.0,
0.0,
0.0,
0.0,
0.0,
0.0,
0.0,
0.0,
0.0,
0.0,
0.0,
0.0,
0.0,
0.0,
0.0,
0.0,
0.0,
0.0,
0.0,
0.0,
0.0,
0.0,
0.0,
0.0,
0.0,
0.0,
0.0,
0.0,
0.0,
0.0,
0.0,
0.0,
0.0,
0.0,
0.0,
0.0,
0.0,
0.0,
0.0,
0.0,
0.0,
0.0,
0.0,
0.0,
0.0,
0.0,
0.0,
0.0,
0.0,
0.0,
0.0,
0.0,
0.0,
0.0,
0.0,
0.0,
0.0,
0.0,
0.0,
0.0,
0.0,
0.0,
0.0,
0.0,
0.0,
0.0,
0.0,
0.0,
0.0,
0.0,
0.0,
0.0,
0.0,
0.0,
0.0,
0.0,
0.0,
0.0,
0.0,
0.0,
0.0,
0.0,
0.0,
0.0,
0.0,
0.0,
0.0,
0.0,
0.0,
0.0,
0.0,
0.0,
0.0,
0.0,
0.0,
0.0,
0.0,
0.0,
0.0,
0.0,
0.0,
0.0,
0.0,
0.0,
0.0,
0.0,
0.0,
0.0,
0.0,
0.0,
0.0,
0.0,
0.0,
0.0,
0.0,
0.0,
0.0,
0.0,
0.0,
0.0,
0.0,
0.0,
0.0,
0.0,
0.0,
0.0,
0.0,
0.0,
0.0,
0.0,
0.0,
0.0,
0.0,
0.0,
0.0,
0.0,
0.0,
0.0,
0.0,
0.0,
0.0,
0.0,
0.0,
0.0,
0.0,
0.0,
0.0,
0.0,
0.0,
0.0,
0.0,
0.0,
0.0,
0.0,
0.0,
0.0,
0.0,
0.0,
0.0,
0.0,
0.0,
0.0,
0.0,
0.0,
0.0,
0.0,
0.0,
0.0,
0.0,
0.0,
0.0,
0.0,
0.0,
0.0,
0.0,
0.0,
0.0,
0.0,
0.0,
0.0,
0.0,
0.0,
0.0,
0.0,
0.0,
0.0,
0.0,
0.0,
0.0,
0.0,
0.0,
0.0,
0.0,
0.0,
0.0,
0.0,
0.0,
0.0,
0.0,
0.0,
0.0,
0.0,
0.0,
0.0,
0.0,
0.0,
0.0,
0.0,
0.0,
0.0,
0.0,
0.0,
0.0,
0.0,
0.0,
0.0,
0.0,
0.0,
0.0,
0.0,
0.0,
0.0,
0.0,
0.0,
0.0,
0.0,
0.0,
0.0,
0.0,
0.0,
0.0,
0.0,
0.0,
0.0,
0.0,
0.0,
0.0,
0.0,
0.0,
0.0,
0.0,
0.0,
0.0,
0.0,
0.0,
0.0,
0.0,
0.0,
0.0,
0.0,
0.0,
0.0,
0.0,
0.0,
0.0,
0.0,
0.0,
0.0,
0.0,
0.0,
0.0,
0.0,
0.0,
0.0,
0.0,
0.0,
0.0,
0.0,
0.0,
0.0,
0.0,
0.0,
0.0,
0.0,
0.0,
0.0,
0.0,
0.0,
0.0,
0.0,
0.0,
0.0,
0.0,
0.0,
0.0,
0.0,
0.0,
0.0,
0.0,
0.0,
0.0,
0.0,
0.0,
0.0,
0.0,
0.0,
0.0,
0.0,
0.0,
0.0,
0.0,
0.0,
0.0,
0.0,
0.0,
0.0,
0.0,
0.0,
0.0,
0.0,
0.0,
0.0,
0.0,
0.0,
0.0,
0.0,
0.0,
0.0,
0.0,
0.0,
0.0,
0.0,
0.0,
0.0,
0.0,
0.0,
0.0,
0.0,
0.0,
0.0,
0.0,
0.0,
0.0,
0.0,
0.0,
0.0,
0.0,
0.0,
0.0,
0.0,
0.0,
0.0,
0.0,
0.0,
0.0,
0.0,
0.0,
0.0,
0.0,
0.0,
0.0,
0.0,
0.0,
0.0,
0.0,
0.0,
0.0,
0.0,
0.0,
0.0,
0.0,
0.0,
0.0,
0.0,
0.0,
0.0,
0.0,
0.0,
0.0,
0.0,
0.0,
0.0,
0.0,
0.0,
0.0,
0.0,
0.0,
0.0,
0.0,
0.0,
0.0,
0.0,
0.0,
0.0,
0.0,
0.0,
0.0,
0.0,
0.0,
0.0,
0.0,
0.0,
0.0,
0.0,
0.0,
0.0,
0.0,
0.0,
0.0,
0.0,
0.0,
0.0,
0.0,
0.0,
0.0,
0.0,
0.0,
0.0,
0.0,
0.0,
0.0,
0.0,
0.0,
0.0,
0.0,
0.0,
0.0,
0.0,
0.0,
0.0,
0.0,
0.0,
0.0,
0.0,
0.0,
0.0,
0.0,
0.0,
0.0,
0.0,
0.0,
0.0,
0.0,
0.0,
0.0,
0.0,
0.0,
0.0,
0.0,
0.0,
0.0,
0.0,
0.0,
0.0,
0.0,
0.0,
0.0,
0.0,
0.0,
0.0,
0.0,
0.0,
0.0,
