1.0691667795181274,
1.0701851844787598,
1.0708117485046387,
1.0713063478469849,
1.0717107057571411,
1.0720654726028442,
1.0722688436508179,
1.0724258422851562,
1.0724180936813354,
1.0726072788238525,
1.0726068019866943,
1.072892665863037,
1.0729655027389526,
1.0730265378952026,
1.0730640888214111,
1.0730597972869873,
1.0730581283569336,
1.0730985403060913,
1.073020577430725,
1.0731257200241089,
1.0731905698776245,
1.07323157787323,
1.0731422901153564,
1.0731596946716309,
1.0731632709503174,
1.0730085372924805,
1.0730732679367065,
1.073258399963379,
1.0731526613235474,
1.07316255569458,
1.0733094215393066,
1.073330044746399,
1.0731277465820312,
1.0730687379837036,
1.0730873346328735,
1.0730735063552856,
1.0731215476989746,
1.072995901107788,
1.0729930400848389,
1.0730496644973755,
1.0729422569274902,
1.0728580951690674,
1.0729100704193115,
1.073179006576538,
1.073258399963379,
1.0732903480529785,
1.073333978652954,
1.073320984840393,
1.073140025138855,
1.0731297731399536,
1.0730870962142944,
1.073072075843811,
1.0730628967285156,
1.0732117891311646,
1.0730642080307007,
1.073127031326294,
1.0730185508728027,
1.0730270147323608,
1.0731302499771118,
1.0730420351028442,
1.0730643272399902,
1.0730396509170532,
1.0730159282684326,
1.0729424953460693,
1.0729694366455078,
1.0728906393051147,
1.0730805397033691,
1.0731245279312134,
1.0730477571487427,
1.0730054378509521,
1.073028326034546,
1.0729150772094727,
1.0730465650558472,
1.0729713439941406,
1.0730032920837402,
1.072924017906189,
1.072908878326416,
1.0728814601898193,
1.0728609561920166,
1.0729506015777588,
1.072938084602356,
1.0728387832641602,
1.0729377269744873,
1.0728676319122314,
1.0730299949645996,
1.0730940103530884,
1.0730754137039185,
1.0730258226394653,
1.072876214981079,
1.0728882551193237,
1.0728563070297241,
1.0727732181549072,
1.0726126432418823,
1.072633147239685,
1.0725157260894775,
1.0724767446517944,
1.0724512338638306,
1.0724693536758423,
1.0724852085113525,
1.072418451309204,
1.0723094940185547,
1.0724624395370483,
1.0723567008972168,
1.0724579095840454,
1.0723360776901245,
1.0722941160202026,
1.0722793340682983,
1.0723265409469604,
1.0724555253982544,
1.072403907775879,
1.0722827911376953,
1.072327971458435,
1.0722830295562744,
1.072192668914795,
1.072335958480835,
1.0722999572753906,
1.0722217559814453,
1.0721865892410278,
1.0722029209136963,
1.0721384286880493,
1.0720841884613037,
1.0721185207366943,
1.0721632242202759,
1.0719997882843018,
1.0719025135040283,
1.0717954635620117,
1.0717939138412476,
1.0718436241149902,
1.0717860460281372,
1.0717811584472656,
1.071866750717163,
1.0717891454696655,
1.0717476606369019,
1.0718190670013428,
1.0717048645019531,
1.0716180801391602,
1.0716314315795898,
1.0714579820632935,
1.0715011358261108,
1.0715495347976685,
1.0715713500976562,
1.0716683864593506,
1.071625828742981,
1.07166588306427,
1.0716991424560547,
1.071584939956665,
1.071581244468689,
1.0716148614883423,
1.071557879447937,
1.0714632272720337,
1.0713999271392822,
1.0714155435562134,
1.071365237236023,
1.0712988376617432,
1.0713427066802979,
1.0711970329284668,
1.0712462663650513,
1.0710437297821045,
1.071042776107788,
1.0710680484771729,
1.0709325075149536,
1.0709807872772217,
1.070852518081665,
1.0708106756210327,
1.0708163976669312,
1.0706610679626465,
1.070750117301941,
1.070723056793213,
1.070778489112854,
1.0708004236221313,
1.0708413124084473,
1.0707257986068726,
1.070702075958252,
1.0705935955047607,
1.0707391500473022,
1.0706981420516968,
1.0705845355987549,
1.0705928802490234,
1.0705140829086304,
1.0705511569976807,
1.070682406425476,
1.0703967809677124,
1.0704268217086792,
1.070510745048523,
1.0704269409179688,
1.0703340768814087,
1.0701558589935303,
1.0702433586120605,
1.0700591802597046,
1.0700252056121826,
1.0700228214263916,
1.0699162483215332,
1.0697643756866455,
1.0697767734527588,
1.069679856300354,
1.0695935487747192,
1.0695130825042725,
1.069523811340332,
1.0695699453353882,
1.0696393251419067,
1.0696202516555786,
1.0696550607681274,
1.0696063041687012,
1.069586992263794,
1.0694897174835205,
1.0694881677627563,
1.0694618225097656,
1.0694990158081055,
1.0695114135742188,
1.0694159269332886,
1.0693668127059937,
1.0693628787994385,
1.0693421363830566,
1.0694819688796997,
1.0693081617355347,
1.06936514377594,
1.0693498849868774,
1.069370985031128,
1.0693155527114868,
1.0693306922912598,
1.0692338943481445,
1.069260835647583,
1.069120168685913,
1.0691486597061157,
1.0691090822219849,
1.0691312551498413,
1.0689539909362793,
1.0689516067504883,
1.0689610242843628,
1.068894386291504,
1.0689080953598022,
1.0688674449920654,
1.0688142776489258,
1.0687451362609863,
1.0687086582183838,
1.068727970123291,
1.0687187910079956,
1.068706750869751,
1.068622350692749,
1.0686192512512207,
1.0685676336288452,
1.068605661392212,
1.0683890581130981,
1.0684056282043457,
1.0683563947677612,
1.0683650970458984,
1.0683196783065796,
1.0683625936508179,
1.0683375597000122,
1.0682933330535889,
1.0682843923568726,
1.0682737827301025,
1.0682322978973389,
1.068217158317566,
1.0681748390197754,
1.0682101249694824,
1.068156361579895,
1.0680700540542603,
1.0680590867996216,
1.0680345296859741,
1.0680298805236816,
1.0679558515548706,
1.0679315328598022,
1.067909598350525,
1.0679278373718262,
1.0679131746292114,
1.067745566368103,
1.0677380561828613,
1.0676836967468262,
1.0676970481872559,
1.0676052570343018,
1.0675944089889526,
1.06755530834198,
1.0674843788146973,
1.0674270391464233,
1.0674262046813965,
1.06733238697052,
1.0672835111618042,
1.067318081855774,
1.0672894716262817,
1.0672227144241333,
1.0671885013580322,
1.0672099590301514,
1.067107915878296,
1.0670466423034668,
1.0669621229171753,
1.0669223070144653,
1.066890001296997,
1.0668144226074219,
1.0667370557785034,
1.066711664199829,
1.0666342973709106,
1.0666906833648682,
1.0666264295578003,
1.0665379762649536,
1.0666286945343018,
1.0665476322174072,
1.0664902925491333,
1.06643807888031,
1.0664118528366089,
1.0663609504699707,
1.0663714408874512,
1.0663169622421265,
1.066281795501709,
1.066330075263977,
1.0662872791290283,
1.0661895275115967,
1.0661957263946533,
1.0660489797592163,
1.0660439729690552,
1.0660345554351807,
1.0659756660461426,
1.0659807920455933,
1.0659310817718506,
1.0659074783325195,
1.0658663511276245,
1.0658211708068848,
1.0657732486724854,
1.0657496452331543,
1.0656713247299194,
1.0655946731567383,
1.0656471252441406,
1.06556236743927,
1.0655453205108643,
1.0655208826065063,
1.0654884576797485,
1.0654507875442505,
1.0654723644256592,
1.0654186010360718,
1.0653676986694336,
1.0653367042541504,
1.0653126239776611,
1.0652786493301392,
1.0652143955230713,
1.0651761293411255,
1.0651458501815796,
1.0651463270187378,
1.0651555061340332,
1.0650665760040283,
1.0650659799575806,
1.0649405717849731,
1.064921498298645,
1.0648932456970215,
1.064774990081787,
1.0647835731506348,
1.0647705793380737,
1.064736008644104,
1.0646462440490723,
1.0645866394042969,
1.0645473003387451,
1.064537763595581,
1.0644251108169556,
1.0644086599349976,
1.0643943548202515,
1.064287543296814,
1.064257025718689,
1.0642112493515015,
1.0641636848449707,
1.0641392469406128,
1.0641189813613892,
1.0641582012176514,
1.064096212387085,
1.064067006111145,
1.0640453100204468,
1.0640298128128052,
1.064030647277832,
1.0639857053756714,
1.0638954639434814,
1.06380033493042,
1.0638415813446045,
1.0638145208358765,
1.063762903213501,
1.0637469291687012,
1.0636978149414062,
1.0636727809906006,
1.0636762380599976,
1.0636059045791626,
1.063585877418518,
1.0635627508163452,
1.063551664352417,
1.0634514093399048,
1.0634455680847168,
1.0633606910705566,
1.063256025314331,
1.0632542371749878,
1.0631673336029053,
1.0631712675094604,
1.063103199005127,
1.0631721019744873,
1.0631003379821777,
1.0630942583084106,
1.0630395412445068,
1.062986135482788,
1.0629509687423706,
1.0628923177719116,
1.0628876686096191,
1.0627881288528442,
1.0627367496490479,
1.062652349472046,
1.062569260597229,
1.06251859664917,
1.0624572038650513,
1.062412977218628,
1.0623700618743896,
1.0624254941940308,
1.062349796295166,
1.062380313873291,
1.0622397661209106,
1.0622128248214722,
1.0621529817581177,
1.062147617340088,
1.0621124505996704,
1.0620406866073608,
1.0620787143707275,
1.0619994401931763,
1.062004804611206,
1.0619324445724487,
1.0619007349014282,
1.0618301630020142,
1.0617924928665161,
1.0617070198059082,
1.0616376399993896,
1.061646819114685,
1.0616354942321777,
1.06155526638031,
1.0615103244781494,
1.0614551305770874,
1.0614078044891357,
1.061383843421936,
1.0613946914672852,
1.0612144470214844,
1.0612295866012573,
1.0611993074417114,
1.0610700845718384,
1.0610591173171997,
1.0609893798828125,
1.0609151124954224,
1.0608644485473633,
1.0607876777648926,
1.0606831312179565,
1.0606924295425415,
1.0606155395507812,
1.0605525970458984,
1.0604603290557861,
1.0603985786437988,
1.0602833032608032,
1.060288906097412,
1.0602195262908936,
1.0602080821990967,
1.0600711107254028,
1.0600861310958862,
1.0601353645324707,
1.0601246356964111,
1.0600910186767578,
1.060072898864746,
1.060043215751648,
1.0599669218063354,
1.0599968433380127,
1.0599297285079956,
1.059935450553894,
1.059929609298706,
1.0598512887954712,
1.059664011001587,
1.059645175933838,
1.0595661401748657,
1.059517502784729,
1.0594404935836792,
1.0594220161437988,
1.0593597888946533,
1.0593183040618896,
1.0592974424362183,
1.0591986179351807,
1.0591425895690918,
1.059053897857666,
1.058962106704712,
1.0589340925216675,
1.0587713718414307,
1.058854103088379,
1.0587613582611084,
1.0586330890655518,
1.0585713386535645,
1.0585370063781738,
1.0584901571273804,
1.0585130453109741,
1.0584052801132202,
1.0583995580673218,
1.0583816766738892,
1.058308482170105,
1.0581910610198975,
1.0580627918243408,
1.057993769645691,
1.0579466819763184,
1.0578216314315796,
1.0577168464660645,
1.0575281381607056,
1.0575659275054932,
1.057511568069458,
1.0574127435684204,
1.0573482513427734,
1.057368278503418,
1.057228446006775,
1.0572675466537476,
1.0570635795593262,
1.0570021867752075,
1.0569143295288086,
1.0567891597747803,
1.0567083358764648,
1.0565694570541382,
1.0565435886383057,
1.0563534498214722,
1.0563241243362427,
1.0562658309936523,
1.0561696290969849,
1.0561869144439697,
1.0561081171035767,
1.0561338663101196,
1.0561025142669678,
1.0561391115188599,
1.0561679601669312,
1.0561727285385132,
1.0561238527297974,
1.0560564994812012,
1.0559505224227905,
1.055903434753418,
1.0559135675430298,
1.0558338165283203,
1.055732250213623,
1.0556890964508057,
1.0556269884109497,
1.0554701089859009,
1.055361270904541,
1.0553724765777588,
1.0552358627319336,
1.0552046298980713,
1.0551460981369019,
1.0550731420516968,
1.0550113916397095,
1.054885745048523,
1.054801344871521,
1.0546979904174805,
1.0546741485595703,
1.0545158386230469,
1.0544986724853516,
1.054466724395752,
1.0544072389602661,
1.0544023513793945,
1.0542752742767334,
1.0542389154434204,
1.0542008876800537,
1.054129958152771,
1.053967833518982,
1.0539629459381104,
1.0539774894714355,
1.0538686513900757,
1.0538573265075684,
1.053907871246338,
1.053794264793396,
1.0538219213485718,
1.0536904335021973,
1.0536307096481323,
1.0535616874694824,
1.0534940958023071,
1.0533692836761475,
1.053402304649353,
1.0533021688461304,
1.0532901287078857,
1.0533335208892822,
1.0532176494598389,
1.0531861782073975,
1.053194522857666,
1.0531420707702637,
1.0530519485473633,
1.0529232025146484,
1.052884578704834,
1.0527586936950684,
1.052606463432312,
1.052594542503357,
1.05250084400177,
1.0525846481323242,
1.0524590015411377,
1.0522743463516235,
1.0522841215133667,
1.0521918535232544,
1.0520594120025635,
1.051993489265442,
1.0521492958068848,
1.0520164966583252,
1.0518712997436523,
1.0518784523010254,
1.0519741773605347,
1.0518864393234253,
1.0516666173934937,
1.051689624786377,
1.0515328645706177,
1.0515004396438599,
1.0513410568237305,
1.0512953996658325,
1.0511462688446045,
1.051130771636963,
1.0510120391845703,
1.051002025604248,
1.0508861541748047,
1.0507726669311523,
1.0507582426071167,
1.050616979598999,
1.0505214929580688,
1.0504858493804932,
1.0506086349487305,
1.0505266189575195,
1.050486445426941,
1.0503900051116943,
1.0504015684127808,
1.0503114461898804,
1.0501939058303833,
1.0501530170440674,
1.0500565767288208,
1.0499690771102905,
1.04983651638031,
1.0497541427612305,
1.0496363639831543,
1.0495892763137817,
1.0495182275772095,
1.0493950843811035,
1.0492520332336426,
1.0492624044418335,
1.0491493940353394,
1.0490145683288574,
1.0489109754562378,
1.0489128828048706,
1.0487748384475708,
1.0486642122268677,
1.0486915111541748,
1.0485304594039917,
1.0485142469406128,
1.0484446287155151,
1.0483465194702148,
1.048301339149475,
1.0481923818588257,
1.0481376647949219,
1.0480703115463257,
1.0479716062545776,
1.0479364395141602,
1.0478650331497192,
1.0478832721710205,
1.0477557182312012,
1.0476850271224976,
1.047608494758606,
1.0475395917892456,
1.0474295616149902,
1.0474021434783936,
1.0473262071609497,
1.0472257137298584,
1.047202706336975,
1.0471214056015015,
1.0470374822616577,
1.0468676090240479,
1.046814203262329,
1.0466058254241943,
1.0465503931045532,
1.0463885068893433,
1.04630446434021,
1.0462658405303955,
1.0462027788162231,
1.0461775064468384,
1.0458102226257324,
1.0460233688354492,
1.0458844900131226,
1.045772910118103,
1.0455340147018433,
1.0455121994018555,
1.0456286668777466,
1.0455273389816284,
1.0452327728271484,
1.045267105102539,
1.044974446296692,
1.044944405555725,
1.0449095964431763,
1.0448405742645264,
1.0446851253509521,
1.0447816848754883,
1.0446555614471436,
1.0445911884307861,
1.044556975364685,
1.0444167852401733,
1.0443147420883179,
1.044211745262146,
1.044198751449585,
1.0440303087234497,
1.0440772771835327,
1.0439084768295288,
1.0439212322235107,
1.043774962425232,
1.0437127351760864,
1.04359769821167,
1.0434917211532593,
1.0434480905532837,
1.0432775020599365,
1.0431095361709595,
1.0431156158447266,
1.0429973602294922,
1.0430834293365479,
1.0428441762924194,
1.0427024364471436,
1.042667031288147,
1.0422861576080322,
1.0421464443206787,
1.042043685913086,
1.04212486743927,
1.0419002771377563,
1.0420750379562378,
1.041907787322998,
1.0417712926864624,
1.0419107675552368,
1.041648268699646,
1.0415575504302979,
1.0413997173309326,
1.0412988662719727,
1.0413187742233276,
1.0412139892578125,
1.0410710573196411,
1.0411432981491089,
1.041000247001648,
1.0410338640213013,
1.0408849716186523,
1.040838599205017,
1.040643572807312,
1.0405981540679932,
1.0403109788894653,
1.040212869644165,
1.0400633811950684,
1.04007089138031,
1.040000081062317,
1.0397437810897827,
1.0397651195526123,
1.0396671295166016,
1.0394738912582397,
1.039275884628296,
1.0391558408737183,
1.0389646291732788,
1.0389320850372314,
1.0388166904449463,
1.0387439727783203,
1.0385490655899048,
1.0385960340499878,
1.0384371280670166,
1.0384083986282349,
1.038246512413025,
1.0381572246551514,
1.0379992723464966,
1.0378984212875366,
1.0378059148788452,
1.0376962423324585,
1.0375937223434448,
1.0374659299850464,
1.0372792482376099,
1.0372488498687744,
1.0371376276016235,
1.037030577659607,
1.0368895530700684,
1.0366407632827759,
1.0365384817123413,
1.0364359617233276,
1.036388874053955,
1.0362950563430786,
1.0362447500228882,
1.036159873008728,
1.036004900932312,
1.035779356956482,
1.0356853008270264,
1.0355641841888428,
1.0353384017944336,
1.0352222919464111,
1.0351165533065796,
1.035022258758545,
1.0349857807159424,
1.03485107421875,
1.0346918106079102,
1.0345449447631836,
1.0344289541244507,
1.0340880155563354,
1.0339937210083008,
1.0339410305023193,
1.0340461730957031,
1.0338181257247925,
1.0334398746490479,
1.0332781076431274,
1.0332103967666626,
1.033113956451416,
1.0330249071121216,
1.0328630208969116,
1.032705307006836,
1.0324715375900269,
1.032334566116333,
1.0322455167770386,
1.0320179462432861,
1.0319106578826904,
1.0317591428756714,
1.031681776046753,
1.0315396785736084,
1.0313338041305542,
1.0311983823776245,
1.0310122966766357,
1.0309025049209595,
1.0307581424713135,
1.0306131839752197,
1.030495285987854,
1.0303921699523926,
1.0301768779754639,
1.0297826528549194,
1.0297083854675293,
1.029584288597107,
1.0294337272644043,
1.0294314622879028,
1.0291697978973389,
1.028902530670166,
1.028866171836853,
1.0287858247756958,
1.0287911891937256,
1.0286009311676025,
1.0284473896026611,
1.0283368825912476,
1.0281610488891602,
1.0278904438018799,
1.0277806520462036,
1.0275553464889526,
1.0273853540420532,
1.0271847248077393,
1.0270408391952515,
1.0269315242767334,
1.0267480611801147,
1.0265027284622192,
1.0265069007873535,
1.0263770818710327,
1.0261067152023315,
1.0259239673614502,
1.0258194208145142,
1.0256750583648682,
1.0254465341567993,
1.0251389741897583,
1.0247821807861328,
1.0246789455413818,
1.0245535373687744,
1.0242849588394165,
1.0240113735198975,
1.02382230758667,
1.0236510038375854,
1.0232963562011719,
1.023102879524231,
1.0229567289352417,
1.0227266550064087,
1.02252197265625,
1.0221500396728516,
1.022035837173462,
1.0215948820114136,
1.0214191675186157,
1.0212042331695557,
1.0209187269210815,
1.0205461978912354,
1.0203365087509155,
1.0200915336608887,
1.0197821855545044,
1.0195132493972778,
1.0193698406219482,
1.0191059112548828,
1.0188238620758057,
1.0185434818267822,
1.0183391571044922,
1.018103003501892,
1.0177202224731445,
1.0174294710159302,
1.0171194076538086,
1.0166274309158325,
1.0163352489471436,
1.0160945653915405,
1.0158294439315796,
1.0154677629470825,
1.015272617340088,
1.0149136781692505,
1.0145573616027832,
1.0142099857330322,
1.0137826204299927,
1.0134409666061401,
1.0130367279052734,
1.012677550315857,
1.012349009513855,
1.0120009183883667,
1.011692762374878,
1.0113117694854736,
1.0110241174697876,
1.0105907917022705,
1.0101819038391113,
1.0097538232803345,
1.0092284679412842,
1.0088156461715698,
1.0083415508270264,
1.007878303527832,
1.0074737071990967,
1.0070133209228516,
1.006476879119873,
1.0060617923736572,
1.005536437034607,
1.0051168203353882,
1.0045899152755737,
1.004143476486206,
1.0036686658859253,
1.0031949281692505,
1.0026328563690186,
1.00206458568573,
1.0015854835510254,
1.0010560750961304,
1.0004591941833496,
0.9998027682304382,
0.9992033839225769,
0.9985879063606262,
0.9980419874191284,
0.9974132776260376,
0.996909499168396,
0.9962841868400574,
0.9955982565879822,
0.9950300455093384,
0.9944700002670288,
0.9937419891357422,
0.9931042194366455,
0.9924708008766174,
0.9917786121368408,
0.9911591410636902,
0.9904833436012268,
0.9897844195365906,
0.9891137480735779,
0.9883900284767151,
0.9876889586448669,
0.9870222210884094,
0.9862728714942932,
0.9856236577033997,
0.9849531650543213,
0.984219491481781,
0.9835455417633057,
0.9828100800514221,
0.982048749923706,
0.9813348650932312,
0.9805600047111511,
0.9798085689544678,
0.978967010974884,
0.9783422350883484,
0.9775580763816833,
0.9768127799034119,
0.9760075807571411,
0.9751471281051636,
0.9743990302085876,
0.973683774471283,
0.9728835821151733,
0.9720777273178101,
0.9712669849395752,
0.9704127311706543,
0.9695793390274048,
0.9686741232872009,
0.9678331613540649,
0.9670231342315674,
0.9661375880241394,
0.9652726650238037,
0.9645670056343079,
0.9636595249176025,
0.9627082347869873,
0.9619210958480835,
0.9610138535499573,
0.9602081179618835,
0.959385097026825,
0.958511233329773,
0.9577429294586182,
0.9567890167236328,
0.9559734463691711,
0.9550748467445374,
0.9541084170341492,
0.9532548189163208,
0.952355682849884,
0.9514741897583008,
0.9506533145904541,
0.9498045444488525,
0.9489560723304749,
0.9480169415473938,
0.9471256732940674,
0.9462011456489563,
0.945156991481781,
0.9441081881523132,
0.9432153105735779,
0.9422760009765625,
0.9414560794830322,
0.9406051635742188,
0.939556360244751,
0.938636839389801,
0.9377203583717346,
0.9366894960403442,
0.935660719871521,
0.9347216486930847,
0.9337990880012512,
0.9328294992446899,
0.9318947792053223,
0.9309288859367371,
0.9298606514930725,
0.9288272261619568,
0.9278466701507568,
0.9267072677612305,
0.9257497787475586,
0.9248484969139099,
0.9237457513809204,
0.9227489233016968,
0.9217594265937805,
0.9207823872566223,
0.9196743965148926,
0.918582558631897,
0.9175431728363037,
0.9164209365844727,
0.9154796600341797,
0.9143825769424438,
0.9133747220039368,
0.9123174548149109,
0.9111958742141724,
0.9102272987365723,
0.9090774059295654,
0.9080570936203003,
0.9070082306861877,
0.9059921503067017,
0.9047911763191223,
0.9035819172859192,
0.9025400876998901,
0.9014061689376831,
0.9002331495285034,
0.899070680141449,
0.8980051875114441,
0.8968612551689148,
0.8958147764205933,
0.8946989178657532,
0.8935356736183167,
0.8924620151519775,
0.8913264870643616,
0.8901503086090088,
0.8890511393547058,
0.8879651427268982,
0.8867862224578857,
0.8857799768447876,
0.8846424221992493,
0.8834954500198364,
0.8824717998504639,
0.8816196918487549,
0.8806074857711792,
0.8806074857711792,
0.8806074857711792,
0.0,
0.0,
0.0,
0.0,
0.0,
0.0,
0.0,
0.0,
0.0,
0.0,
0.0,
0.0,
0.0,
0.0,
0.0,
0.0,
0.0,
0.0,
0.0,
0.0,
0.0,
0.0,
0.0,
0.0,
0.0,
0.0,
0.0,
0.0,
0.0,
0.0,
0.0,
0.0,
0.0,
0.0,
0.0,
0.0,
0.0,
0.0,
0.0,
0.0,
0.0,
0.0,
0.0,
0.0,
0.0,
0.0,
0.0,
0.0,
0.0,
0.0,
0.0,
0.0,
0.0,
0.0,
0.0,
0.0,
0.0,
0.0,
0.0,
0.0,
0.0,
0.0,
0.0,
0.0,
0.0,
0.0,
0.0,
0.0,
0.0,
0.0,
0.0,
0.0,
0.0,
0.0,
0.0,
0.0,
0.0,
0.0,
0.0,
0.0,
0.0,
0.0,
0.0,
0.0,
0.0,
0.0,
0.0,
0.0,
0.0,
0.0,
0.0,
0.0,
0.0,
0.0,
0.0,
0.0,
0.0,
0.0,
0.0,
0.0,
0.0,
0.0,
0.0,
0.0,
0.0,
0.0,
0.0,
0.0,
0.0,
0.0,
0.0,
0.0,
0.0,
0.0,
0.0,
0.0,
0.0,
0.0,
0.0,
0.0,
0.0,
0.0,
0.0,
0.0,
0.0,
0.0,
0.0,
0.0,
0.0,
0.0,
0.0,
0.0,
0.0,
0.0,
0.0,
0.0,
0.0,
0.0,
0.0,
0.0,
0.0,
0.0,
0.0,
0.0,
0.0,
0.0,
0.0,
0.0,
0.0,
0.0,
0.0,
0.0,
0.0,
0.0,
0.0,
0.0,
0.0,
0.0,
0.0,
0.0,
0.0,
0.0,
0.0,
0.0,
0.0,
0.0,
0.0,
0.0,
0.0,
0.0,
0.0,
0.0,
0.0,
0.0,
0.0,
0.0,
0.0,
0.0,
0.0,
0.0,
0.0,
0.0,
0.0,
0.0,
0.0,
0.0,
0.0,
0.0,
0.0,
0.0,
0.0,
0.0,
0.0,
0.0,
0.0,
0.0,
0.0,
0.0,
0.0,
0.0,
0.0,
0.0,
0.0,
0.0,
0.0,
0.0,
0.0,
0.0,
0.0,
0.0,
0.0,
0.0,
0.0,
0.0,
0.0,
0.0,
0.0,
0.0,
0.0,
0.0,
0.0,
0.0,
0.0,
0.0,
0.0,
0.0,
0.0,
0.0,
0.0,
0.0,
0.0,
0.0,
0.0,
0.0,
0.0,
0.0,
0.0,
0.0,
0.0,
0.0,
0.0,
0.0,
0.0,
0.0,
0.0,
0.0,
0.0,
0.0,
0.0,
0.0,
0.0,
0.0,
0.0,
0.0,
0.0,
0.0,
0.0,
0.0,
0.0,
0.0,
0.0,
0.0,
0.0,
0.0,
0.0,
0.0,
0.0,
0.0,
0.0,
0.0,
0.0,
0.0,
0.0,
0.0,
0.0,
0.0,
0.0,
0.0,
0.0,
0.0,
0.0,
0.0,
0.0,
0.0,
0.0,
0.0,
0.0,
0.0,
0.0,
0.0,
0.0,
0.0,
0.0,
0.0,
0.0,
0.0,
0.0,
0.0,
0.0,
0.0,
0.0,
0.0,
0.0,
0.0,
0.0,
0.0,
0.0,
0.0,
0.0,
0.0,
0.0,
0.0,
0.0,
0.0,
0.0,
0.0,
0.0,
0.0,
0.0,
0.0,
0.0,
0.0,
0.0,
0.0,
0.0,
0.0,
0.0,
0.0,
0.0,
0.0,
0.0,
0.0,
0.0,
0.0,
0.0,
0.0,
0.0,
0.0,
0.0,
0.0,
0.0,
0.0,
0.0,
0.0,
0.0,
0.0,
0.0,
0.0,
0.0,
0.0,
0.0,
0.0,
0.0,
0.0,
0.0,
0.0,
0.0,
0.0,
0.0,
0.0,
0.0,
0.0,
0.0,
0.0,
0.0,
0.0,
0.0,
0.0,
0.0,
0.0,
0.0,
0.0,
0.0,
0.0,
0.0,
0.0,
0.0,
0.0,
0.0,
0.0,
0.0,
0.0,
0.0,
0.0,
0.0,
0.0,
0.0,
0.0,
0.0,
0.0,
0.0,
0.0,
0.0,
0.0,
0.0,
0.0,
0.0,
0.0,
0.0,
0.0,
0.0,
0.0,
0.0,
0.0,
0.0,
0.0,
0.0,
0.0,
0.0,
0.0,
0.0,
0.0,
0.0,
0.0,
0.0,
0.0,
0.0,
0.0,
0.0,
0.0,
0.0,
0.0,
0.0,
0.0,
0.0,
0.0,
0.0,
0.0,
0.0,
0.0,
0.0,
0.0,
0.0,
0.0,
0.0,
0.0,
0.0,
0.0,
0.0,
0.0,
0.0,
0.0,
0.0,
0.0,
0.0,
0.0,
0.0,
0.0,
0.0,
0.0,
0.0,
0.0,
0.0,
0.0,
0.0,
0.0,
0.0,
0.0,
0.0,
0.0,
0.0,
0.0,
0.0,
0.0,
0.0,
0.0,
0.0,
0.0,
0.0,
0.0,
0.0,
0.0,
0.0,
0.0,
0.0,
0.0,
0.0,
0.0,
0.0,
0.0,
0.0,
0.0,
0.0,
0.0,
0.0,
0.0,
0.0,
0.0,
0.0,
0.0,
0.0,
0.0,
0.0,
0.0,
0.0,
0.0,
0.0,
0.0,
0.0,
0.0,
0.0,
0.0,
0.0,
0.0,
0.0,
0.0,
0.0,
0.0,
0.0,
0.0,
0.0,
0.0,
0.0,
0.0,
0.0,
0.0,
0.0,
0.0,
0.0,
0.0,
0.0,
0.0,
0.0,
0.0,
0.0,
0.0,
0.0,
0.0,
0.0,
0.0,
0.0,
0.0,
0.0,
0.0,
0.0,
0.0,
0.0,
0.0,
0.0,
0.0,
0.0,
0.0,
0.0,
0.0,
0.0,
0.0,
0.0,
0.0,
0.0,
0.0,
0.0,
0.0,
0.0,
0.0,
0.0,
0.0,
0.0,
0.0,
0.0,
0.0,
0.0,
0.0,
0.0,
0.0,
0.0,
0.0,
0.0,
0.0,
0.0,
0.0,
0.0,
0.0,
0.0,
0.0,
0.0,
0.0,
0.0,
0.0,
0.0,
0.0,
0.0,
0.0,
0.0,
0.0,
0.0,
0.0,
0.0,
0.0,
0.0,
0.0,
0.0,
0.0,
0.0,
0.0,
0.0,
0.0,
0.0,
0.0,
0.0,
0.0,
0.0,
0.0,
0.0,
0.0,
0.0,
0.0,
0.0,
0.0,
0.0,
0.0,
0.0,
0.0,
0.0,
0.0,
0.0,
0.0,
0.0,
0.0,
0.0,
0.0,
0.0,
0.0,
0.0,
0.0,
0.0,
0.0,
0.0,
0.0,
0.0,
0.0,
0.0,
0.0,
0.0,
0.0,
0.0,
0.0,
0.0,
0.0,
0.0,
0.0,
0.0,
0.0,
0.0,
0.0,
0.0,
0.0,
0.0,
0.0,
0.0,
0.0,
0.0,
0.0,
0.0,
0.0,
0.0,
0.0,
0.0,
0.0,
0.0,
0.0,
0.0,
0.0,
0.0,
0.0,
0.0,
0.0,
0.0,
0.0,
0.0,
0.0,
0.0,
0.0,
0.0,
0.0,
0.0,
0.0,
0.0,
0.0,
0.0,
0.0,
0.0,
0.0,
0.0,
0.0,
0.0,
0.0,
0.0,
0.0,
0.0,
0.0,
0.0,
0.0,
0.0,
0.0,
0.0,
0.0,
0.0,
0.0,
0.0,
0.0,
0.0,
0.0,
0.0,
0.0,
0.0,
0.0,
0.0,
0.0,
0.0,
0.0,
0.0,
0.0,
0.0,
0.0,
0.0,
0.0,
0.0,
0.0,
0.0,
0.0,
0.0,
0.0,
0.0,
0.0,
0.0,
0.0,
0.0,
0.0,
0.0,
0.0,
0.0,
0.0,
0.0,
0.0,
0.0,
0.0,
0.0,
0.0,
0.0,
0.0,
0.0,
0.0,
0.0,
0.0,
0.0,
0.0,
0.0,
0.0,
0.0,
0.0,
0.0,
0.0,
0.0,
0.0,
0.0,
0.0,
0.0,
0.0,
0.0,
0.0,
0.0,
0.0,
0.0,
0.0,
0.0,
0.0,
0.0,
0.0,
0.0,
0.0,
0.0,
0.0,
0.0,
0.0,
0.0,
0.0,
0.0,
0.0,
0.0,
0.0,
0.0,
0.0,
0.0,
0.0,
0.0,
0.0,
0.0,
0.0,
0.0,
0.0,
0.0,
0.0,
0.0,
0.0,
0.0,
0.0,
0.0,
0.0,
0.0,
0.0,
0.0,
0.0,
0.0,
0.0,
0.0,
0.0,
0.0,
0.0,
0.0,
0.0,
0.0,
0.0,
0.0,
0.0,
0.0,
0.0,
0.0,
0.0,
0.0,
0.0,
0.0,
0.0,
0.0,
0.0,
0.0,
0.0,
0.0,
0.0,
0.0,
0.0,
0.0,
0.0,
0.0,
0.0,
0.0,
0.0,
0.0,
0.0,
0.0,
0.0,
0.0,
0.0,
0.0,
0.0,
0.0,
0.0,
0.0,
0.0,
0.0,
0.0,
0.0,
0.0,
0.0,
0.0,
0.0,
0.0,
0.0,
0.0,
0.0,
0.0,
0.0,
0.0,
0.0,
0.0,
0.0,
0.0,
0.0,
0.0,
0.0,
0.0,
0.0,
0.0,
0.0,
0.0,
0.0,
0.0,
0.0,
0.0,
0.0,
0.0,
0.0,
0.0,
0.0,
0.0,
0.0,
0.0,
0.0,
0.0,
0.0,
0.0,
0.0,
0.0,
0.0,
0.0,
0.0,
0.0,
0.0,
0.0,
0.0,
0.0,
0.0,
0.0,
0.0,
0.0,
0.0,
0.0,
0.0,
0.0,
0.0,
0.0,
0.0,
0.0,
0.0,
0.0,
0.0,
0.0,
0.0,
0.0,
0.0,
0.0,
0.0,
0.0,
0.0,
0.0,
0.0,
0.0,
0.0,
0.0,
0.0,
0.0,
0.0,
0.0,
0.0,
0.0,
0.0,
0.0,
0.0,
0.0,
0.0,
0.0,
0.0,
0.0,
0.0,
0.0,
0.0,
0.0,
0.0,
0.0,
0.0,
0.0,
0.0,
0.0,
0.0,
0.0,
0.0,
0.0,
0.0,
0.0,
0.0,
0.0,
0.0,
0.0,
0.0,
0.0,
0.0,
0.0,
0.0,
0.0,
0.0,
0.0,
0.0,
0.0,
0.0,
0.0,
0.0,
0.0,
0.0,
0.0,
0.0,
0.0,
0.0,
0.0,
0.0,
0.0,
0.0,
0.0,
0.0,
0.0,
0.0,
0.0,
0.0,
0.0,
0.0,
0.0,
0.0,
0.0,
0.0,
0.0,
0.0,
0.0,
0.0,
0.0,
0.0,
0.0,
0.0,
0.0,
0.0,
0.0,
0.0,
0.0,
0.0,
0.0,
0.0,
0.0,
0.0,
0.0,
0.0,
0.0,
0.0,
0.0,
0.0,
0.0,
0.0,
0.0,
0.0,
0.0,
0.0,
0.0,
0.0,
0.0,
0.0,
0.0,
0.0,
0.0,
0.0,
0.0,
0.0,
0.0,
0.0,
0.0,
0.0,
0.0,
0.0,
0.0,
0.0,
0.0,
0.0,
0.0,
0.0,
0.0,
0.0,
0.0,
0.0,
0.0,
0.0,
0.0,
0.0,
0.0,
0.0,
0.0,
0.0,
0.0,
0.0,
0.0,
0.0,
0.0,
0.0,
0.0,
0.0,
0.0,
0.0,
0.0,
0.0,
0.0,
0.0,
0.0,
0.0,
0.0,
0.0,
0.0,
0.0,
0.0,
0.0,
0.0,
0.0,
0.0,
0.0,
0.0,
0.0,
0.0,
0.0,
0.0,
0.0,
0.0,
0.0,
0.0,
0.0,
0.0,
0.0,
0.0,
0.0,
0.0,
0.0,
0.0,
0.0,
0.0,
0.0,
0.0,
0.0,
0.0,
0.0,
0.0,
0.0,
0.0,
0.0,
0.0,
0.0,
0.0,
0.0,
0.0,
0.0,
0.0,
0.0,
0.0,
0.0,
0.0,
0.0,
0.0,
0.0,
0.0,
0.0,
0.0,
0.0,
0.0,
0.0,
0.0,
0.0,
0.0,
0.0,
0.0,
0.0,
0.0,
0.0,
0.0,
0.0,
0.0,
0.0,
0.0,
0.0,
0.0,
0.0,
0.0,
0.0,
0.0,
0.0,
0.0,
0.0,
0.0,
0.0,
0.0,
0.0,
0.0,
0.0,
0.0,
0.0,
0.0,
0.0,
0.0,
0.0,
0.0,
0.0,
0.0,
0.0,
0.0,
0.0,
0.0,
0.0,
0.0,
0.0,
0.0,
0.0,
0.0,
0.0,
0.0,
0.0,
0.0,
0.0,
0.0,
0.0,
0.0,
0.0,
0.0,
0.0,
0.0,
0.0,
0.0,
0.0,
0.0,
0.0,
0.0,
0.0,
0.0,
0.0,
0.0,
0.0,
0.0,
0.0,
0.0,
0.0,
0.0,
0.0,
0.0,
0.0,
0.0,
0.0,
0.0,
0.0,
0.0,
0.0,
0.0,
0.0,
0.0,
0.0,
0.0,
0.0,
0.0,
0.0,
0.0,
0.0,
0.0,
0.0,
0.0,
0.0,
0.0,
0.0,
0.0,
0.0,
0.0,
0.0,
0.0,
0.0,
0.0,
0.0,
0.0,
0.0,
0.0,
0.0,
0.0,
0.0,
0.0,
0.0,
0.0,
0.0,
0.0,
0.0,
0.0,
0.0,
