1.0491925477981567,
1.0505218505859375,
1.0514335632324219,
1.052061915397644,
1.052554965019226,
1.0528345108032227,
1.0532102584838867,
1.0534476041793823,
1.0535351037979126,
1.0537621974945068,
1.0537956953048706,
1.0538734197616577,
1.053911805152893,
1.0539535284042358,
1.0540270805358887,
1.0542842149734497,
1.05429208278656,
1.054287314414978,
1.0543779134750366,
1.0544195175170898,
1.0544652938842773,
1.0544289350509644,
1.0545192956924438,
1.0545109510421753,
1.0545746088027954,
1.0544939041137695,
1.054567813873291,
1.054575800895691,
1.054638147354126,
1.0547055006027222,
1.0547970533370972,
1.0548135042190552,
1.0548580884933472,
1.0548266172409058,
1.0548409223556519,
1.0548272132873535,
1.0547889471054077,
1.0547168254852295,
1.0547045469284058,
1.0547144412994385,
1.0546718835830688,
1.0548151731491089,
1.0547258853912354,
1.0546941757202148,
1.054742693901062,
1.0546813011169434,
1.0547012090682983,
1.0548315048217773,
1.054831624031067,
1.0547820329666138,
1.054795742034912,
1.0547614097595215,
1.0548690557479858,
1.054858684539795,
1.05483078956604,
1.054811954498291,
1.0548151731491089,
1.0548838376998901,
1.0548779964447021,
1.0547879934310913,
1.0548073053359985,
1.0547599792480469,
1.054715633392334,
1.0547577142715454,
1.0547622442245483,
1.0547162294387817,
1.0546703338623047,
1.054640293121338,
1.0546050071716309,
1.0545936822891235,
1.0545512437820435,
1.0545412302017212,
1.0545518398284912,
1.054541826248169,
1.0545953512191772,
1.0545735359191895,
1.0545361042022705,
1.0546170473098755,
1.0544859170913696,
1.0544507503509521,
1.054403305053711,
1.0543909072875977,
1.054363489151001,
1.0543577671051025,
1.0543123483657837,
1.0543478727340698,
1.0542869567871094,
1.0543310642242432,
1.0544140338897705,
1.0545096397399902,
1.0545196533203125,
1.0545170307159424,
1.0544490814208984,
1.0544164180755615,
1.0543383359909058,
1.0542786121368408,
1.0541858673095703,
1.0541613101959229,
1.054107427597046,
1.0541530847549438,
1.0540828704833984,
1.054049015045166,
1.053993821144104,
1.0539641380310059,
1.053954839706421,
1.0539695024490356,
1.053908109664917,
1.0538662672042847,
1.053884744644165,
1.053910732269287,
1.053873062133789,
1.0538133382797241,
1.0539262294769287,
1.0538891553878784,
1.0538859367370605,
1.053948998451233,
1.0538700819015503,
1.0538378953933716,
1.053850531578064,
1.0538285970687866,
1.0538235902786255,
1.05386483669281,
1.053893804550171,
1.0539262294769287,
1.0539120435714722,
1.053838849067688,
1.0537983179092407,
1.0537711381912231,
1.0536826848983765,
1.0536534786224365,
1.0536034107208252,
1.0535478591918945,
1.0534793138504028,
1.05342435836792,
1.0533695220947266,
1.0533415079116821,
1.0533124208450317,
1.05324125289917,
1.0531301498413086,
1.053165316581726,
1.0530906915664673,
1.0530918836593628,
1.0530765056610107,
1.0529855489730835,
1.0529627799987793,
1.053043007850647,
1.0531209707260132,
1.0531119108200073,
1.0530954599380493,
1.053073525428772,
1.0530656576156616,
1.0529370307922363,
1.052932620048523,
1.0529659986495972,
1.052897572517395,
1.0528734922409058,
1.0528297424316406,
1.052781343460083,
1.052689790725708,
1.0527088642120361,
1.0526630878448486,
1.0526622533798218,
1.0525518655776978,
1.0525174140930176,
1.0524096488952637,
1.0523653030395508,
1.0523477792739868,
1.0522868633270264,
1.052263617515564,
1.0522167682647705,
1.0521395206451416,
1.05206298828125,
1.0520738363265991,
1.0520669221878052,
1.0520751476287842,
1.0520877838134766,
1.0521284341812134,
1.0520814657211304,
1.0521050691604614,
1.0521037578582764,
1.0520451068878174,
1.0519888401031494,
1.051928997039795,
1.0519620180130005,
1.051958680152893,
1.0519177913665771,
1.0519341230392456,
1.05182945728302,
1.0517889261245728,
1.0517290830612183,
1.0517734289169312,
1.0516176223754883,
1.051620364189148,
1.05158531665802,
1.0515607595443726,
1.0515388250350952,
1.0514241456985474,
1.0513728857040405,
1.0513120889663696,
1.0512487888336182,
1.0511335134506226,
1.0510764122009277,
1.0510711669921875,
1.050974726676941,
1.0508331060409546,
1.0508002042770386,
1.0508222579956055,
1.0509684085845947,
1.0508841276168823,
1.0508463382720947,
1.0508443117141724,
1.0508482456207275,
1.0507392883300781,
1.050708293914795,
1.0507298707962036,
1.0507489442825317,
1.0507601499557495,
1.0507558584213257,
1.0505897998809814,
1.0505818128585815,
1.0505263805389404,
1.0504992008209229,
1.0504635572433472,
1.0504769086837769,
1.0504564046859741,
1.0503969192504883,
1.050336241722107,
1.0503119230270386,
1.0503093004226685,
1.0502976179122925,
1.0501935482025146,
1.050193428993225,
1.0500980615615845,
1.050127387046814,
1.0501002073287964,
1.0499757528305054,
1.0498783588409424,
1.0498780012130737,
1.0498467683792114,
1.0498450994491577,
1.0498168468475342,
1.0497174263000488,
1.0496314764022827,
1.0496509075164795,
1.0495563745498657,
1.049538016319275,
1.0495206117630005,
1.0494638681411743,
1.0493698120117188,
1.0493186712265015,
1.0493396520614624,
1.0492664575576782,
1.049257516860962,
1.049198031425476,
1.0491361618041992,
1.0490937232971191,
1.049142837524414,
1.0490802526474,
1.0490041971206665,
1.0489972829818726,
1.0489484071731567,
1.0488152503967285,
1.048795461654663,
1.0487388372421265,
1.048672080039978,
1.0486352443695068,
1.048559546470642,
1.0485329627990723,
1.0484546422958374,
1.0484668016433716,
1.048356056213379,
1.0483745336532593,
1.048264741897583,
1.0483033657073975,
1.048222303390503,
1.0481877326965332,
1.048149824142456,
1.0480797290802002,
1.0480557680130005,
1.0479482412338257,
1.0479342937469482,
1.0478743314743042,
1.047831416130066,
1.0477389097213745,
1.0475269556045532,
1.0475964546203613,
1.0475605726242065,
1.0474985837936401,
1.0475270748138428,
1.0474739074707031,
1.0474016666412354,
1.0473588705062866,
1.0473240613937378,
1.0472813844680786,
1.0472078323364258,
1.0471376180648804,
1.0471031665802002,
1.0469701290130615,
1.0469285249710083,
1.0468417406082153,
1.0467569828033447,
1.0467451810836792,
1.0465953350067139,
1.0466036796569824,
1.0465009212493896,
1.0464142560958862,
1.0464484691619873,
1.0464818477630615,
1.0464328527450562,
1.046370029449463,
1.0462605953216553,
1.0461868047714233,
1.046139121055603,
1.0461187362670898,
1.0460671186447144,
1.0460160970687866,
1.0459089279174805,
1.0459496974945068,
1.045814037322998,
1.0456945896148682,
1.045669674873352,
1.0455397367477417,
1.0455185174942017,
1.0453885793685913,
1.0453691482543945,
1.0453121662139893,
1.0453194379806519,
1.0452147722244263,
1.045158863067627,
1.0450903177261353,
1.0450708866119385,
1.0449650287628174,
1.044873833656311,
1.0447423458099365,
1.0447160005569458,
1.0447272062301636,
1.0446351766586304,
1.0445343255996704,
1.0445045232772827,
1.0444380044937134,
1.0443803071975708,
1.0443156957626343,
1.044263482093811,
1.0441594123840332,
1.0441789627075195,
1.0441253185272217,
1.0440673828125,
1.044021487236023,
1.0440133810043335,
1.043917179107666,
1.0438122749328613,
1.043786883354187,
1.043694257736206,
1.0435835123062134,
1.0435062646865845,
1.0434117317199707,
1.0433577299118042,
1.0432591438293457,
1.043199896812439,
1.0431771278381348,
1.043031930923462,
1.0429258346557617,
1.0429307222366333,
1.0428261756896973,
1.0427732467651367,
1.0426987409591675,
1.04263174533844,
1.0425620079040527,
1.0424504280090332,
1.0423647165298462,
1.0423119068145752,
1.0422334671020508,
1.0421799421310425,
1.0420559644699097,
1.0420293807983398,
1.0419920682907104,
1.0419000387191772,
1.0418963432312012,
1.0418819189071655,
1.0418299436569214,
1.0417561531066895,
1.0417189598083496,
1.041640281677246,
1.0416123867034912,
1.0415467023849487,
1.0414029359817505,
1.0413172245025635,
1.0412919521331787,
1.0412360429763794,
1.0411791801452637,
1.0411123037338257,
1.041022539138794,
1.0410010814666748,
1.0408973693847656,
1.0408135652542114,
1.0406955480575562,
1.0406360626220703,
1.0406159162521362,
1.0405787229537964,
1.040441870689392,
1.0403852462768555,
1.040274977684021,
1.0401673316955566,
1.0401155948638916,
1.040087342262268,
1.0400761365890503,
1.0399690866470337,
1.0398808717727661,
1.039831280708313,
1.039717435836792,
1.0396541357040405,
1.0395971536636353,
1.0395089387893677,
1.0394638776779175,
1.0393610000610352,
1.0392440557479858,
1.039135217666626,
1.039036750793457,
1.0390058755874634,
1.038936734199524,
1.0388453006744385,
1.0387194156646729,
1.038629412651062,
1.0386072397232056,
1.038491129875183,
1.0383890867233276,
1.0383139848709106,
1.0382105112075806,
1.0381306409835815,
1.038103699684143,
1.0379772186279297,
1.037958025932312,
1.03778076171875,
1.0377475023269653,
1.0376458168029785,
1.037594199180603,
1.0374544858932495,
1.0374525785446167,
1.037298321723938,
1.0372081995010376,
1.0371094942092896,
1.0370333194732666,
1.0369467735290527,
1.0369082689285278,
1.0367811918258667,
1.036666750907898,
1.0366133451461792,
1.0365660190582275,
1.0364264249801636,
1.036354660987854,
1.0362251996994019,
1.036124348640442,
1.0360476970672607,
1.0359476804733276,
1.0358502864837646,
1.0357019901275635,
1.0356528759002686,
1.0355767011642456,
1.0354779958724976,
1.0353419780731201,
1.0352073907852173,
1.035107970237732,
1.0349794626235962,
1.0348072052001953,
1.0346546173095703,
1.034536361694336,
1.034441351890564,
1.0343432426452637,
1.034202218055725,
1.0342296361923218,
1.0341469049453735,
1.0341339111328125,
1.034031629562378,
1.0339107513427734,
1.0338331460952759,
1.0337562561035156,
1.033658504486084,
1.033530354499817,
1.033376932144165,
1.0333151817321777,
1.0331873893737793,
1.0330694913864136,
1.032946228981018,
1.0328712463378906,
1.0327403545379639,
1.0326316356658936,
1.0325391292572021,
1.032454252243042,
1.032379150390625,
1.0322613716125488,
1.0320767164230347,
1.0320091247558594,
1.0318790674209595,
1.0317593812942505,
1.031569004058838,
1.0314440727233887,
1.0313785076141357,
1.0312399864196777,
1.0310640335083008,
1.030953049659729,
1.030775785446167,
1.0307139158248901,
1.0305311679840088,
1.030433177947998,
1.030385971069336,
1.0301542282104492,
1.0300862789154053,
1.0299299955368042,
1.02985417842865,
1.0296766757965088,
1.029530644416809,
1.0294283628463745,
1.0292668342590332,
1.0291974544525146,
1.0290154218673706,
1.028855800628662,
1.0286489725112915,
1.0284885168075562,
1.0283704996109009,
1.0282224416732788,
1.028056025505066,
1.0279085636138916,
1.0277856588363647,
1.0276074409484863,
1.0274244546890259,
1.0272040367126465,
1.0270742177963257,
1.0267993211746216,
1.0266348123550415,
1.0264476537704468,
1.0262186527252197,
1.0260800123214722,
1.0258712768554688,
1.0257065296173096,
1.0255264043807983,
1.0253874063491821,
1.0252783298492432,
1.0251461267471313,
1.0249462127685547,
1.0247842073440552,
1.0247398614883423,
1.024570107460022,
1.024408221244812,
1.0242078304290771,
1.024070143699646,
1.0238643884658813,
1.023655652999878,
1.0235525369644165,
1.023324966430664,
1.0232123136520386,
1.0229864120483398,
1.022833228111267,
1.0225844383239746,
1.0223443508148193,
1.0221315622329712,
1.0219097137451172,
1.0217477083206177,
1.021438479423523,
1.0212701559066772,
1.02102792263031,
1.0208306312561035,
1.0206106901168823,
1.0203624963760376,
1.020164966583252,
1.019922137260437,
1.0196832418441772,
1.0194693803787231,
1.0191988945007324,
1.0189725160598755,
1.0187915563583374,
1.0185548067092896,
1.0183042287826538,
1.018057107925415,
1.017789363861084,
1.017557144165039,
1.017332673072815,
1.0171265602111816,
1.0168949365615845,
1.0167280435562134,
1.0164967775344849,
1.0162893533706665,
1.0160282850265503,
1.015830397605896,
1.0155689716339111,
1.0153182744979858,
1.0150437355041504,
1.0148091316223145,
1.0145020484924316,
1.0143239498138428,
1.0141173601150513,
1.0138131380081177,
1.0135928392410278,
1.0133265256881714,
1.0130010843276978,
1.0127922296524048,
1.0125057697296143,
1.0122305154800415,
1.0118751525878906,
1.0116416215896606,
1.0112626552581787,
1.010958194732666,
1.0106143951416016,
1.0103293657302856,
1.0100750923156738,
1.009804368019104,
1.009509801864624,
1.0091283321380615,
1.008859395980835,
1.0085259675979614,
1.0081515312194824,
1.007830262184143,
1.0074869394302368,
1.0071463584899902,
1.006784200668335,
1.0064650774002075,
1.0060979127883911,
1.0058399438858032,
1.0054773092269897,
1.0050441026687622,
1.0047119855880737,
1.0042821168899536,
1.0038901567459106,
1.0035320520401,
1.0031225681304932,
1.0027283430099487,
1.0023380517959595,
1.0019335746765137,
1.0015393495559692,
1.0010703802108765,
1.0006935596466064,
1.0003067255020142,
0.9999350905418396,
0.9995185136795044,
0.9990883469581604,
0.9987430572509766,
0.9982507228851318,
0.9977933168411255,
0.9973706007003784,
0.9968502521514893,
0.9964480400085449,
0.9960584044456482,
0.9955661296844482,
0.9952381253242493,
0.9948123693466187,
0.9944448471069336,
0.9939742088317871,
0.993483304977417,
0.9930416941642761,
0.9925634264945984,
0.9920766949653625,
0.9917259812355042,
0.9912568926811218,
0.99077969789505,
0.9902818202972412,
0.9898348450660706,
0.9893614053726196,
0.9888514280319214,
0.9883561730384827,
0.9878896474838257,
0.9872627258300781,
0.986903727054596,
0.9863802790641785,
0.9858921766281128,
0.9853319525718689,
0.9847705960273743,
0.9843587279319763,
0.9838537573814392,
0.9832226634025574,
0.9827004671096802,
0.9822242259979248,
0.9816278219223022,
0.9811591506004333,
0.9806225895881653,
0.980148196220398,
0.979573130607605,
0.979034960269928,
0.978469729423523,
0.9779492616653442,
0.9774103760719299,
0.9768726229667664,
0.9762676358222961,
0.9757189154624939,
0.9751091599464417,
0.9744663238525391,
0.9738370180130005,
0.9732375144958496,
0.9726307988166809,
0.9719674587249756,
0.9713969230651855,
0.9707334637641907,
0.9700844883918762,
0.9694122076034546,
0.9687789678573608,
0.9680598974227905,
0.9673671722412109,
0.9666593670845032,
0.965993344783783,
0.9653782844543457,
0.9646500945091248,
0.9639601111412048,
0.9632185101509094,
0.9624843001365662,
0.9617206454277039,
0.9610154032707214,
0.960283100605011,
0.9596390724182129,
0.9588267207145691,
0.9580925703048706,
0.9572694897651672,
0.9564249515533447,
0.9556605219841003,
0.9548351168632507,
0.9541220664978027,
0.9533066153526306,
0.9524561762809753,
0.9516138434410095,
0.9507492184638977,
0.94990473985672,
0.9489516615867615,
0.9481686353683472,
0.9472288489341736,
0.9464471936225891,
0.9455974102020264,
0.9446431398391724,
0.9438698887825012,
0.9428296089172363,
0.9418361186981201,
0.9409335255622864,
0.9400113821029663,
0.939022421836853,
0.938044548034668,
0.9371287822723389,
0.9361560940742493,
0.93513023853302,
0.9341317415237427,
0.9331715703010559,
0.9322033524513245,
0.9311931729316711,
0.930134117603302,
0.929161787033081,
0.9281667470932007,
0.927114725112915,
0.9261617064476013,
0.9250404238700867,
0.9238985776901245,
0.9229304790496826,
0.9218843579292297,
0.9209259152412415,
0.9197856783866882,
0.9187601208686829,
0.917712390422821,
0.9165951609611511,
0.915459156036377,
0.9144009351730347,
0.9133263826370239,
0.912249743938446,
0.9111653566360474,
0.910122275352478,
0.909064769744873,
0.9079594612121582,
0.9068775773048401,
0.9058533310890198,
0.9047266244888306,
0.9036583304405212,
0.9025557637214661,
0.9014281630516052,
0.9002983570098877,
0.8991905450820923,
0.8980457186698914,
0.8969455361366272,
0.8957916498184204,
0.8947672247886658,
0.8935880064964294,
0.8925261497497559,
0.8913851380348206,
0.8902141451835632,
0.8892244696617126,
0.8881303071975708,
0.8868791460990906,
0.8858720064163208,
0.8846859931945801,
0.8834952116012573,
0.8825138211250305,
0.8815414905548096,
0.8806232810020447,
0.8806232810020447,
0.8806232810020447,
0.0,
0.0,
0.0,
0.0,
0.0,
0.0,
0.0,
0.0,
0.0,
0.0,
0.0,
0.0,
0.0,
0.0,
0.0,
0.0,
0.0,
0.0,
0.0,
0.0,
0.0,
0.0,
0.0,
0.0,
0.0,
0.0,
0.0,
0.0,
0.0,
0.0,
0.0,
0.0,
0.0,
0.0,
0.0,
0.0,
0.0,
0.0,
0.0,
0.0,
0.0,
0.0,
0.0,
0.0,
0.0,
0.0,
0.0,
0.0,
0.0,
0.0,
0.0,
0.0,
0.0,
0.0,
0.0,
0.0,
0.0,
0.0,
0.0,
0.0,
0.0,
0.0,
0.0,
0.0,
0.0,
0.0,
0.0,
0.0,
0.0,
0.0,
0.0,
0.0,
0.0,
0.0,
0.0,
0.0,
0.0,
0.0,
0.0,
0.0,
0.0,
0.0,
0.0,
0.0,
0.0,
0.0,
0.0,
0.0,
0.0,
0.0,
0.0,
0.0,
0.0,
0.0,
0.0,
0.0,
0.0,
0.0,
0.0,
0.0,
0.0,
0.0,
0.0,
0.0,
0.0,
0.0,
0.0,
0.0,
0.0,
0.0,
0.0,
0.0,
0.0,
0.0,
0.0,
0.0,
0.0,
0.0,
0.0,
0.0,
0.0,
0.0,
0.0,
0.0,
0.0,
0.0,
0.0,
0.0,
0.0,
0.0,
0.0,
0.0,
0.0,
0.0,
0.0,
0.0,
0.0,
0.0,
0.0,
0.0,
0.0,
0.0,
0.0,
0.0,
0.0,
0.0,
0.0,
0.0,
0.0,
0.0,
0.0,
0.0,
0.0,
0.0,
0.0,
0.0,
0.0,
0.0,
0.0,
0.0,
0.0,
0.0,
0.0,
0.0,
0.0,
0.0,
0.0,
0.0,
0.0,
0.0,
0.0,
0.0,
0.0,
0.0,
0.0,
0.0,
0.0,
0.0,
0.0,
0.0,
0.0,
0.0,
0.0,
0.0,
0.0,
0.0,
0.0,
0.0,
0.0,
0.0,
0.0,
0.0,
0.0,
0.0,
0.0,
0.0,
0.0,
0.0,
0.0,
0.0,
0.0,
0.0,
0.0,
0.0,
0.0,
0.0,
0.0,
0.0,
0.0,
0.0,
0.0,
0.0,
0.0,
0.0,
0.0,
0.0,
0.0,
0.0,
0.0,
0.0,
0.0,
0.0,
0.0,
0.0,
0.0,
0.0,
0.0,
0.0,
0.0,
0.0,
0.0,
0.0,
0.0,
0.0,
0.0,
0.0,
0.0,
0.0,
0.0,
0.0,
0.0,
0.0,
0.0,
0.0,
0.0,
0.0,
0.0,
0.0,
0.0,
0.0,
0.0,
0.0,
0.0,
0.0,
0.0,
0.0,
0.0,
0.0,
0.0,
0.0,
0.0,
0.0,
0.0,
0.0,
0.0,
0.0,
0.0,
0.0,
0.0,
0.0,
0.0,
0.0,
0.0,
0.0,
0.0,
0.0,
0.0,
0.0,
0.0,
0.0,
0.0,
0.0,
0.0,
0.0,
0.0,
0.0,
0.0,
0.0,
0.0,
0.0,
0.0,
0.0,
0.0,
0.0,
0.0,
0.0,
0.0,
0.0,
0.0,
0.0,
0.0,
0.0,
0.0,
0.0,
0.0,
0.0,
0.0,
0.0,
0.0,
0.0,
0.0,
0.0,
0.0,
0.0,
0.0,
0.0,
0.0,
0.0,
0.0,
0.0,
0.0,
0.0,
0.0,
0.0,
0.0,
0.0,
0.0,
0.0,
0.0,
0.0,
0.0,
0.0,
0.0,
0.0,
0.0,
0.0,
0.0,
0.0,
0.0,
0.0,
0.0,
0.0,
0.0,
0.0,
0.0,
0.0,
0.0,
0.0,
0.0,
0.0,
0.0,
0.0,
0.0,
0.0,
0.0,
0.0,
0.0,
0.0,
0.0,
0.0,
0.0,
0.0,
0.0,
0.0,
0.0,
0.0,
0.0,
0.0,
0.0,
0.0,
0.0,
0.0,
0.0,
0.0,
0.0,
0.0,
0.0,
0.0,
0.0,
0.0,
0.0,
0.0,
0.0,
0.0,
0.0,
0.0,
0.0,
0.0,
0.0,
0.0,
0.0,
0.0,
0.0,
0.0,
0.0,
0.0,
0.0,
0.0,
0.0,
0.0,
0.0,
0.0,
0.0,
0.0,
0.0,
0.0,
0.0,
0.0,
0.0,
0.0,
0.0,
0.0,
0.0,
0.0,
0.0,
0.0,
0.0,
0.0,
0.0,
0.0,
0.0,
0.0,
0.0,
0.0,
0.0,
0.0,
0.0,
0.0,
0.0,
0.0,
0.0,
0.0,
0.0,
0.0,
0.0,
0.0,
0.0,
0.0,
0.0,
0.0,
0.0,
0.0,
0.0,
0.0,
0.0,
0.0,
0.0,
0.0,
0.0,
0.0,
0.0,
0.0,
0.0,
0.0,
0.0,
0.0,
0.0,
0.0,
0.0,
0.0,
0.0,
0.0,
0.0,
0.0,
0.0,
0.0,
0.0,
0.0,
0.0,
0.0,
0.0,
0.0,
0.0,
0.0,
0.0,
0.0,
0.0,
0.0,
0.0,
0.0,
0.0,
0.0,
0.0,
0.0,
0.0,
0.0,
0.0,
0.0,
0.0,
0.0,
0.0,
0.0,
0.0,
0.0,
0.0,
0.0,
0.0,
0.0,
0.0,
0.0,
0.0,
0.0,
0.0,
0.0,
0.0,
0.0,
0.0,
0.0,
0.0,
0.0,
0.0,
0.0,
0.0,
0.0,
0.0,
0.0,
0.0,
0.0,
0.0,
0.0,
0.0,
0.0,
0.0,
0.0,
0.0,
0.0,
0.0,
0.0,
0.0,
0.0,
0.0,
0.0,
0.0,
0.0,
0.0,
0.0,
0.0,
0.0,
0.0,
0.0,
0.0,
0.0,
0.0,
0.0,
0.0,
0.0,
0.0,
0.0,
0.0,
0.0,
0.0,
0.0,
0.0,
0.0,
0.0,
0.0,
0.0,
0.0,
0.0,
0.0,
0.0,
0.0,
0.0,
0.0,
0.0,
0.0,
0.0,
0.0,
0.0,
0.0,
0.0,
0.0,
0.0,
0.0,
0.0,
0.0,
0.0,
0.0,
0.0,
0.0,
0.0,
0.0,
0.0,
0.0,
0.0,
0.0,
0.0,
0.0,
0.0,
0.0,
0.0,
0.0,
0.0,
0.0,
0.0,
0.0,
0.0,
0.0,
0.0,
0.0,
0.0,
0.0,
0.0,
0.0,
0.0,
0.0,
0.0,
0.0,
0.0,
0.0,
0.0,
0.0,
0.0,
0.0,
0.0,
0.0,
0.0,
0.0,
0.0,
0.0,
0.0,
0.0,
0.0,
0.0,
0.0,
0.0,
0.0,
0.0,
0.0,
0.0,
0.0,
0.0,
0.0,
0.0,
0.0,
0.0,
0.0,
0.0,
0.0,
0.0,
0.0,
0.0,
0.0,
0.0,
0.0,
0.0,
0.0,
0.0,
0.0,
0.0,
0.0,
0.0,
0.0,
0.0,
0.0,
0.0,
0.0,
0.0,
0.0,
0.0,
0.0,
0.0,
0.0,
0.0,
0.0,
0.0,
0.0,
0.0,
0.0,
0.0,
0.0,
0.0,
0.0,
0.0,
0.0,
0.0,
0.0,
0.0,
0.0,
0.0,
0.0,
0.0,
0.0,
0.0,
0.0,
0.0,
0.0,
0.0,
0.0,
0.0,
0.0,
0.0,
0.0,
0.0,
0.0,
0.0,
0.0,
0.0,
0.0,
0.0,
0.0,
0.0,
0.0,
0.0,
0.0,
0.0,
0.0,
0.0,
0.0,
0.0,
0.0,
0.0,
0.0,
0.0,
0.0,
0.0,
0.0,
0.0,
0.0,
0.0,
0.0,
0.0,
0.0,
0.0,
0.0,
0.0,
0.0,
0.0,
0.0,
0.0,
0.0,
0.0,
0.0,
0.0,
0.0,
0.0,
0.0,
0.0,
0.0,
0.0,
0.0,
0.0,
0.0,
0.0,
0.0,
0.0,
0.0,
0.0,
0.0,
0.0,
0.0,
0.0,
0.0,
0.0,
0.0,
0.0,
0.0,
0.0,
0.0,
0.0,
0.0,
0.0,
0.0,
0.0,
0.0,
0.0,
0.0,
0.0,
0.0,
0.0,
0.0,
0.0,
0.0,
0.0,
0.0,
0.0,
0.0,
0.0,
0.0,
0.0,
0.0,
0.0,
0.0,
0.0,
0.0,
0.0,
0.0,
0.0,
0.0,
0.0,
0.0,
0.0,
0.0,
0.0,
0.0,
0.0,
0.0,
0.0,
0.0,
0.0,
0.0,
0.0,
0.0,
0.0,
0.0,
0.0,
0.0,
0.0,
0.0,
0.0,
0.0,
0.0,
0.0,
0.0,
0.0,
0.0,
0.0,
0.0,
0.0,
0.0,
0.0,
0.0,
0.0,
0.0,
0.0,
0.0,
0.0,
0.0,
0.0,
0.0,
0.0,
0.0,
0.0,
0.0,
0.0,
0.0,
0.0,
0.0,
0.0,
0.0,
0.0,
0.0,
0.0,
0.0,
0.0,
0.0,
0.0,
0.0,
0.0,
0.0,
0.0,
0.0,
0.0,
0.0,
0.0,
0.0,
0.0,
0.0,
0.0,
0.0,
0.0,
0.0,
0.0,
0.0,
0.0,
0.0,
0.0,
0.0,
0.0,
0.0,
0.0,
0.0,
0.0,
0.0,
0.0,
0.0,
0.0,
0.0,
0.0,
0.0,
0.0,
0.0,
0.0,
0.0,
0.0,
0.0,
0.0,
0.0,
0.0,
0.0,
0.0,
0.0,
0.0,
0.0,
0.0,
0.0,
0.0,
0.0,
0.0,
0.0,
0.0,
0.0,
0.0,
0.0,
0.0,
0.0,
0.0,
0.0,
0.0,
0.0,
0.0,
0.0,
0.0,
0.0,
0.0,
0.0,
0.0,
0.0,
0.0,
0.0,
0.0,
0.0,
0.0,
0.0,
0.0,
0.0,
0.0,
0.0,
0.0,
0.0,
0.0,
0.0,
0.0,
0.0,
0.0,
0.0,
0.0,
0.0,
0.0,
0.0,
0.0,
0.0,
0.0,
0.0,
0.0,
0.0,
0.0,
0.0,
0.0,
0.0,
0.0,
0.0,
0.0,
0.0,
0.0,
0.0,
0.0,
0.0,
0.0,
0.0,
0.0,
0.0,
0.0,
0.0,
0.0,
0.0,
0.0,
0.0,
0.0,
0.0,
0.0,
0.0,
0.0,
0.0,
0.0,
0.0,
0.0,
0.0,
0.0,
0.0,
0.0,
0.0,
0.0,
0.0,
0.0,
0.0,
0.0,
0.0,
0.0,
0.0,
0.0,
0.0,
0.0,
0.0,
0.0,
0.0,
0.0,
0.0,
0.0,
0.0,
0.0,
0.0,
0.0,
0.0,
0.0,
0.0,
0.0,
0.0,
0.0,
0.0,
0.0,
0.0,
0.0,
0.0,
0.0,
0.0,
0.0,
0.0,
0.0,
0.0,
0.0,
0.0,
0.0,
0.0,
0.0,
0.0,
0.0,
0.0,
0.0,
0.0,
0.0,
0.0,
0.0,
0.0,
0.0,
0.0,
0.0,
0.0,
0.0,
0.0,
0.0,
0.0,
0.0,
0.0,
0.0,
0.0,
0.0,
0.0,
0.0,
0.0,
0.0,
0.0,
0.0,
0.0,
0.0,
0.0,
0.0,
0.0,
0.0,
0.0,
0.0,
0.0,
0.0,
0.0,
0.0,
0.0,
0.0,
0.0,
0.0,
0.0,
0.0,
0.0,
0.0,
0.0,
0.0,
0.0,
0.0,
0.0,
0.0,
0.0,
0.0,
0.0,
0.0,
0.0,
0.0,
0.0,
0.0,
0.0,
0.0,
0.0,
0.0,
0.0,
0.0,
0.0,
0.0,
0.0,
0.0,
0.0,
0.0,
0.0,
0.0,
0.0,
0.0,
0.0,
0.0,
0.0,
0.0,
0.0,
0.0,
0.0,
0.0,
0.0,
0.0,
0.0,
0.0,
0.0,
0.0,
0.0,
0.0,
0.0,
0.0,
0.0,
0.0,
0.0,
0.0,
0.0,
0.0,
0.0,
0.0,
0.0,
0.0,
0.0,
0.0,
0.0,
0.0,
0.0,
0.0,
0.0,
0.0,
0.0,
0.0,
0.0,
0.0,
0.0,
0.0,
0.0,
0.0,
0.0,
0.0,
0.0,
0.0,
0.0,
0.0,
0.0,
0.0,
0.0,
0.0,
0.0,
0.0,
0.0,
0.0,
0.0,
0.0,
0.0,
0.0,
0.0,
0.0,
0.0,
0.0,
0.0,
0.0,
0.0,
0.0,
0.0,
0.0,
0.0,
0.0,
0.0,
0.0,
0.0,
0.0,
0.0,
0.0,
0.0,
0.0,
0.0,
0.0,
0.0,
0.0,
0.0,
0.0,
0.0,
0.0,
0.0,
0.0,
0.0,
0.0,
0.0,
0.0,
0.0,
0.0,
0.0,
0.0,
0.0,
0.0,
0.0,
0.0,
0.0,
0.0,
0.0,
0.0,
0.0,
0.0,
0.0,
0.0,
0.0,
0.0,
0.0,
0.0,
0.0,
0.0,
0.0,
0.0,
0.0,
0.0,
0.0,
0.0,
0.0,
0.0,
0.0,
0.0,
0.0,
0.0,
0.0,
0.0,
0.0,
0.0,
0.0,
0.0,
0.0,
0.0,
0.0,
0.0,
0.0,
0.0,
0.0,
0.0,
0.0,
0.0,
0.0,
0.0,
0.0,
0.0,
0.0,
0.0,
0.0,
0.0,
0.0,
0.0,
0.0,
0.0,
0.0,
0.0,
0.0,
0.0,
0.0,
0.0,
0.0,
0.0,
0.0,
0.0,
0.0,
0.0,
0.0,
0.0,
0.0,
0.0,
0.0,
0.0,
0.0,
0.0,
0.0,
0.0,
0.0,
0.0,
0.0,
0.0,
0.0,
0.0,
0.0,
0.0,
0.0,
0.0,
0.0,
0.0,
0.0,
0.0,
0.0,
0.0,
0.0,
0.0,
0.0,
0.0,
0.0,
0.0,
0.0,
0.0,
0.0,
0.0,
0.0,
0.0,
0.0,
0.0,
0.0,
0.0,
0.0,
0.0,
0.0,
0.0,
0.0,
0.0,
0.0,
0.0,
0.0,
0.0,
0.0,
0.0,
0.0,
0.0,
0.0,
0.0,
0.0,
0.0,
0.0,
0.0,
0.0,
0.0,
0.0,
0.0,
0.0,
0.0,
0.0,
0.0,
0.0,
0.0,
0.0,
0.0,
0.0,
0.0,
0.0,
0.0,
0.0,
0.0,
0.0,
0.0,
0.0,
0.0,
0.0,
0.0,
0.0,
0.0,
0.0,
0.0,
0.0,
0.0,
0.0,
0.0,
0.0,
0.0,
0.0,
0.0,
0.0,
0.0,
0.0,
0.0,
0.0,
0.0,
0.0,
0.0,
0.0,
0.0,
0.0,
0.0,
0.0,
0.0,
0.0,
0.0,
0.0,
0.0,
0.0,
0.0,
0.0,
0.0,
0.0,
0.0,
0.0,
0.0,
0.0,
0.0,
0.0,
0.0,
0.0,
0.0,
0.0,
0.0,
0.0,
0.0,
0.0,
0.0,
0.0,
0.0,
0.0,
0.0,
0.0,
0.0,
0.0,
0.0,
0.0,
0.0,
0.0,
0.0,
0.0,
0.0,
0.0,
0.0,
0.0,
0.0,
0.0,
0.0,
0.0,
0.0,
0.0,
0.0,
0.0,
0.0,
0.0,
0.0,
0.0,
0.0,
0.0,
0.0,
0.0,
0.0,
0.0,
0.0,
0.0,
0.0,
0.0,
0.0,
0.0,
0.0,
0.0,
0.0,
0.0,
0.0,
0.0,
0.0,
0.0,
0.0,
0.0,
0.0,
0.0,
0.0,
0.0,
0.0,
0.0,
0.0,
0.0,
0.0,
0.0,
0.0,
0.0,
0.0,
0.0,
0.0,
0.0,
0.0,
0.0,
0.0,
0.0,
0.0,
0.0,
0.0,
0.0,
0.0,
0.0,
0.0,
0.0,
0.0,
0.0,
0.0,
0.0,
0.0,
0.0,
0.0,
0.0,
0.0,
0.0,
0.0,
0.0,
0.0,
0.0,
0.0,
0.0,
0.0,
0.0,
0.0,
0.0,
0.0,
0.0,
0.0,
0.0,
0.0,
0.0,
0.0,
0.0,
0.0,
