1.0686372518539429,
1.0697200298309326,
1.0703322887420654,
1.0708879232406616,
1.071440577507019,
1.0719105005264282,
1.0722347497940063,
1.0723798274993896,
1.0725997686386108,
1.0727483034133911,
1.072914719581604,
1.0730319023132324,
1.0731918811798096,
1.0732587575912476,
1.0733363628387451,
1.073357105255127,
1.0734670162200928,
1.0735101699829102,
1.0735816955566406,
1.0736459493637085,
1.0736700296401978,
1.073760747909546,
1.0737297534942627,
1.0737383365631104,
1.0736898183822632,
1.0737404823303223,
1.0737040042877197,
1.073718786239624,
1.0737838745117188,
1.0737870931625366,
1.073718786239624,
1.0738677978515625,
1.0738905668258667,
1.0738812685012817,
1.0738070011138916,
1.0739048719406128,
1.0738422870635986,
1.0738418102264404,
1.073875069618225,
1.073748230934143,
1.073787808418274,
1.0737521648406982,
1.0736297369003296,
1.0736455917358398,
1.0735809803009033,
1.0737046003341675,
1.0737427473068237,
1.0737069845199585,
1.0737379789352417,
1.0737377405166626,
1.0737625360488892,
1.0737580060958862,
1.0737398862838745,
1.0738171339035034,
1.0737923383712769,
1.0737663507461548,
1.0737369060516357,
1.0737496614456177,
1.0737273693084717,
1.0736759901046753,
1.0736547708511353,
1.0736474990844727,
1.0735678672790527,
1.0735582113265991,
1.0735944509506226,
1.0735456943511963,
1.0736042261123657,
1.0735257863998413,
1.0734622478485107,
1.073383092880249,
1.0733436346054077,
1.073422908782959,
1.073346734046936,
1.0733665227890015,
1.0733497142791748,
1.073229193687439,
1.0732372999191284,
1.0732342004776,
1.0732394456863403,
1.0733267068862915,
1.0733106136322021,
1.0732415914535522,
1.0732605457305908,
1.0731587409973145,
1.0732762813568115,
1.0732334852218628,
1.0733410120010376,
1.0732488632202148,
1.0732157230377197,
1.0731234550476074,
1.0730558633804321,
1.073048710823059,
1.0730071067810059,
1.07297945022583,
1.0729598999023438,
1.0729079246520996,
1.072849154472351,
1.0729072093963623,
1.0729247331619263,
1.0729284286499023,
1.0728989839553833,
1.0727746486663818,
1.0727529525756836,
1.0727273225784302,
1.0727381706237793,
1.0726566314697266,
1.0726333856582642,
1.0727051496505737,
1.0727547407150269,
1.0727041959762573,
1.0727049112319946,
1.072723627090454,
1.0726560354232788,
1.0726959705352783,
1.0727041959762573,
1.072777271270752,
1.0727297067642212,
1.0727355480194092,
1.0727940797805786,
1.0727990865707397,
1.0727466344833374,
1.0726842880249023,
1.0725715160369873,
1.07257080078125,
1.0725877285003662,
1.0725443363189697,
1.0724902153015137,
1.0723849534988403,
1.0723223686218262,
1.072274923324585,
1.072260856628418,
1.0722030401229858,
1.0721473693847656,
1.072121262550354,
1.0721111297607422,
1.0720127820968628,
1.072060465812683,
1.0719084739685059,
1.0720090866088867,
1.0720692873001099,
1.0720367431640625,
1.0720864534378052,
1.0721378326416016,
1.07211172580719,
1.0720654726028442,
1.0719939470291138,
1.0720826387405396,
1.072014570236206,
1.0720031261444092,
1.0719666481018066,
1.0719521045684814,
1.0719256401062012,
1.0719542503356934,
1.071860432624817,
1.0719058513641357,
1.071779727935791,
1.0716971158981323,
1.071641445159912,
1.071578025817871,
1.0715184211730957,
1.071451187133789,
1.0714155435562134,
1.0714421272277832,
1.0713385343551636,
1.0713833570480347,
1.0713796615600586,
1.0713202953338623,
1.0713655948638916,
1.0714548826217651,
1.0714447498321533,
1.0714693069458008,
1.0714805126190186,
1.0714111328125,
1.07144296169281,
1.0714523792266846,
1.0713545083999634,
1.0713000297546387,
1.0713664293289185,
1.0713425874710083,
1.071304202079773,
1.071234107017517,
1.071225881576538,
1.0712143182754517,
1.0711857080459595,
1.0712100267410278,
1.0711265802383423,
1.071062445640564,
1.070963740348816,
1.0710275173187256,
1.0709460973739624,
1.0708746910095215,
1.070742130279541,
1.0706547498703003,
1.0706630945205688,
1.0706000328063965,
1.070552945137024,
1.0705022811889648,
1.070600986480713,
1.0706309080123901,
1.070590615272522,
1.0706123113632202,
1.0706195831298828,
1.0705839395523071,
1.0705090761184692,
1.0705103874206543,
1.070537805557251,
1.0705578327178955,
1.0705410242080688,
1.0705041885375977,
1.0703835487365723,
1.0703762769699097,
1.0703036785125732,
1.0703437328338623,
1.0703164339065552,
1.070277452468872,
1.0702733993530273,
1.0702311992645264,
1.070237159729004,
1.0702475309371948,
1.0701754093170166,
1.0701560974121094,
1.0701700448989868,
1.0701487064361572,
1.0701029300689697,
1.0700808763504028,
1.070025086402893,
1.0699635744094849,
1.0699639320373535,
1.0699797868728638,
1.0699245929718018,
1.0699145793914795,
1.0698590278625488,
1.069861650466919,
1.0697895288467407,
1.0697579383850098,
1.069739818572998,
1.069753646850586,
1.069686770439148,
1.069654941558838,
1.0696519613265991,
1.0695394277572632,
1.0695387125015259,
1.0694959163665771,
1.0694143772125244,
1.0694265365600586,
1.0694376230239868,
1.0694152116775513,
1.0694191455841064,
1.069344162940979,
1.0692883729934692,
1.0692417621612549,
1.069186806678772,
1.0691628456115723,
1.069167971611023,
1.0691291093826294,
1.069063425064087,
1.0690093040466309,
1.0690075159072876,
1.0689338445663452,
1.068861722946167,
1.0688520669937134,
1.0688220262527466,
1.0687748193740845,
1.0687832832336426,
1.0687836408615112,
1.0687075853347778,
1.0686880350112915,
1.0686620473861694,
1.0685619115829468,
1.0684674978256226,
1.0685265064239502,
1.0684857368469238,
1.0683072805404663,
1.068347454071045,
1.068434476852417,
1.0683642625808716,
1.0683667659759521,
1.0683181285858154,
1.0682096481323242,
1.068126916885376,
1.068178653717041,
1.0681489706039429,
1.0681554079055786,
1.0680384635925293,
1.0679134130477905,
1.0678774118423462,
1.0678175687789917,
1.0678273439407349,
1.0678189992904663,
1.067743182182312,
1.0677108764648438,
1.0676699876785278,
1.067591905593872,
1.067597508430481,
1.0675584077835083,
1.0674928426742554,
1.0674421787261963,
1.067408800125122,
1.0674880743026733,
1.0673812627792358,
1.0673184394836426,
1.0672584772109985,
1.0672863721847534,
1.0673140287399292,
1.0671640634536743,
1.0671052932739258,
1.0670021772384644,
1.0670063495635986,
1.0669759511947632,
1.0669454336166382,
1.0669101476669312,
1.0669206380844116,
1.0668063163757324,
1.0667635202407837,
1.066697120666504,
1.0666732788085938,
1.0665664672851562,
1.0666056871414185,
1.0665054321289062,
1.0665054321289062,
1.0664478540420532,
1.0663923025131226,
1.0663877725601196,
1.0663974285125732,
1.0663213729858398,
1.0663288831710815,
1.0662785768508911,
1.0661875009536743,
1.0661749839782715,
1.0661888122558594,
1.066105842590332,
1.0660691261291504,
1.066063404083252,
1.0660027265548706,
1.0659806728363037,
1.06596839427948,
1.0658996105194092,
1.065869927406311,
1.0658308267593384,
1.0657610893249512,
1.0657111406326294,
1.0656638145446777,
1.0656379461288452,
1.0655964612960815,
1.0656193494796753,
1.065455436706543,
1.0654178857803345,
1.0653961896896362,
1.0652920007705688,
1.0652583837509155,
1.0652897357940674,
1.0651885271072388,
1.0651113986968994,
1.0650376081466675,
1.0650237798690796,
1.0650182962417603,
1.0648930072784424,
1.0649055242538452,
1.0648976564407349,
1.0648835897445679,
1.064939022064209,
1.0648572444915771,
1.064906120300293,
1.0648090839385986,
1.0648822784423828,
1.0647377967834473,
1.0646817684173584,
1.0646504163742065,
1.0645982027053833,
1.0645428895950317,
1.0645740032196045,
1.0644867420196533,
1.0645214319229126,
1.064494013786316,
1.0644402503967285,
1.0643671751022339,
1.0643656253814697,
1.0643419027328491,
1.0642584562301636,
1.0642865896224976,
1.0642175674438477,
1.064200758934021,
1.0640661716461182,
1.063988208770752,
1.063914179801941,
1.0639357566833496,
1.0639053583145142,
1.063876986503601,
1.063826084136963,
1.063814401626587,
1.0637142658233643,
1.0637189149856567,
1.0636112689971924,
1.0635740756988525,
1.0635420083999634,
1.0634578466415405,
1.0633535385131836,
1.063320517539978,
1.063247561454773,
1.063277006149292,
1.063200831413269,
1.063217043876648,
1.0630697011947632,
1.063118577003479,
1.0629962682724,
1.0628986358642578,
1.0629409551620483,
1.0629055500030518,
1.0628149509429932,
1.0627696514129639,
1.0627654790878296,
1.0627517700195312,
1.0626704692840576,
1.0626240968704224,
1.0625468492507935,
1.0624958276748657,
1.0624679327011108,
1.0624111890792847,
1.0623973608016968,
1.0623713731765747,
1.0623342990875244,
1.0621951818466187,
1.0621567964553833,
1.0621167421340942,
1.062127947807312,
1.0620648860931396,
1.0620102882385254,
1.0619958639144897,
1.061848521232605,
1.0618740320205688,
1.0617661476135254,
1.0615947246551514,
1.0616511106491089,
1.0616145133972168,
1.061525583267212,
1.0614304542541504,
1.0614171028137207,
1.061368703842163,
1.061300277709961,
1.0612248182296753,
1.0611851215362549,
1.0611131191253662,
1.0609456300735474,
1.0609411001205444,
1.0608654022216797,
1.060719609260559,
1.0607256889343262,
1.0607401132583618,
1.0607432126998901,
1.0607383251190186,
1.0607047080993652,
1.0606310367584229,
1.0606545209884644,
1.0605837106704712,
1.0606088638305664,
1.060524821281433,
1.060417652130127,
1.0604273080825806,
1.060375690460205,
1.0603059530258179,
1.06034517288208,
1.0602376461029053,
1.0601505041122437,
1.0600345134735107,
1.0600658655166626,
1.059952974319458,
1.059914469718933,
1.059847354888916,
1.0597928762435913,
1.0597143173217773,
1.059692621231079,
1.0596104860305786,
1.0595462322235107,
1.0594629049301147,
1.0594664812088013,
1.0593715906143188,
1.0592939853668213,
1.0592154264450073,
1.0591588020324707,
1.059075117111206,
1.0590846538543701,
1.0590054988861084,
1.0589699745178223,
1.05893075466156,
1.0588961839675903,
1.0587888956069946,
1.0586880445480347,
1.0586230754852295,
1.058528184890747,
1.0585405826568604,
1.0583897829055786,
1.058297038078308,
1.0582175254821777,
1.0581293106079102,
1.0580804347991943,
1.0580449104309082,
1.0579562187194824,
1.0577927827835083,
1.0577867031097412,
1.057699203491211,
1.0575934648513794,
1.0575251579284668,
1.057395577430725,
1.057323694229126,
1.0571986436843872,
1.0571472644805908,
1.0570399761199951,
1.0569411516189575,
1.0568511486053467,
1.0567480325698853,
1.0567553043365479,
1.0566564798355103,
1.056662678718567,
1.0566706657409668,
1.0567158460617065,
1.0566787719726562,
1.0566110610961914,
1.0565645694732666,
1.0564934015274048,
1.0563994646072388,
1.0563358068466187,
1.0563349723815918,
1.0562056303024292,
1.0561261177062988,
1.0560004711151123,
1.0558881759643555,
1.0558403730392456,
1.0557465553283691,
1.0556797981262207,
1.0556005239486694,
1.0554699897766113,
1.055515170097351,
1.0553754568099976,
1.0552693605422974,
1.0551393032073975,
1.0550791025161743,
1.0550134181976318,
1.054896354675293,
1.054780125617981,
1.0546554327011108,
1.0545964241027832,
1.054550051689148,
1.054479718208313,
1.0544300079345703,
1.0543688535690308,
1.0543321371078491,
1.0542861223220825,
1.054226279258728,
1.0540798902511597,
1.0540790557861328,
1.0540392398834229,
1.053993821144104,
1.054010272026062,
1.0539350509643555,
1.0538359880447388,
1.0537246465682983,
1.053684115409851,
1.05364990234375,
1.0535564422607422,
1.05350661277771,
1.0534203052520752,
1.0533756017684937,
1.0532640218734741,
1.0532128810882568,
1.0531646013259888,
1.0530744791030884,
1.0530354976654053,
1.0529645681381226,
1.052831768989563,
1.0526734590530396,
1.0526444911956787,
1.052474021911621,
1.0524828433990479,
1.052391529083252,
1.052380084991455,
1.0523217916488647,
1.0521479845046997,
1.0520896911621094,
1.0520427227020264,
1.051929235458374,
1.0518404245376587,
1.0517206192016602,
1.0516891479492188,
1.051603078842163,
1.0515027046203613,
1.051474928855896,
1.051398515701294,
1.0512858629226685,
1.0511250495910645,
1.051044225692749,
1.0509763956069946,
1.050889253616333,
1.0507330894470215,
1.0505874156951904,
1.050564169883728,
1.0505428314208984,
1.0503931045532227,
1.0503629446029663,
1.0501915216445923,
1.0500879287719727,
1.0499820709228516,
1.0498543977737427,
1.0498526096343994,
1.0497069358825684,
1.0497123003005981,
1.049548625946045,
1.049471378326416,
1.0493443012237549,
1.0492218732833862,
1.0491294860839844,
1.0490211248397827,
1.0489224195480347,
1.0488873720169067,
1.048781156539917,
1.048690676689148,
1.0485728979110718,
1.0484387874603271,
1.0484068393707275,
1.0482656955718994,
1.0481312274932861,
1.0479786396026611,
1.0479851961135864,
1.0478250980377197,
1.0477688312530518,
1.04767644405365,
1.0476069450378418,
1.0474656820297241,
1.047287106513977,
1.0472074747085571,
1.047104001045227,
1.047050952911377,
1.046981692314148,
1.0468472242355347,
1.0466793775558472,
1.0465724468231201,
1.0465086698532104,
1.0463614463806152,
1.0462983846664429,
1.0461881160736084,
1.0460584163665771,
1.045986533164978,
1.0459237098693848,
1.0457937717437744,
1.0456916093826294,
1.045587420463562,
1.045474648475647,
1.0452967882156372,
1.0452295541763306,
1.0450515747070312,
1.04496431350708,
1.0448362827301025,
1.0447314977645874,
1.044569730758667,
1.0445201396942139,
1.0443522930145264,
1.0441974401474,
1.0439786911010742,
1.0438402891159058,
1.0436815023422241,
1.0436347723007202,
1.043475866317749,
1.0433692932128906,
1.043237328529358,
1.0431146621704102,
1.0430046319961548,
1.0428276062011719,
1.0427857637405396,
1.042609691619873,
1.0424593687057495,
1.0423423051834106,
1.0422052145004272,
1.0420600175857544,
1.0418426990509033,
1.041707158088684,
1.0416085720062256,
1.0414372682571411,
1.0412261486053467,
1.0411453247070312,
1.0409947633743286,
1.0408484935760498,
1.040771722793579,
1.0406278371810913,
1.0405082702636719,
1.0404216051101685,
1.0402500629425049,
1.0400291681289673,
1.0399632453918457,
1.0398035049438477,
1.0396369695663452,
1.0394816398620605,
1.039253830909729,
1.0390522480010986,
1.0388737916946411,
1.0387722253799438,
1.038572072982788,
1.0385067462921143,
1.0382760763168335,
1.038092017173767,
1.037900447845459,
1.0377355813980103,
1.0375149250030518,
1.0373119115829468,
1.037243127822876,
1.0370877981185913,
1.036960482597351,
1.0367560386657715,
1.0366078615188599,
1.0364584922790527,
1.036245346069336,
1.0360643863677979,
1.0358978509902954,
1.0357534885406494,
1.0355453491210938,
1.035361409187317,
1.0352716445922852,
1.0351442098617554,
1.0350196361541748,
1.0348302125930786,
1.0346492528915405,
1.0344516038894653,
1.034313440322876,
1.0341352224349976,
1.033861517906189,
1.033668041229248,
1.0334703922271729,
1.0333586931228638,
1.0331549644470215,
1.033005714416504,
1.0328099727630615,
1.0326164960861206,
1.0324257612228394,
1.0321661233901978,
1.0319780111312866,
1.0316764116287231,
1.0315194129943848,
1.0314260721206665,
1.0311492681503296,
1.0310256481170654,
1.0308160781860352,
1.030545711517334,
1.030391812324524,
1.0302207469940186,
1.0299746990203857,
1.0298526287078857,
1.0295674800872803,
1.0294148921966553,
1.0291556119918823,
1.028891682624817,
1.0286387205123901,
1.0285121202468872,
1.0282105207443237,
1.0279861688613892,
1.0277109146118164,
1.0274964570999146,
1.027177095413208,
1.0269641876220703,
1.0267270803451538,
1.0265235900878906,
1.0262020826339722,
1.025942087173462,
1.0257351398468018,
1.0254249572753906,
1.025178074836731,
1.02492094039917,
1.024649739265442,
1.0243240594863892,
1.0241072177886963,
1.023827075958252,
1.0234943628311157,
1.0233054161071777,
1.0229966640472412,
1.022767424583435,
1.022484302520752,
1.0221648216247559,
1.0218466520309448,
1.0215414762496948,
1.0212916135787964,
1.0210590362548828,
1.0207651853561401,
1.0204674005508423,
1.0201706886291504,
1.0198915004730225,
1.0196481943130493,
1.019400954246521,
1.019051432609558,
1.018740177154541,
1.0184049606323242,
1.0180678367614746,
1.0177671909332275,
1.0174916982650757,
1.0171233415603638,
1.016746997833252,
1.016372799873352,
1.0160189867019653,
1.0157324075698853,
1.0153225660324097,
1.0150234699249268,
1.0146735906600952,
1.0142847299575806,
1.013867735862732,
1.013526201248169,
1.0130940675735474,
1.0127019882202148,
1.012283205986023,
1.0119208097457886,
1.0115598440170288,
1.011169672012329,
1.0107669830322266,
1.010364294052124,
1.0099257230758667,
1.0095927715301514,
1.0091532468795776,
1.0087347030639648,
1.0082539319992065,
1.0078749656677246,
1.0074269771575928,
1.0069562196731567,
1.0065280199050903,
1.0060522556304932,
1.005589485168457,
1.005133867263794,
1.0047316551208496,
1.004214882850647,
1.0038092136383057,
1.0033472776412964,
1.0028311014175415,
1.0023127794265747,
1.0018784999847412,
1.0013670921325684,
1.000831961631775,
1.0002378225326538,
0.9997969269752502,
0.99921053647995,
0.9986738562583923,
0.9981303215026855,
0.9976551532745361,
0.9970823526382446,
0.9965086579322815,
0.9959411025047302,
0.9953404664993286,
0.99477618932724,
0.9941899180412292,
0.9935638904571533,
0.9929578304290771,
0.9923978447914124,
0.9917075634002686,
0.9910314679145813,
0.9904118180274963,
0.9897294640541077,
0.9890697002410889,
0.988426685333252,
0.9875950813293457,
0.9869245290756226,
0.9862000346183777,
0.9854599833488464,
0.9847521185874939,
0.9840683341026306,
0.9832743406295776,
0.9824888706207275,
0.9816756248474121,
0.9808963537216187,
0.9800581932067871,
0.9792360663414001,
0.9783861041069031,
0.9774674773216248,
0.9766711592674255,
0.9757616519927979,
0.9748607277870178,
0.9739738702774048,
0.9729793071746826,
0.972000777721405,
0.9710290431976318,
0.9700764417648315,
0.9690622091293335,
0.9679738283157349,
0.9669644236564636,
0.9660400152206421,
0.9649197459220886,
0.9638628363609314,
0.9627929925918579,
0.9618280529975891,
0.9605989456176758,
0.9595374464988708,
0.9584925174713135,
0.9572804570198059,
0.9562109112739563,
0.9549927115440369,
0.9538210034370422,
0.9526951909065247,
0.9515680074691772,
0.9504045248031616,
0.9491850733757019,
0.9479556679725647,
0.9467608332633972,
0.9454389810562134,
0.9441742300987244,
0.9429461359977722,
0.9416509866714478,
0.9403342008590698,
0.9389790296554565,
0.9376686811447144,
0.9363081455230713,
0.9349735975265503,
0.9335775375366211,
0.9321913123130798,
0.930797815322876,
0.9293966889381409,
0.927987813949585,
0.9265037775039673,
0.9251212477684021,
0.9236466288566589,
0.9221277832984924,
0.9206579327583313,
0.9191697835922241,
0.9177840948104858,
0.916298508644104,
0.914841890335083,
0.9131747484207153,
0.9116966724395752,
0.9101709723472595,
0.9086290001869202,
0.9070829749107361,
0.9055386781692505,
0.9039152264595032,
0.9023230075836182,
0.9008030891418457,
0.8992098569869995,
0.8976427912712097,
0.8959872126579285,
0.8945267796516418,
0.8929392099380493,
0.8912599682807922,
0.8896869421005249,
0.8881003856658936,
0.8864553570747375,
0.8848604559898376,
0.8833976984024048,
0.8819292783737183,
0.8804637789726257,
0.8804637789726257,
0.8804637789726257,
0.0,
0.0,
0.0,
0.0,
0.0,
0.0,
0.0,
0.0,
0.0,
0.0,
0.0,
0.0,
0.0,
0.0,
0.0,
0.0,
0.0,
0.0,
0.0,
0.0,
0.0,
0.0,
0.0,
0.0,
0.0,
0.0,
0.0,
0.0,
0.0,
0.0,
0.0,
0.0,
0.0,
0.0,
0.0,
0.0,
0.0,
0.0,
0.0,
0.0,
0.0,
0.0,
0.0,
0.0,
0.0,
0.0,
0.0,
0.0,
0.0,
0.0,
0.0,
0.0,
0.0,
0.0,
0.0,
0.0,
0.0,
0.0,
0.0,
0.0,
0.0,
0.0,
0.0,
0.0,
0.0,
0.0,
0.0,
0.0,
0.0,
0.0,
0.0,
0.0,
0.0,
0.0,
0.0,
0.0,
0.0,
0.0,
0.0,
0.0,
0.0,
0.0,
0.0,
0.0,
0.0,
0.0,
0.0,
0.0,
0.0,
0.0,
0.0,
0.0,
0.0,
0.0,
0.0,
0.0,
0.0,
0.0,
0.0,
0.0,
0.0,
0.0,
0.0,
0.0,
0.0,
0.0,
0.0,
0.0,
0.0,
0.0,
0.0,
0.0,
0.0,
0.0,
0.0,
0.0,
0.0,
0.0,
0.0,
0.0,
0.0,
0.0,
0.0,
0.0,
0.0,
0.0,
0.0,
0.0,
0.0,
0.0,
0.0,
0.0,
0.0,
0.0,
0.0,
0.0,
0.0,
0.0,
0.0,
0.0,
0.0,
0.0,
0.0,
0.0,
0.0,
0.0,
0.0,
0.0,
0.0,
0.0,
0.0,
0.0,
0.0,
0.0,
0.0,
0.0,
0.0,
0.0,
0.0,
0.0,
0.0,
0.0,
0.0,
0.0,
0.0,
0.0,
0.0,
0.0,
0.0,
0.0,
0.0,
0.0,
0.0,
0.0,
0.0,
0.0,
0.0,
0.0,
0.0,
0.0,
0.0,
0.0,
0.0,
0.0,
0.0,
0.0,
0.0,
0.0,
0.0,
0.0,
0.0,
0.0,
0.0,
0.0,
0.0,
0.0,
0.0,
0.0,
0.0,
0.0,
0.0,
0.0,
0.0,
0.0,
0.0,
0.0,
0.0,
0.0,
0.0,
0.0,
0.0,
0.0,
0.0,
0.0,
0.0,
0.0,
0.0,
0.0,
0.0,
0.0,
0.0,
0.0,
0.0,
0.0,
0.0,
0.0,
0.0,
0.0,
0.0,
0.0,
0.0,
0.0,
0.0,
0.0,
0.0,
0.0,
0.0,
0.0,
0.0,
0.0,
0.0,
0.0,
0.0,
0.0,
0.0,
0.0,
0.0,
0.0,
0.0,
0.0,
0.0,
0.0,
0.0,
0.0,
0.0,
0.0,
0.0,
0.0,
0.0,
0.0,
0.0,
0.0,
0.0,
0.0,
0.0,
0.0,
0.0,
0.0,
0.0,
0.0,
0.0,
0.0,
0.0,
0.0,
0.0,
0.0,
0.0,
0.0,
0.0,
0.0,
0.0,
0.0,
0.0,
0.0,
0.0,
0.0,
0.0,
0.0,
0.0,
0.0,
0.0,
0.0,
0.0,
0.0,
0.0,
0.0,
0.0,
0.0,
0.0,
0.0,
0.0,
0.0,
0.0,
0.0,
0.0,
0.0,
0.0,
0.0,
0.0,
0.0,
0.0,
0.0,
0.0,
0.0,
0.0,
0.0,
0.0,
0.0,
0.0,
0.0,
0.0,
0.0,
0.0,
0.0,
0.0,
0.0,
0.0,
0.0,
0.0,
0.0,
0.0,
0.0,
0.0,
0.0,
0.0,
0.0,
0.0,
0.0,
0.0,
0.0,
0.0,
0.0,
0.0,
0.0,
0.0,
0.0,
0.0,
0.0,
0.0,
0.0,
0.0,
0.0,
0.0,
0.0,
0.0,
0.0,
0.0,
0.0,
0.0,
0.0,
0.0,
0.0,
0.0,
0.0,
0.0,
0.0,
0.0,
0.0,
0.0,
0.0,
0.0,
0.0,
0.0,
0.0,
0.0,
0.0,
0.0,
0.0,
0.0,
0.0,
0.0,
0.0,
0.0,
0.0,
0.0,
0.0,
0.0,
0.0,
0.0,
0.0,
0.0,
0.0,
0.0,
0.0,
0.0,
0.0,
0.0,
0.0,
0.0,
0.0,
0.0,
0.0,
0.0,
0.0,
0.0,
0.0,
0.0,
0.0,
0.0,
0.0,
0.0,
0.0,
0.0,
0.0,
0.0,
0.0,
0.0,
0.0,
0.0,
0.0,
0.0,
0.0,
0.0,
0.0,
0.0,
0.0,
0.0,
0.0,
0.0,
0.0,
0.0,
0.0,
0.0,
0.0,
0.0,
0.0,
0.0,
0.0,
0.0,
0.0,
0.0,
0.0,
0.0,
0.0,
0.0,
0.0,
0.0,
0.0,
0.0,
0.0,
0.0,
0.0,
0.0,
0.0,
0.0,
0.0,
0.0,
0.0,
0.0,
0.0,
0.0,
0.0,
0.0,
0.0,
0.0,
0.0,
0.0,
0.0,
0.0,
0.0,
0.0,
0.0,
0.0,
0.0,
0.0,
0.0,
0.0,
0.0,
0.0,
0.0,
0.0,
0.0,
0.0,
0.0,
0.0,
0.0,
0.0,
0.0,
0.0,
0.0,
0.0,
0.0,
0.0,
0.0,
0.0,
0.0,
0.0,
0.0,
0.0,
0.0,
0.0,
0.0,
0.0,
0.0,
0.0,
0.0,
0.0,
0.0,
0.0,
0.0,
0.0,
0.0,
0.0,
0.0,
0.0,
0.0,
0.0,
0.0,
0.0,
0.0,
0.0,
0.0,
0.0,
0.0,
0.0,
0.0,
0.0,
0.0,
0.0,
0.0,
0.0,
0.0,
0.0,
0.0,
0.0,
0.0,
0.0,
0.0,
0.0,
0.0,
0.0,
0.0,
0.0,
0.0,
0.0,
0.0,
0.0,
0.0,
0.0,
0.0,
0.0,
0.0,
0.0,
0.0,
0.0,
0.0,
0.0,
0.0,
0.0,
0.0,
0.0,
0.0,
0.0,
0.0,
0.0,
0.0,
0.0,
0.0,
0.0,
0.0,
0.0,
0.0,
0.0,
0.0,
0.0,
0.0,
0.0,
0.0,
0.0,
0.0,
0.0,
0.0,
0.0,
0.0,
0.0,
0.0,
0.0,
0.0,
0.0,
0.0,
0.0,
0.0,
0.0,
0.0,
0.0,
0.0,
0.0,
0.0,
0.0,
0.0,
0.0,
0.0,
0.0,
0.0,
0.0,
0.0,
0.0,
0.0,
0.0,
0.0,
0.0,
0.0,
0.0,
0.0,
0.0,
0.0,
0.0,
0.0,
0.0,
0.0,
0.0,
0.0,
0.0,
0.0,
0.0,
0.0,
0.0,
0.0,
0.0,
0.0,
0.0,
0.0,
0.0,
0.0,
0.0,
0.0,
0.0,
0.0,
0.0,
0.0,
0.0,
0.0,
0.0,
0.0,
0.0,
0.0,
0.0,
0.0,
0.0,
0.0,
0.0,
0.0,
0.0,
0.0,
0.0,
0.0,
0.0,
0.0,
0.0,
0.0,
0.0,
0.0,
0.0,
0.0,
0.0,
0.0,
0.0,
0.0,
0.0,
0.0,
0.0,
0.0,
0.0,
0.0,
0.0,
0.0,
0.0,
0.0,
0.0,
0.0,
0.0,
0.0,
0.0,
0.0,
0.0,
0.0,
0.0,
0.0,
0.0,
0.0,
0.0,
0.0,
0.0,
0.0,
0.0,
0.0,
0.0,
0.0,
0.0,
0.0,
0.0,
0.0,
0.0,
0.0,
0.0,
0.0,
0.0,
0.0,
0.0,
0.0,
0.0,
0.0,
0.0,
0.0,
0.0,
0.0,
0.0,
0.0,
0.0,
0.0,
0.0,
0.0,
0.0,
0.0,
0.0,
0.0,
0.0,
0.0,
0.0,
0.0,
0.0,
0.0,
0.0,
0.0,
0.0,
0.0,
0.0,
0.0,
0.0,
0.0,
0.0,
0.0,
0.0,
0.0,
0.0,
0.0,
0.0,
0.0,
0.0,
0.0,
0.0,
0.0,
0.0,
0.0,
0.0,
0.0,
0.0,
0.0,
0.0,
0.0,
0.0,
0.0,
0.0,
0.0,
0.0,
0.0,
0.0,
0.0,
0.0,
0.0,
0.0,
0.0,
0.0,
0.0,
0.0,
0.0,
0.0,
0.0,
0.0,
0.0,
0.0,
0.0,
0.0,
0.0,
0.0,
0.0,
0.0,
0.0,
0.0,
0.0,
0.0,
0.0,
0.0,
0.0,
0.0,
0.0,
0.0,
0.0,
0.0,
0.0,
0.0,
0.0,
0.0,
0.0,
0.0,
0.0,
0.0,
0.0,
0.0,
0.0,
0.0,
0.0,
0.0,
0.0,
0.0,
0.0,
0.0,
0.0,
0.0,
0.0,
0.0,
0.0,
0.0,
0.0,
0.0,
0.0,
0.0,
0.0,
0.0,
0.0,
0.0,
0.0,
0.0,
0.0,
0.0,
0.0,
0.0,
0.0,
0.0,
0.0,
0.0,
0.0,
0.0,
0.0,
0.0,
0.0,
0.0,
0.0,
0.0,
0.0,
0.0,
0.0,
0.0,
0.0,
0.0,
0.0,
0.0,
0.0,
0.0,
0.0,
0.0,
0.0,
0.0,
0.0,
0.0,
0.0,
0.0,
0.0,
0.0,
0.0,
0.0,
0.0,
0.0,
0.0,
0.0,
0.0,
0.0,
0.0,
0.0,
0.0,
0.0,
0.0,
0.0,
0.0,
0.0,
0.0,
0.0,
0.0,
0.0,
0.0,
0.0,
0.0,
0.0,
0.0,
0.0,
0.0,
0.0,
0.0,
0.0,
0.0,
0.0,
0.0,
0.0,
0.0,
0.0,
0.0,
0.0,
0.0,
0.0,
0.0,
0.0,
0.0,
0.0,
0.0,
0.0,
0.0,
0.0,
0.0,
0.0,
0.0,
0.0,
0.0,
0.0,
0.0,
0.0,
0.0,
0.0,
0.0,
0.0,
0.0,
0.0,
0.0,
0.0,
0.0,
0.0,
0.0,
0.0,
0.0,
0.0,
0.0,
0.0,
0.0,
0.0,
0.0,
0.0,
0.0,
0.0,
0.0,
0.0,
0.0,
0.0,
0.0,
0.0,
0.0,
0.0,
0.0,
0.0,
0.0,
0.0,
0.0,
0.0,
0.0,
0.0,
0.0,
0.0,
0.0,
0.0,
0.0,
0.0,
0.0,
0.0,
0.0,
0.0,
0.0,
0.0,
0.0,
0.0,
0.0,
0.0,
0.0,
0.0,
0.0,
0.0,
0.0,
0.0,
0.0,
0.0,
0.0,
0.0,
0.0,
0.0,
0.0,
0.0,
0.0,
0.0,
0.0,
0.0,
0.0,
0.0,
0.0,
0.0,
0.0,
0.0,
0.0,
0.0,
0.0,
0.0,
0.0,
0.0,
0.0,
0.0,
0.0,
0.0,
0.0,
0.0,
0.0,
0.0,
0.0,
0.0,
0.0,
0.0,
0.0,
0.0,
0.0,
0.0,
0.0,
0.0,
0.0,
0.0,
0.0,
0.0,
0.0,
0.0,
0.0,
0.0,
0.0,
0.0,
0.0,
0.0,
0.0,
0.0,
0.0,
0.0,
0.0,
0.0,
0.0,
0.0,
0.0,
0.0,
0.0,
0.0,
0.0,
0.0,
0.0,
0.0,
0.0,
0.0,
0.0,
0.0,
0.0,
0.0,
0.0,
0.0,
0.0,
0.0,
0.0,
0.0,
0.0,
0.0,
0.0,
0.0,
0.0,
0.0,
0.0,
0.0,
0.0,
0.0,
0.0,
0.0,
0.0,
0.0,
0.0,
0.0,
0.0,
0.0,
0.0,
0.0,
0.0,
0.0,
0.0,
0.0,
0.0,
0.0,
0.0,
0.0,
0.0,
0.0,
0.0,
0.0,
0.0,
0.0,
0.0,
0.0,
0.0,
0.0,
0.0,
0.0,
0.0,
0.0,
0.0,
0.0,
0.0,
0.0,
0.0,
0.0,
0.0,
0.0,
0.0,
0.0,
0.0,
0.0,
0.0,
0.0,
0.0,
0.0,
0.0,
0.0,
0.0,
0.0,
0.0,
0.0,
0.0,
0.0,
0.0,
0.0,
0.0,
0.0,
0.0,
0.0,
0.0,
0.0,
0.0,
0.0,
0.0,
0.0,
0.0,
0.0,
0.0,
0.0,
0.0,
0.0,
0.0,
0.0,
0.0,
0.0,
0.0,
0.0,
0.0,
0.0,
0.0,
0.0,
0.0,
0.0,
0.0,
0.0,
0.0,
0.0,
0.0,
0.0,
0.0,
0.0,
0.0,
0.0,
0.0,
0.0,
0.0,
0.0,
0.0,
0.0,
0.0,
0.0,
0.0,
0.0,
0.0,
0.0,
0.0,
0.0,
0.0,
0.0,
0.0,
0.0,
0.0,
0.0,
0.0,
0.0,
0.0,
0.0,
0.0,
0.0,
0.0,
0.0,
0.0,
0.0,
0.0,
0.0,
0.0,
0.0,
0.0,
0.0,
0.0,
0.0,
0.0,
0.0,
0.0,
0.0,
0.0,
0.0,
0.0,
0.0,
0.0,
0.0,
0.0,
0.0,
0.0,
0.0,
0.0,
0.0,
0.0,
0.0,
0.0,
0.0,
0.0,
0.0,
0.0,
0.0,
0.0,
0.0,
0.0,
0.0,
0.0,
0.0,
0.0,
0.0,
0.0,
0.0,
0.0,
0.0,
0.0,
0.0,
0.0,
0.0,
0.0,
0.0,
0.0,
0.0,
0.0,
0.0,
0.0,
0.0,
0.0,
0.0,
0.0,
0.0,
0.0,
0.0,
0.0,
0.0,
0.0,
0.0,
0.0,
0.0,
0.0,
0.0,
0.0,
0.0,
0.0,
0.0,
0.0,
0.0,
0.0,
0.0,
0.0,
0.0,
0.0,
0.0,
0.0,
0.0,
0.0,
0.0,
0.0,
0.0,
0.0,
0.0,
0.0,
0.0,
0.0,
0.0,
0.0,
0.0,
0.0,
0.0,
0.0,
0.0,
0.0,
0.0,
0.0,
0.0,
0.0,
0.0,
0.0,
0.0,
0.0,
0.0,
0.0,
0.0,
0.0,
0.0,
0.0,
0.0,
0.0,
0.0,
0.0,
0.0,
0.0,
0.0,
0.0,
0.0,
0.0,
0.0,
0.0,
0.0,
0.0,
0.0,
0.0,
0.0,
0.0,
0.0,
0.0,
0.0,
0.0,
0.0,
0.0,
0.0,
0.0,
0.0,
0.0,
0.0,
0.0,
0.0,
0.0,
0.0,
0.0,
0.0,
0.0,
0.0,
0.0,
0.0,
0.0,
0.0,
0.0,
0.0,
0.0,
0.0,
