1.065712809562683,
1.0669198036193848,
1.067685604095459,
1.0681378841400146,
1.0685902833938599,
1.0687421560287476,
1.0688036680221558,
1.0690051317214966,
1.069095253944397,
1.0691219568252563,
1.0691578388214111,
1.0691468715667725,
1.0691975355148315,
1.06937837600708,
1.0694477558135986,
1.0695279836654663,
1.069638729095459,
1.0697393417358398,
1.0697158575057983,
1.06967294216156,
1.0697805881500244,
1.0697518587112427,
1.0697643756866455,
1.069777011871338,
1.0697671175003052,
1.069787859916687,
1.0698126554489136,
1.0698820352554321,
1.069937825202942,
1.0699373483657837,
1.0699872970581055,
1.069988489151001,
1.0699268579483032,
1.0699106454849243,
1.0698940753936768,
1.0698965787887573,
1.0698323249816895,
1.0698087215423584,
1.0698606967926025,
1.0698926448822021,
1.0698331594467163,
1.0697808265686035,
1.0698683261871338,
1.0699185132980347,
1.069953203201294,
1.0699251890182495,
1.069886565208435,
1.0698777437210083,
1.0699583292007446,
1.0699254274368286,
1.0699682235717773,
1.0699710845947266,
1.0698652267456055,
1.0699323415756226,
1.0698429346084595,
1.0698119401931763,
1.0697349309921265,
1.069753646850586,
1.0697026252746582,
1.069742202758789,
1.0697028636932373,
1.0696594715118408,
1.0696382522583008,
1.0696656703948975,
1.0696022510528564,
1.0695210695266724,
1.0695371627807617,
1.0695122480392456,
1.0695761442184448,
1.0695244073867798,
1.0695844888687134,
1.0695589780807495,
1.0696964263916016,
1.069529414176941,
1.0695449113845825,
1.0695772171020508,
1.069665789604187,
1.0695916414260864,
1.0694762468338013,
1.0695271492004395,
1.069412350654602,
1.06942880153656,
1.069566011428833,
1.0695143938064575,
1.0695075988769531,
1.069496512413025,
1.0693331956863403,
1.0693705081939697,
1.0692909955978394,
1.0693062543869019,
1.0691940784454346,
1.0692704916000366,
1.0691815614700317,
1.0691617727279663,
1.0691360235214233,
1.0691791772842407,
1.0691275596618652,
1.0691760778427124,
1.0690311193466187,
1.0689646005630493,
1.0690304040908813,
1.0689215660095215,
1.0690138339996338,
1.0689866542816162,
1.0691051483154297,
1.0691624879837036,
1.0691512823104858,
1.0691561698913574,
1.069236397743225,
1.0691814422607422,
1.0692163705825806,
1.0692867040634155,
1.0692278146743774,
1.0692369937896729,
1.0690134763717651,
1.0692988634109497,
1.0689862966537476,
1.0688750743865967,
1.0688878297805786,
1.0688858032226562,
1.0688977241516113,
1.068893551826477,
1.0688484907150269,
1.0688015222549438,
1.0687294006347656,
1.0686075687408447,
1.0685863494873047,
1.0685205459594727,
1.0684272050857544,
1.0684386491775513,
1.0683544874191284,
1.0682823657989502,
1.0682908296585083,
1.0682597160339355,
1.0681672096252441,
1.0682703256607056,
1.0683398246765137,
1.0683170557022095,
1.0684300661087036,
1.0684313774108887,
1.0683856010437012,
1.0682499408721924,
1.06828773021698,
1.0683122873306274,
1.0683094263076782,
1.068188190460205,
1.0681726932525635,
1.0681809186935425,
1.0681161880493164,
1.0680994987487793,
1.0680851936340332,
1.0680131912231445,
1.0680140256881714,
1.0679187774658203,
1.0679389238357544,
1.0679492950439453,
1.0677870512008667,
1.0677028894424438,
1.067718505859375,
1.0676501989364624,
1.0676394701004028,
1.0675581693649292,
1.0675756931304932,
1.067527174949646,
1.0676590204238892,
1.0677214860916138,
1.0676769018173218,
1.0676653385162354,
1.0676488876342773,
1.0675853490829468,
1.06752347946167,
1.067476749420166,
1.067477822303772,
1.0674084424972534,
1.0674244165420532,
1.0674372911453247,
1.0674761533737183,
1.0674184560775757,
1.0672967433929443,
1.0672918558120728,
1.0672943592071533,
1.0672820806503296,
1.0673272609710693,
1.0671964883804321,
1.067165732383728,
1.0670511722564697,
1.0669676065444946,
1.0669159889221191,
1.06687331199646,
1.066870093345642,
1.0667552947998047,
1.066552996635437,
1.0665037631988525,
1.066795825958252,
1.0669766664505005,
1.0669500827789307,
1.0669206380844116,
1.0669139623641968,
1.0668745040893555,
1.0667306184768677,
1.066697120666504,
1.0666759014129639,
1.0666714906692505,
1.0667355060577393,
1.066713809967041,
1.066654920578003,
1.0666085481643677,
1.066579818725586,
1.0665699243545532,
1.0664646625518799,
1.0664759874343872,
1.0663968324661255,
1.066394567489624,
1.0664844512939453,
1.0664386749267578,
1.066384196281433,
1.0663694143295288,
1.0663596391677856,
1.0662705898284912,
1.0662970542907715,
1.066214680671692,
1.0662407875061035,
1.0661373138427734,
1.0661885738372803,
1.0661585330963135,
1.0661342144012451,
1.066172480583191,
1.0661002397537231,
1.066146969795227,
1.0658905506134033,
1.065901517868042,
1.0659314393997192,
1.0658234357833862,
1.0658085346221924,
1.0658221244812012,
1.0657594203948975,
1.0657293796539307,
1.0656485557556152,
1.0655272006988525,
1.0654919147491455,
1.0655194520950317,
1.065463662147522,
1.0654990673065186,
1.0654700994491577,
1.0654579401016235,
1.0654007196426392,
1.065468430519104,
1.0654617547988892,
1.0653367042541504,
1.0653823614120483,
1.065320611000061,
1.0652064085006714,
1.0652637481689453,
1.0652506351470947,
1.0650439262390137,
1.0649833679199219,
1.0650402307510376,
1.0649915933609009,
1.0650362968444824,
1.0649304389953613,
1.0648736953735352,
1.0648733377456665,
1.0647149085998535,
1.064663052558899,
1.064643144607544,
1.0647379159927368,
1.0646859407424927,
1.0645577907562256,
1.0645731687545776,
1.0645639896392822,
1.0645819902420044,
1.064499020576477,
1.0645489692687988,
1.0645209550857544,
1.064500093460083,
1.0644253492355347,
1.064359188079834,
1.064310908317566,
1.0642141103744507,
1.0641969442367554,
1.0642814636230469,
1.064163088798523,
1.064099669456482,
1.06411612033844,
1.064091444015503,
1.064064860343933,
1.0640003681182861,
1.0639522075653076,
1.0638799667358398,
1.0638689994812012,
1.0639054775238037,
1.063869595527649,
1.0638915300369263,
1.063712477684021,
1.0637388229370117,
1.0637680292129517,
1.0636996030807495,
1.0637402534484863,
1.0637942552566528,
1.0637348890304565,
1.0635790824890137,
1.063517689704895,
1.0634576082229614,
1.063353419303894,
1.0634194612503052,
1.0633004903793335,
1.0632907152175903,
1.0632317066192627,
1.063259482383728,
1.0631483793258667,
1.0631189346313477,
1.0630569458007812,
1.063065767288208,
1.0630173683166504,
1.0630024671554565,
1.0629312992095947,
1.0628983974456787,
1.0629968643188477,
1.0628890991210938,
1.0627779960632324,
1.0628432035446167,
1.0628796815872192,
1.0627148151397705,
1.0627663135528564,
1.062709093093872,
1.0626881122589111,
1.0626111030578613,
1.0626112222671509,
1.0626440048217773,
1.062601089477539,
1.062601923942566,
1.0624265670776367,
1.0623915195465088,
1.0623877048492432,
1.0623196363449097,
1.0623739957809448,
1.0623106956481934,
1.0622353553771973,
1.0622044801712036,
1.0622024536132812,
1.062148928642273,
1.0621012449264526,
1.0620661973953247,
1.0620614290237427,
1.061945915222168,
1.0619555711746216,
1.061876654624939,
1.0618404150009155,
1.0618575811386108,
1.0617557764053345,
1.0617519617080688,
1.061746597290039,
1.061705470085144,
1.0617536306381226,
1.0617426633834839,
1.0617284774780273,
1.0616872310638428,
1.0617053508758545,
1.0617164373397827,
1.0616991519927979,
1.0615451335906982,
1.0616077184677124,
1.061586856842041,
1.061516523361206,
1.0615112781524658,
1.0614598989486694,
1.0614289045333862,
1.0614128112792969,
1.0613292455673218,
1.0612974166870117,
1.0613783597946167,
1.061293601989746,
1.0612889528274536,
1.0611720085144043,
1.0611608028411865,
1.0611027479171753,
1.0610461235046387,
1.0610435009002686,
1.0608874559402466,
1.0609246492385864,
1.0609033107757568,
1.0609276294708252,
1.0609405040740967,
1.060863733291626,
1.060887098312378,
1.0608752965927124,
1.0608259439468384,
1.060723066329956,
1.060772180557251,
1.0608084201812744,
1.0607801675796509,
1.0605556964874268,
1.0605378150939941,
1.0605288743972778,
1.06053626537323,
1.0604948997497559,
1.0604218244552612,
1.0603669881820679,
1.0604057312011719,
1.0603587627410889,
1.0603059530258179,
1.0602679252624512,
1.0602643489837646,
1.0602507591247559,
1.0601937770843506,
1.0601786375045776,
1.0601171255111694,
1.0600911378860474,
1.0600826740264893,
1.0599958896636963,
1.05998957157135,
1.0599347352981567,
1.0599859952926636,
1.0599766969680786,
1.0599161386489868,
1.0598782300949097,
1.059875249862671,
1.059838891029358,
1.0598286390304565,
1.059845209121704,
1.059744954109192,
1.059872031211853,
1.059662938117981,
1.0595976114273071,
1.0596202611923218,
1.059560775756836,
1.0595479011535645,
1.0594984292984009,
1.0594699382781982,
1.0594176054000854,
1.0593873262405396,
1.059415578842163,
1.0592639446258545,
1.059198260307312,
1.0591659545898438,
1.0591256618499756,
1.059039831161499,
1.0589497089385986,
1.058793544769287,
1.0588878393173218,
1.058850884437561,
1.058820128440857,
1.0587573051452637,
1.0588901042938232,
1.0588732957839966,
1.0588656663894653,
1.0588488578796387,
1.0588164329528809,
1.058828353881836,
1.0587873458862305,
1.0587571859359741,
1.058693766593933,
1.0586748123168945,
1.058677077293396,
1.0586599111557007,
1.0585975646972656,
1.058544397354126,
1.0585311651229858,
1.058424949645996,
1.0583864450454712,
1.0584138631820679,
1.0583689212799072,
1.0582504272460938,
1.0582726001739502,
1.0582646131515503,
1.0582445859909058,
1.0581611394882202,
1.0581177473068237,
1.0580463409423828,
1.0579925775527954,
1.0580424070358276,
1.0579476356506348,
1.0578254461288452,
1.0577688217163086,
1.0578296184539795,
1.0577472448349,
1.0577003955841064,
1.0577363967895508,
1.057631492614746,
1.0576270818710327,
1.0575885772705078,
1.0575536489486694,
1.0575692653656006,
1.0575518608093262,
1.057398796081543,
1.057321310043335,
1.0572470426559448,
1.0571485757827759,
1.0571531057357788,
1.057111144065857,
1.0570876598358154,
1.0570478439331055,
1.0570567846298218,
1.0569411516189575,
1.0568878650665283,
1.0568782091140747,
1.0567899942398071,
1.0566420555114746,
1.0565145015716553,
1.0565277338027954,
1.0563998222351074,
1.0563985109329224,
1.0562397241592407,
1.0560725927352905,
1.0562267303466797,
1.0562776327133179,
1.0560450553894043,
1.0561439990997314,
1.0562435388565063,
1.0563020706176758,
1.05623197555542,
1.0561676025390625,
1.056119680404663,
1.056069016456604,
1.0560070276260376,
1.0560725927352905,
1.0559427738189697,
1.0559396743774414,
1.0557833909988403,
1.0557795763015747,
1.0558935403823853,
1.0558412075042725,
1.0557658672332764,
1.055740475654602,
1.0556278228759766,
1.0557395219802856,
1.055632472038269,
1.0555328130722046,
1.055438756942749,
1.0553847551345825,
1.0553284883499146,
1.0553228855133057,
1.0552101135253906,
1.0551716089248657,
1.0551124811172485,
1.0551711320877075,
1.055159330368042,
1.0550949573516846,
1.0550745725631714,
1.0550144910812378,
1.055033802986145,
1.0550295114517212,
1.0549262762069702,
1.0549501180648804,
1.0548815727233887,
1.0549626350402832,
1.0549193620681763,
1.0550010204315186,
1.0549615621566772,
1.054956078529358,
1.0548861026763916,
1.0547858476638794,
1.0546783208847046,
1.0547142028808594,
1.0546766519546509,
1.0546832084655762,
1.0545825958251953,
1.0545594692230225,
1.05461847782135,
1.0544509887695312,
1.0544707775115967,
1.0544477701187134,
1.054408073425293,
1.0543591976165771,
1.054205060005188,
1.0541821718215942,
1.0541307926177979,
1.0540496110916138,
1.0539565086364746,
1.0540211200714111,
1.0539510250091553,
1.0538959503173828,
1.0539889335632324,
1.0539486408233643,
1.0539079904556274,
1.053910732269287,
1.0539066791534424,
1.0538100004196167,
1.0537641048431396,
1.0537625551223755,
1.0536972284317017,
1.053589105606079,
1.053459644317627,
1.0534071922302246,
1.0534310340881348,
1.0533617734909058,
1.0533111095428467,
1.053284764289856,
1.0532526969909668,
1.0532301664352417,
1.0531076192855835,
1.0530859231948853,
1.052992582321167,
1.0529652833938599,
1.0530942678451538,
1.0530067682266235,
1.053019642829895,
1.0529625415802002,
1.0528831481933594,
1.0528531074523926,
1.0526902675628662,
1.0526549816131592,
1.0524932146072388,
1.052540898323059,
1.0524781942367554,
1.0524718761444092,
1.0524147748947144,
1.0524067878723145,
1.0523489713668823,
1.0522503852844238,
1.052311897277832,
1.0522083044052124,
1.0521891117095947,
1.0520830154418945,
1.0520970821380615,
1.0520532131195068,
1.0519826412200928,
1.0519990921020508,
1.0518665313720703,
1.0518829822540283,
1.0518754720687866,
1.0517345666885376,
1.0517443418502808,
1.0517492294311523,
1.051593542098999,
1.0515217781066895,
1.0514347553253174,
1.0513747930526733,
1.0513601303100586,
1.0513124465942383,
1.0513118505477905,
1.0513343811035156,
1.0512573719024658,
1.0511589050292969,
1.051181674003601,
1.0511584281921387,
1.051107406616211,
1.0510655641555786,
1.0509589910507202,
1.0509370565414429,
1.0508077144622803,
1.0508216619491577,
1.050718069076538,
1.0507822036743164,
1.050687551498413,
1.050552487373352,
1.0505260229110718,
1.0504262447357178,
1.0504112243652344,
1.0503119230270386,
1.0501985549926758,
1.0502058267593384,
1.050203800201416,
1.0501304864883423,
1.0500843524932861,
1.0500760078430176,
1.0498069524765015,
1.049943447113037,
1.0499213933944702,
1.0498379468917847,
1.0498114824295044,
1.0496877431869507,
1.0496113300323486,
1.0496118068695068,
1.0495386123657227,
1.0495994091033936,
1.0494825839996338,
1.0493972301483154,
1.0493035316467285,
1.0493296384811401,
1.0492749214172363,
1.049220085144043,
1.0491201877593994,
1.0490995645523071,
1.0490124225616455,
1.049015998840332,
1.0490258932113647,
1.0489526987075806,
1.048949956893921,
1.0489494800567627,
1.0488473176956177,
1.04874849319458,
1.0487147569656372,
1.0486879348754883,
1.0485695600509644,
1.0485246181488037,
1.0484658479690552,
1.0483771562576294,
1.048319935798645,
1.0482897758483887,
1.0482546091079712,
1.048243522644043,
1.0481667518615723,
1.0481162071228027,
1.0480107069015503,
1.0478885173797607,
1.0479384660720825,
1.0478929281234741,
1.047831416130066,
1.0478233098983765,
1.0477526187896729,
1.0477086305618286,
1.0477005243301392,
1.047710657119751,
1.047644019126892,
1.04750394821167,
1.0475702285766602,
1.0476186275482178,
1.047493815422058,
1.0475666522979736,
1.0474262237548828,
1.0473694801330566,
1.047383427619934,
1.0472568273544312,
1.0471895933151245,
1.0471813678741455,
1.0470945835113525,
1.0470829010009766,
1.047081470489502,
1.0470608472824097,
1.0470768213272095,
1.0469346046447754,
1.046929121017456,
1.0468528270721436,
1.0466697216033936,
1.0466023683547974,
1.0466009378433228,
1.0465543270111084,
1.0464884042739868,
1.046513557434082,
1.0464885234832764,
1.0464863777160645,
1.0464407205581665,
1.046432614326477,
1.046386957168579,
1.0463205575942993,
1.0463242530822754,
1.0462241172790527,
1.0461273193359375,
1.046016812324524,
1.0459840297698975,
1.045910358428955,
1.0458955764770508,
1.0457689762115479,
1.0457643270492554,
1.0456883907318115,
1.045549750328064,
1.0455219745635986,
1.045506238937378,
1.0454555749893188,
1.0453888177871704,
1.045230746269226,
1.0452170372009277,
1.045225977897644,
1.0451315641403198,
1.045030951499939,
1.0449485778808594,
1.044990062713623,
1.044873595237732,
1.0448052883148193,
1.044738531112671,
1.0447434186935425,
1.0446619987487793,
1.044689655303955,
1.0446311235427856,
1.0445257425308228,
1.0444847345352173,
1.0443799495697021,
1.0443841218948364,
1.0443836450576782,
1.0443068742752075,
1.044252872467041,
1.0442132949829102,
1.0443259477615356,
1.0441818237304688,
1.0440503358840942,
1.0439339876174927,
1.043944239616394,
1.043891191482544,
1.043890357017517,
1.0437536239624023,
1.043649435043335,
1.04361093044281,
1.0435152053833008,
1.0435121059417725,
1.0433850288391113,
1.043318510055542,
1.0432822704315186,
1.0431870222091675,
1.0430693626403809,
1.043043613433838,
1.04304838180542,
1.0427879095077515,
1.0428253412246704,
1.0427557229995728,
1.042757272720337,
1.0427055358886719,
1.0426206588745117,
1.0426182746887207,
1.0425630807876587,
1.0425007343292236,
1.042427659034729,
1.0423293113708496,
1.0423173904418945,
1.0421946048736572,
1.0421147346496582,
1.0420331954956055,
1.0420079231262207,
1.0419548749923706,
1.0419350862503052,
1.0418647527694702,
1.0418226718902588,
1.0417970418930054,
1.0417066812515259,
1.0417336225509644,
1.0416691303253174,
1.0416619777679443,
1.0415796041488647,
1.0414643287658691,
1.0413655042648315,
1.0412863492965698,
1.0412720441818237,
1.041256308555603,
1.0412288904190063,
1.0411312580108643,
1.0409632921218872,
1.040838599205017,
1.0407785177230835,
1.0407272577285767,
1.0407406091690063,
1.0407065153121948,
1.0406461954116821,
1.0405155420303345,
1.0404412746429443,
1.0403571128845215,
1.04041588306427,
1.0403695106506348,
1.0402960777282715,
1.0403190851211548,
1.0401400327682495,
1.0399466753005981,
1.039974570274353,
1.0398503541946411,
1.0397613048553467,
1.039681315422058,
1.0397248268127441,
1.039646863937378,
1.0394742488861084,
1.039446234703064,
1.0394139289855957,
1.039291262626648,
1.039231777191162,
1.0391664505004883,
1.0391403436660767,
1.039131760597229,
1.0390853881835938,
1.0390290021896362,
1.0389825105667114,
1.0388613939285278,
1.038870096206665,
1.0387879610061646,
1.038719892501831,
1.0386216640472412,
1.038504719734192,
1.0384432077407837,
1.0384132862091064,
1.038426160812378,
1.038368821144104,
1.0382922887802124,
1.0382449626922607,
1.0382646322250366,
1.0381828546524048,
1.0380834341049194,
1.0380244255065918,
1.0379887819290161,
1.0379457473754883,
1.037857174873352,
1.0378267765045166,
1.037848949432373,
1.0377509593963623,
1.037723422050476,
1.0376607179641724,
1.0374031066894531,
1.0373679399490356,
1.037285566329956,
1.0371918678283691,
1.0371354818344116,
1.037124752998352,
1.0370326042175293,
1.0370384454727173,
1.0369049310684204,
1.0368386507034302,
1.0367485284805298,
1.036740779876709,
1.0367786884307861,
1.036673665046692,
1.0364220142364502,
1.0364422798156738,
1.0363315343856812,
1.0363802909851074,
1.0361599922180176,
1.036139726638794,
1.0361049175262451,
1.035998821258545,
1.035923719406128,
1.0358104705810547,
1.0358452796936035,
1.0357115268707275,
1.0356308221817017,
1.0355623960494995,
1.035443663597107,
1.0353953838348389,
1.035346508026123,
1.0352749824523926,
1.0351741313934326,
1.0350204706192017,
1.0351271629333496,
1.0350478887557983,
1.0349600315093994,
1.034881591796875,
1.0348193645477295,
1.0347392559051514,
1.0348191261291504,
1.0344843864440918,
1.0345321893692017,
1.0345995426177979,
1.0344040393829346,
1.0343459844589233,
1.0342694520950317,
1.0342549085617065,
1.0342023372650146,
1.0341912508010864,
1.0340867042541504,
1.0339043140411377,
1.0338622331619263,
1.0336841344833374,
1.0337371826171875,
1.0336405038833618,
1.0335884094238281,
1.033553123474121,
1.0334336757659912,
1.0332449674606323,
1.0331897735595703,
1.0333194732666016,
1.0330480337142944,
1.0330963134765625,
1.0329073667526245,
1.0329327583312988,
1.0328302383422852,
1.0328314304351807,
1.0327492952346802,
1.0326876640319824,
1.032469391822815,
1.032540202140808,
1.0325887203216553,
1.0325677394866943,
1.0321305990219116,
1.032155156135559,
1.0320913791656494,
1.0320712327957153,
1.03197181224823,
1.0319244861602783,
1.0318325757980347,
1.031768798828125,
1.0317145586013794,
1.0316379070281982,
1.0316036939620972,
1.0313345193862915,
1.0314162969589233,
1.0313782691955566,
1.031290054321289,
1.031290054321289,
1.031207799911499,
1.0310993194580078,
1.0310471057891846,
1.030974268913269,
1.0308970212936401,
1.0309414863586426,
1.030862808227539,
1.030696153640747,
1.030790090560913,
1.0307518243789673,
1.0306209325790405,
1.0302985906600952,
1.03022038936615,
1.030347466468811,
1.0303590297698975,
1.0302371978759766,
1.0301783084869385,
1.0301425457000732,
1.030056118965149,
1.0299756526947021,
1.029628038406372,
1.0297150611877441,
1.029597520828247,
1.0295391082763672,
1.0294804573059082,
1.0292997360229492,
1.029163122177124,
1.0290851593017578,
1.0290734767913818,
1.029044508934021,
1.0288633108139038,
1.0288079977035522,
1.0286861658096313,
1.028601884841919,
1.0286016464233398,
1.0285438299179077,
1.0284898281097412,
1.0284613370895386,
1.0283544063568115,
1.0282920598983765,
1.0281978845596313,
1.0281118154525757,
1.0278406143188477,
1.0278069972991943,
1.0276669263839722,
1.0276058912277222,
1.0276153087615967,
1.027541160583496,
1.0274428129196167,
1.0275906324386597,
1.0273847579956055,
1.027438998222351,
1.0270816087722778,
1.027028203010559,
1.0270286798477173,
1.0270556211471558,
1.0269014835357666,
1.0268770456314087,
1.0265703201293945,
1.0264805555343628,
1.0265328884124756,
1.026373267173767,
1.0262223482131958,
1.026197910308838,
1.0260813236236572,
1.0260463953018188,
1.0260215997695923,
1.0259405374526978,
1.0260117053985596,
1.0258599519729614,
1.0258897542953491,
1.025801181793213,
1.0256458520889282,
1.0256073474884033,
1.0255357027053833,
1.0255053043365479,
1.0253201723098755,
1.0252426862716675,
1.0252716541290283,
1.0252039432525635,
1.0251555442810059,
1.0251432657241821,
1.0248852968215942,
1.024904727935791,
1.024757742881775,
1.024632453918457,
1.0245939493179321,
1.0245623588562012,
1.024487018585205,
1.0244017839431763,
1.024310827255249,
1.0242352485656738,
1.0241273641586304,
1.0240355730056763,
1.0238769054412842,
1.0238752365112305,
1.0237001180648804,
1.0236494541168213,
1.0235803127288818,
1.023603916168213,
1.02345609664917,
1.0233371257781982,
1.023325800895691,
1.0231997966766357,
1.0231226682662964,
1.0230872631072998,
1.0229910612106323,
1.0229123830795288,
1.0227229595184326,
1.0225547552108765,
1.0223846435546875,
1.022313117980957,
1.0221554040908813,
1.0220921039581299,
1.0220468044281006,
1.021930456161499,
1.0217889547348022,
1.0217536687850952,
1.0216171741485596,
1.0215520858764648,
1.0214906930923462,
1.0213896036148071,
1.0211942195892334,
1.0211381912231445,
1.0210362672805786,
1.020959496498108,
1.0208967924118042,
1.020822525024414,
1.0206516981124878,
1.0205644369125366,
1.0204837322235107,
1.0203627347946167,
1.0203063488006592,
1.020172119140625,
1.0200551748275757,
1.019978642463684,
1.0198768377304077,
1.0197526216506958,
1.019828200340271,
1.0197126865386963,
1.019572138786316,
1.019484281539917,
1.0194001197814941,
1.0193076133728027,
1.019193410873413,
1.0191144943237305,
1.0190109014511108,
1.0189529657363892,
1.0189344882965088,
1.018816590309143,
1.0188782215118408,
1.018656611442566,
1.018392562866211,
1.0183602571487427,
1.0184698104858398,
1.0183783769607544,
1.0181974172592163,
1.018113374710083,
1.0177923440933228,
1.0178537368774414,
1.0176475048065186,
1.0175729990005493,
1.0174685716629028,
1.0173989534378052,
1.0173224210739136,
1.0172507762908936,
1.017075538635254,
1.016952395439148,
1.0167826414108276,
1.0167500972747803,
1.0166170597076416,
1.016535758972168,
1.0164978504180908,
1.0163722038269043,
1.0162519216537476,
1.0162092447280884,
1.0160545110702515,
1.015882134437561,
1.015853762626648,
1.0158146619796753,
1.0156010389328003,
1.0155481100082397,
1.0155552625656128,
1.0154190063476562,
1.0152627229690552,
1.0150938034057617,
1.0149885416030884,
1.0149712562561035,
1.0146806240081787,
1.0145771503448486,
1.0144445896148682,
1.0144000053405762,
1.0142465829849243,
1.0141619443893433,
1.0141078233718872,
1.0140700340270996,
1.013931155204773,
1.013884425163269,
1.013801097869873,
1.013654351234436,
1.013604998588562,
1.0135269165039062,
1.0133914947509766,
1.0132861137390137,
1.0132238864898682,
1.0130927562713623,
1.0128895044326782,
1.0126358270645142,
1.0126065015792847,
1.0125216245651245,
1.0124893188476562,
1.0124047994613647,
1.0122275352478027,
1.0122319459915161,
1.0121961832046509,
1.0122226476669312,
1.0119380950927734,
1.011932134628296,
1.0117970705032349,
1.0115547180175781,
1.0114576816558838,
1.011330246925354,
1.0113201141357422,
1.0112237930297852,
1.0111631155014038,
1.0111119747161865,
1.0109353065490723,
1.0108838081359863,
1.0108890533447266,
1.0112049579620361,
1.0112152099609375,
1.0112560987472534,
1.0112648010253906,
1.0110421180725098,
1.0110347270965576,
1.010993242263794,
1.0109878778457642,
1.0109508037567139,
1.0107884407043457,
1.010460376739502,
1.0104230642318726,
1.0102647542953491,
1.0102285146713257,
1.010095238685608,
1.0100492238998413,
1.0100274085998535,
1.0099060535430908,
1.009936809539795,
1.0099107027053833,
1.0097275972366333,
1.0095852613449097,
1.0094239711761475,
1.0092898607254028,
1.009047031402588,
1.0089118480682373,
1.0087813138961792,
1.008729100227356,
1.0086389780044556,
1.0085856914520264,
1.0084500312805176,
1.0084123611450195,
1.0084893703460693,
1.0083346366882324,
1.0081977844238281,
1.0079550743103027,
1.0080034732818604,
1.0078574419021606,
1.0075328350067139,
1.0076171159744263,
1.0075139999389648,
1.007584571838379,
1.0074576139450073,
1.0072153806686401,
1.0070654153823853,
1.006954550743103,
1.0070810317993164,
1.006861686706543,
1.0068269968032837,
1.006707787513733,
1.0066319704055786,
1.0065256357192993,
1.006446123123169,
1.006287693977356,
1.0062106847763062,
1.0059701204299927,
1.0058735609054565,
1.0058015584945679,
1.0057611465454102,
1.0055843591690063,
1.005557656288147,
1.005183458328247,
1.005175232887268,
1.0051759481430054,
1.004839301109314,
1.004723072052002,
1.0046957731246948,
1.0045130252838135,
1.0042612552642822,
1.004144549369812,
1.003989338874817,
1.0038899183273315,
1.0037879943847656,
1.0038206577301025,
1.003777027130127,
1.0034997463226318,
1.0034691095352173,
1.003229022026062,
1.0030661821365356,
1.0030615329742432,
1.0027889013290405,
1.0026898384094238,
1.0025418996810913,
1.0024032592773438,
1.002354383468628,
1.0021878480911255,
1.0020976066589355,
1.0019376277923584,
1.0017293691635132,
1.0016210079193115,
1.0016403198242188,
1.0017248392105103,
1.0016049146652222,
1.001375675201416,
1.001261591911316,
1.001128077507019,
1.000927448272705,
1.0007617473602295,
1.0006479024887085,
1.0005054473876953,
1.000431776046753,
1.0002602338790894,
1.0001606941223145,
1.0000046491622925,
0.999854564666748,
0.9997157454490662,
0.9995554089546204,
0.9995147585868835,
0.9993671774864197,
0.999198853969574,
0.998988151550293,
0.9986494779586792,
0.9986606240272522,
0.9986609816551208,
0.9984886050224304,
0.9982925653457642,
0.9981253147125244,
0.99797523021698,
0.9977271556854248,
0.9976861476898193,
0.997493326663971,
0.9973165392875671,
0.9971392154693604,
0.9969879984855652,
0.9964644908905029,
0.996272087097168,
0.9961289167404175,
0.9959186911582947,
0.9956614971160889,
0.9954485297203064,
0.9953274130821228,
0.995148241519928,
0.9950564503669739,
0.9948856234550476,
0.9949061274528503,
0.994342029094696,
0.9940926432609558,
0.9938324093818665,
0.9937933087348938,
0.9937892556190491,
0.9936792850494385,
0.993073046207428,
0.993198573589325,
0.9929168820381165,
0.9928348064422607,
0.9926818013191223,
0.9925126433372498,
0.9923153519630432,
0.9921349883079529,
0.9919576048851013,
0.9917463660240173,
0.9914060235023499,
0.9912627339363098,
0.9910082817077637,
0.9907866716384888,
0.9905402064323425,
0.9903907775878906,
0.9901206493377686,
0.9895203709602356,
0.9891292452812195,
0.9889276027679443,
0.9887751936912537,
0.9884894490242004,
0.988142192363739,
0.9879618287086487,
0.9876759052276611,
0.9875152707099915,
0.987219512462616,
0.9869007468223572,
0.9867575764656067,
0.9865133166313171,
0.9863286018371582,
0.9859791398048401,
0.9857139587402344,
0.9854013323783875,
0.985191285610199,
0.9850156307220459,
0.9846694469451904,
0.9843887090682983,
0.9842270016670227,
0.9839155673980713,
0.9837056398391724,
0.983394980430603,
0.9831731915473938,
0.982897162437439,
0.9826534390449524,
0.9822531938552856,
0.9820737242698669,
0.9817982912063599,
0.9815979599952698,
0.9812989830970764,
0.9806562066078186,
0.9802933931350708,
0.979936957359314,
0.9796145558357239,
0.9793621301651001,
0.9791789650917053,
0.9787876605987549,
0.978583812713623,
0.9782834649085999,
0.9780603647232056,
0.977790892124176,
0.9775310754776001,
0.9772472977638245,
0.976825475692749,
0.976580798625946,
0.9761381149291992,
0.9759489893913269,
0.9755567908287048,
0.9750857353210449,
0.9749572277069092,
0.9745022654533386,
0.9741947054862976,
0.9740065932273865,
0.9735809564590454,
0.9732728004455566,
0.9729642868041992,
0.9727978110313416,
0.9722973704338074,
0.9719290137290955,
0.9716495275497437,
0.9713513255119324,
0.9709740281105042,
0.9707096219062805,
0.9702048897743225,
0.9698164463043213,
0.9695368409156799,
0.9691745042800903,
0.9688538908958435,
0.9685887694358826,
0.9682486057281494,
0.9679664373397827,
0.9676641225814819,
0.9672931432723999,
0.9670152068138123,
0.9667401909828186,
0.9664732813835144,
0.9661380648612976,
0.9657211303710938,
0.9652079343795776,
0.9649571180343628,
0.9645785689353943,
0.9641281962394714,
0.9637750387191772,
0.9634718298912048,
0.9633219242095947,
0.9629384279251099,
0.9626504182815552,
0.9623425602912903,
0.9619993567466736,
0.9616226553916931,
0.9611661434173584,
0.9607903957366943,
0.9604384303092957,
0.9601414799690247,
0.9596911668777466,
0.9593459367752075,
0.9589800238609314,
0.9586973786354065,
0.9583370089530945,
0.9579717516899109,
0.9576765894889832,
0.9574006795883179,
0.9569540023803711,
0.9566892385482788,
0.9564043283462524,
0.9560848474502563,
0.9557461142539978,
0.9555269479751587,
0.9551014304161072,
0.9548028111457825,
0.9543166756629944,
0.9539744853973389,
0.9536500573158264,
0.9533693790435791,
0.9530484676361084,
0.9527978301048279,
0.9523612856864929,
0.9519773125648499,
0.9516400694847107,
0.951282262802124,
0.9509482383728027,
0.9506465196609497,
0.9502530097961426,
0.9498570561408997,
0.9494576454162598,
0.9491703510284424,
0.9488149881362915,
0.9483507871627808,
0.9480867385864258,
0.9477604031562805,
0.9473323822021484,
0.9468256235122681,
0.9463345408439636,
0.9461386799812317,
0.9460414052009583,
0.9456443786621094,
0.9454087018966675,
0.9450474977493286,
0.9446451663970947,
0.9443231225013733,
0.9438363313674927,
0.9434624314308167,
0.9429101347923279,
0.9427652359008789,
0.9421077370643616,
0.9418728947639465,
0.9415528178215027,
0.9413366913795471,
0.9411910176277161,
0.9406983852386475,
0.9406421780586243,
0.9398183822631836,
0.9395532608032227,
0.9392114281654358,
0.9389339089393616,
0.9385672807693481,
0.9382495880126953,
0.9378792643547058,
0.9374839663505554,
0.9371181130409241,
0.9366253614425659,
0.9362342953681946,
0.9358222484588623,
0.9354350566864014,
0.9350011348724365,
0.934671938419342,
0.9343218803405762,
0.9337100386619568,
0.9333954453468323,
0.9328922033309937,
0.9325736165046692,
0.9322754144668579,
0.9317936897277832,
0.9313135147094727,
0.9309741258621216,
0.9306666254997253,
0.9303129315376282,
0.929674506187439,
0.9291654229164124,
0.9288326501846313,
0.9280973076820374,
0.9278854727745056,
0.9273676872253418,
0.9270941615104675,
0.9267425537109375,
0.9264040589332581,
0.9257910847663879,
0.9254712462425232,
0.9249616861343384,
0.9245437979698181,
0.9242197871208191,
0.9237050414085388,
0.9234337210655212,
0.9230343103408813,
0.9225210547447205,
0.9221431016921997,
0.9217067360877991,
0.9213122129440308,
0.9209254384040833,
0.9200654625892639,
0.9191626906394958,
0.918712317943573,
0.9182230830192566,
0.9176950454711914,
0.9173751473426819,
0.9168612360954285,
0.916355550289154,
0.9158747792243958,
0.9154089093208313,
0.9149746298789978,
0.9145327806472778,
0.9140390753746033,
0.9135459065437317,
0.9130006432533264,
0.9124558568000793,
0.911918044090271,
0.9114541411399841,
0.9110037684440613,
0.910561203956604,
0.9100526571273804,
0.9095126390457153,
0.9091042876243591,
0.9086044430732727,
0.908190131187439,
0.9076257944107056,
0.9071506261825562,
0.906657874584198,
0.9062377214431763,
0.9057905077934265,
0.9054068922996521,
0.9044368863105774,
0.9039775133132935,
0.9034138917922974,
0.902952253818512,
0.9023448824882507,
0.9018633961677551,
0.901297390460968,
0.9008493423461914,
0.9003608226776123,
0.8999239802360535,
0.8993607759475708,
0.8986787796020508,
0.8984833359718323,
0.8980708718299866,
0.8976216912269592,
0.8971152901649475,
0.8966724872589111,
0.8961164355278015,
0.8956506252288818,
0.8951354026794434,
0.8942877650260925,
0.8939656019210815,
0.8935079574584961,
0.8929051756858826,
0.892417311668396,
0.8919174671173096,
0.8913798332214355,
0.890876054763794,
0.8902133703231812,
0.8899422287940979,
0.8891300559043884,
0.8886971473693848,
0.8882705569267273,
0.8879285454750061,
0.8874836564064026,
0.8869657516479492,
0.8862777352333069,
0.8859436511993408,
0.8854867219924927,
0.8847900629043579,
0.884245753288269,
0.8835543394088745,
0.8830937743186951,
0.8826582431793213,
0.882156252861023,
0.8817298412322998,
0.8813695311546326,
0.8808996081352234,
0.8803754448890686,
0.8803754448890686,
0.8803754448890686,
0.0,
0.0,
0.0,
0.0,
0.0,
0.0,
0.0,
0.0,
0.0,
0.0,
0.0,
0.0,
0.0,
0.0,
0.0,
0.0,
0.0,
0.0,
0.0,
0.0,
0.0,
0.0,
0.0,
0.0,
0.0,
0.0,
0.0,
0.0,
0.0,
0.0,
0.0,
0.0,
0.0,
0.0,
0.0,
0.0,
0.0,
0.0,
0.0,
0.0,
0.0,
0.0,
0.0,
0.0,
0.0,
0.0,
0.0,
0.0,
0.0,
0.0,
0.0,
0.0,
0.0,
0.0,
0.0,
0.0,
0.0,
0.0,
0.0,
0.0,
0.0,
0.0,
0.0,
0.0,
0.0,
0.0,
0.0,
0.0,
0.0,
0.0,
0.0,
0.0,
0.0,
0.0,
0.0,
0.0,
0.0,
0.0,
0.0,
0.0,
0.0,
0.0,
0.0,
0.0,
0.0,
0.0,
0.0,
0.0,
0.0,
0.0,
0.0,
0.0,
0.0,
0.0,
0.0,
0.0,
0.0,
0.0,
0.0,
0.0,
0.0,
0.0,
0.0,
0.0,
0.0,
0.0,
0.0,
0.0,
0.0,
0.0,
0.0,
0.0,
0.0,
0.0,
0.0,
0.0,
0.0,
0.0,
0.0,
0.0,
0.0,
0.0,
0.0,
0.0,
0.0,
0.0,
0.0,
0.0,
0.0,
0.0,
0.0,
0.0,
0.0,
0.0,
0.0,
0.0,
0.0,
0.0,
0.0,
0.0,
0.0,
0.0,
0.0,
0.0,
0.0,
0.0,
0.0,
0.0,
0.0,
0.0,
0.0,
0.0,
0.0,
0.0,
0.0,
0.0,
0.0,
0.0,
0.0,
0.0,
0.0,
0.0,
0.0,
0.0,
0.0,
0.0,
0.0,
0.0,
0.0,
0.0,
0.0,
0.0,
0.0,
0.0,
0.0,
0.0,
0.0,
0.0,
0.0,
0.0,
0.0,
0.0,
0.0,
0.0,
0.0,
0.0,
0.0,
0.0,
0.0,
0.0,
0.0,
0.0,
0.0,
0.0,
0.0,
0.0,
0.0,
0.0,
0.0,
0.0,
0.0,
0.0,
0.0,
0.0,
0.0,
0.0,
0.0,
0.0,
0.0,
0.0,
0.0,
0.0,
0.0,
0.0,
0.0,
0.0,
0.0,
0.0,
0.0,
0.0,
0.0,
0.0,
0.0,
0.0,
0.0,
0.0,
0.0,
0.0,
0.0,
0.0,
0.0,
0.0,
0.0,
0.0,
0.0,
0.0,
0.0,
0.0,
0.0,
0.0,
0.0,
0.0,
0.0,
0.0,
0.0,
0.0,
0.0,
0.0,
0.0,
0.0,
0.0,
0.0,
0.0,
0.0,
0.0,
0.0,
0.0,
0.0,
0.0,
0.0,
0.0,
0.0,
0.0,
0.0,
0.0,
0.0,
0.0,
0.0,
0.0,
0.0,
0.0,
0.0,
0.0,
0.0,
0.0,
0.0,
0.0,
0.0,
0.0,
0.0,
0.0,
0.0,
0.0,
0.0,
0.0,
0.0,
0.0,
0.0,
0.0,
0.0,
0.0,
0.0,
0.0,
0.0,
0.0,
0.0,
0.0,
0.0,
0.0,
0.0,
0.0,
0.0,
0.0,
0.0,
0.0,
0.0,
0.0,
0.0,
0.0,
0.0,
0.0,
0.0,
0.0,
0.0,
0.0,
0.0,
0.0,
0.0,
0.0,
0.0,
0.0,
0.0,
0.0,
0.0,
0.0,
0.0,
0.0,
0.0,
0.0,
0.0,
0.0,
0.0,
0.0,
0.0,
0.0,
0.0,
0.0,
0.0,
0.0,
0.0,
0.0,
0.0,
0.0,
0.0,
0.0,
0.0,
0.0,
0.0,
0.0,
0.0,
0.0,
0.0,
0.0,
0.0,
0.0,
0.0,
0.0,
0.0,
0.0,
0.0,
0.0,
0.0,
0.0,
0.0,
0.0,
0.0,
0.0,
0.0,
0.0,
0.0,
0.0,
0.0,
0.0,
0.0,
0.0,
0.0,
0.0,
0.0,
0.0,
0.0,
0.0,
0.0,
0.0,
0.0,
0.0,
0.0,
0.0,
0.0,
0.0,
0.0,
0.0,
0.0,
0.0,
0.0,
0.0,
0.0,
0.0,
0.0,
0.0,
0.0,
0.0,
0.0,
0.0,
0.0,
0.0,
0.0,
0.0,
0.0,
0.0,
0.0,
0.0,
0.0,
0.0,
0.0,
0.0,
0.0,
0.0,
0.0,
0.0,
0.0,
0.0,
0.0,
0.0,
0.0,
0.0,
0.0,
0.0,
0.0,
0.0,
0.0,
0.0,
0.0,
0.0,
0.0,
0.0,
0.0,
0.0,
0.0,
0.0,
0.0,
0.0,
0.0,
0.0,
0.0,
0.0,
0.0,
0.0,
0.0,
0.0,
0.0,
0.0,
0.0,
0.0,
0.0,
0.0,
0.0,
0.0,
0.0,
0.0,
0.0,
0.0,
0.0,
0.0,
0.0,
0.0,
0.0,
0.0,
0.0,
0.0,
0.0,
0.0,
0.0,
0.0,
0.0,
0.0,
0.0,
0.0,
0.0,
0.0,
0.0,
0.0,
0.0,
0.0,
0.0,
0.0,
0.0,
0.0,
0.0,
0.0,
0.0,
0.0,
0.0,
0.0,
0.0,
0.0,
0.0,
0.0,
0.0,
0.0,
0.0,
0.0,
0.0,
0.0,
0.0,
0.0,
0.0,
0.0,
0.0,
0.0,
0.0,
0.0,
0.0,
0.0,
0.0,
0.0,
0.0,
0.0,
0.0,
0.0,
0.0,
0.0,
0.0,
0.0,
0.0,
0.0,
0.0,
0.0,
0.0,
0.0,
0.0,
0.0,
0.0,
0.0,
0.0,
0.0,
0.0,
0.0,
0.0,
0.0,
0.0,
0.0,
0.0,
0.0,
0.0,
0.0,
0.0,
0.0,
0.0,
0.0,
0.0,
0.0,
0.0,
0.0,
0.0,
0.0,
0.0,
0.0,
0.0,
0.0,
0.0,
0.0,
0.0,
0.0,
0.0,
0.0,
0.0,
0.0,
0.0,
0.0,
0.0,
0.0,
0.0,
0.0,
0.0,
0.0,
0.0,
0.0,
0.0,
0.0,
0.0,
0.0,
0.0,
0.0,
0.0,
0.0,
0.0,
0.0,
0.0,
0.0,
0.0,
0.0,
0.0,
0.0,
0.0,
0.0,
0.0,
0.0,
0.0,
0.0,
0.0,
0.0,
0.0,
0.0,
0.0,
0.0,
0.0,
0.0,
0.0,
0.0,
0.0,
0.0,
0.0,
0.0,
0.0,
0.0,
0.0,
0.0,
0.0,
0.0,
0.0,
0.0,
0.0,
0.0,
0.0,
0.0,
0.0,
0.0,
0.0,
0.0,
0.0,
0.0,
0.0,
0.0,
0.0,
0.0,
0.0,
0.0,
0.0,
0.0,
0.0,
0.0,
0.0,
0.0,
0.0,
0.0,
0.0,
0.0,
0.0,
0.0,
0.0,
0.0,
0.0,
0.0,
0.0,
0.0,
0.0,
0.0,
0.0,
0.0,
0.0,
0.0,
