1.0500578880310059,
1.0514506101608276,
1.0520495176315308,
1.0526896715164185,
1.0531314611434937,
1.0534101724624634,
1.0533982515335083,
1.0535768270492554,
1.0535824298858643,
1.0536922216415405,
1.053795576095581,
1.0536388158798218,
1.0536437034606934,
1.053717017173767,
1.053828477859497,
1.0537402629852295,
1.053693413734436,
1.0538382530212402,
1.0537512302398682,
1.0537277460098267,
1.0539393424987793,
1.0537816286087036,
1.053717851638794,
1.0536880493164062,
1.0538105964660645,
1.0535708665847778,
1.0536720752716064,
1.053866982460022,
1.053981900215149,
1.054015040397644,
1.0538970232009888,
1.0538787841796875,
1.0540558099746704,
1.0539686679840088,
1.0539618730545044,
1.0537837743759155,
1.0537058115005493,
1.0535709857940674,
1.0537426471710205,
1.0537041425704956,
1.0537036657333374,
1.0538221597671509,
1.0536293983459473,
1.0535497665405273,
1.0534586906433105,
1.0534721612930298,
1.0534723997116089,
1.0535682439804077,
1.0534051656723022,
1.0534708499908447,
1.0536495447158813,
1.0536500215530396,
1.0536049604415894,
1.0534796714782715,
1.053395390510559,
1.0534533262252808,
1.0533998012542725,
1.0533902645111084,
1.053311824798584,
1.0532313585281372,
1.0531750917434692,
1.0531665086746216,
1.053039789199829,
1.0531349182128906,
1.0531411170959473,
1.0530632734298706,
1.0530388355255127,
1.052815318107605,
1.0529695749282837,
1.0528417825698853,
1.0528665781021118,
1.0525909662246704,
1.0527750253677368,
1.0527451038360596,
1.0524581670761108,
1.0525239706039429,
1.0524704456329346,
1.052416443824768,
1.052358627319336,
1.0524786710739136,
1.0524283647537231,
1.0525256395339966,
1.052622675895691,
1.0524929761886597,
1.0526680946350098,
1.0523788928985596,
1.0523865222930908,
1.052448034286499,
1.0524895191192627,
1.0525786876678467,
1.0524834394454956,
1.0522468090057373,
1.0523028373718262,
1.0520445108413696,
1.0520325899124146,
1.0519284009933472,
1.0519970655441284,
1.0518841743469238,
1.0519077777862549,
1.051851511001587,
1.0518453121185303,
1.051926612854004,
1.0517164468765259,
1.0516977310180664,
1.0517048835754395,
1.0516819953918457,
1.0516972541809082,
1.0516690015792847,
1.05169677734375,
1.051483392715454,
1.0514466762542725,
1.0515145063400269,
1.0515180826187134,
1.0514742136001587,
1.0514878034591675,
1.05155611038208,
1.0515778064727783,
1.0516135692596436,
1.0516483783721924,
1.0515254735946655,
1.051550030708313,
1.051405429840088,
1.0514205694198608,
1.0514225959777832,
1.0513088703155518,
1.0513560771942139,
1.0510597229003906,
1.0512038469314575,
1.051021695137024,
1.0509713888168335,
1.0509182214736938,
1.050841212272644,
1.0508100986480713,
1.0507315397262573,
1.0506798028945923,
1.0505363941192627,
1.0505774021148682,
1.0505074262619019,
1.0504828691482544,
1.0504223108291626,
1.0502521991729736,
1.0501669645309448,
1.0501519441604614,
1.049971342086792,
1.0499935150146484,
1.0500425100326538,
1.0500048398971558,
1.0499379634857178,
1.0499669313430786,
1.0500084161758423,
1.050042748451233,
1.0500727891921997,
1.050114631652832,
1.0500739812850952,
1.0500075817108154,
1.0499975681304932,
1.0499732494354248,
1.0499471426010132,
1.0498706102371216,
1.0498548746109009,
1.0498435497283936,
1.049641489982605,
1.0494720935821533,
1.0495257377624512,
1.0492863655090332,
1.049149990081787,
1.049103021621704,
1.049085259437561,
1.0490707159042358,
1.0491595268249512,
1.0490221977233887,
1.0490431785583496,
1.0486743450164795,
1.048809289932251,
1.0486814975738525,
1.048685073852539,
1.0487699508666992,
1.0487593412399292,
1.0486273765563965,
1.0486925840377808,
1.0485724210739136,
1.0484615564346313,
1.0485804080963135,
1.0481916666030884,
1.0481445789337158,
1.0482057332992554,
1.0480345487594604,
1.0480889081954956,
1.0479625463485718,
1.0480409860610962,
1.0478284358978271,
1.0477173328399658,
1.0476887226104736,
1.0477756261825562,
1.0475131273269653,
1.0475335121154785,
1.0474438667297363,
1.0474166870117188,
1.047448754310608,
1.0472606420516968,
1.0470854043960571,
1.0471735000610352,
1.0469627380371094,
1.046977162361145,
1.0468884706497192,
1.0467133522033691,
1.046637773513794,
1.0466419458389282,
1.0466344356536865,
1.046563982963562,
1.0465267896652222,
1.0465879440307617,
1.0466357469558716,
1.0465296506881714,
1.046474575996399,
1.0465304851531982,
1.0464177131652832,
1.0463860034942627,
1.0464224815368652,
1.0463401079177856,
1.0461353063583374,
1.0461552143096924,
1.0459511280059814,
1.0460987091064453,
1.045842170715332,
1.0459450483322144,
1.045888900756836,
1.0457566976547241,
1.0457435846328735,
1.0456018447875977,
1.0456348657608032,
1.0455917119979858,
1.0454436540603638,
1.0454049110412598,
1.045466423034668,
1.0452591180801392,
1.0452052354812622,
1.0450581312179565,
1.04503333568573,
1.0449728965759277,
1.0449692010879517,
1.0448246002197266,
1.0448142290115356,
1.0446962118148804,
1.0445587635040283,
1.0444663763046265,
1.0445239543914795,
1.0444658994674683,
1.0443991422653198,
1.044350266456604,
1.044438362121582,
1.0442816019058228,
1.0442217588424683,
1.0440948009490967,
1.0440672636032104,
1.0440319776535034,
1.0439831018447876,
1.0438810586929321,
1.043643593788147,
1.0437214374542236,
1.0435501337051392,
1.0435703992843628,
1.0435585975646973,
1.0436614751815796,
1.0434736013412476,
1.0434174537658691,
1.0433285236358643,
1.0432214736938477,
1.043319821357727,
1.0431700944900513,
1.043066382408142,
1.0429610013961792,
1.0429813861846924,
1.0428974628448486,
1.0426970720291138,
1.0427223443984985,
1.0426359176635742,
1.0426238775253296,
1.0425270795822144,
1.0424884557724,
1.0423935651779175,
1.0422279834747314,
1.042300820350647,
1.042116641998291,
1.0419905185699463,
1.0418964624404907,
1.0419816970825195,
1.0418215990066528,
1.0417978763580322,
1.0417441129684448,
1.041725516319275,
1.0415254831314087,
1.0414265394210815,
1.041379690170288,
1.0412260293960571,
1.041154146194458,
1.0411349534988403,
1.0409884452819824,
1.04090416431427,
1.0409702062606812,
1.0408611297607422,
1.0409032106399536,
1.0405725240707397,
1.0405939817428589,
1.0404752492904663,
1.040411114692688,
1.0402143001556396,
1.0402045249938965,
1.0401391983032227,
1.040079951286316,
1.040126085281372,
1.0400094985961914,
1.0399808883666992,
1.0398651361465454,
1.0397382974624634,
1.039792537689209,
1.039650559425354,
1.0395808219909668,
1.0393811464309692,
1.0393894910812378,
1.0394341945648193,
1.039560317993164,
1.0393896102905273,
1.0392820835113525,
1.0390938520431519,
1.038987398147583,
1.0388517379760742,
1.0388528108596802,
1.039062738418579,
1.038683295249939,
1.0386580228805542,
1.0385522842407227,
1.0385361909866333,
1.0384398698806763,
1.0383501052856445,
1.0383607149124146,
1.0382612943649292,
1.0381312370300293,
1.0380851030349731,
1.0379681587219238,
1.0379670858383179,
1.0377678871154785,
1.037655234336853,
1.0376675128936768,
1.037611484527588,
1.0375930070877075,
1.0375038385391235,
1.0374184846878052,
1.0373787879943848,
1.037257194519043,
1.0372517108917236,
1.0370678901672363,
1.0369462966918945,
1.0369056463241577,
1.0369740724563599,
1.0368543863296509,
1.0368529558181763,
1.0367798805236816,
1.0367101430892944,
1.0364974737167358,
1.036450982093811,
1.0364997386932373,
1.0363585948944092,
1.0362660884857178,
1.0362193584442139,
1.0360840559005737,
1.0360180139541626,
1.0360791683197021,
1.0359561443328857,
1.0357840061187744,
1.0355777740478516,
1.0355252027511597,
1.0355911254882812,
1.0354892015457153,
1.03537917137146,
1.0353416204452515,
1.035133957862854,
1.034964919090271,
1.0349652767181396,
1.0348007678985596,
1.0348446369171143,
1.0348669290542603,
1.0346882343292236,
1.034656286239624,
1.034667730331421,
1.0347239971160889,
1.0345653295516968,
1.0345405340194702,
1.0344737768173218,
1.034144639968872,
1.0342001914978027,
1.0341254472732544,
1.0341262817382812,
1.0340317487716675,
1.0341235399246216,
1.0339933633804321,
1.033971905708313,
1.0338795185089111,
1.0337882041931152,
1.033610224723816,
1.0337233543395996,
1.0336356163024902,
1.033522367477417,
1.0335686206817627,
1.0334848165512085,
1.033266305923462,
1.0333445072174072,
1.033103108406067,
1.0331889390945435,
1.0329527854919434,
1.0329265594482422,
1.0328738689422607,
1.0329586267471313,
1.0327725410461426,
1.0327894687652588,
1.0325229167938232,
1.032537579536438,
1.0324785709381104,
1.0323739051818848,
1.0323368310928345,
1.0321863889694214,
1.032164216041565,
1.0321452617645264,
1.0321669578552246,
1.032028079032898,
1.0318361520767212,
1.0317846536636353,
1.031687617301941,
1.0317026376724243,
1.0316215753555298,
1.0314061641693115,
1.0314222574234009,
1.0313961505889893,
1.0311931371688843,
1.0312563180923462,
1.0310630798339844,
1.0309867858886719,
1.0310133695602417,
1.0308270454406738,
1.0307592153549194,
1.0307101011276245,
1.0306822061538696,
1.0303542613983154,
1.030356526374817,
1.03030526638031,
1.0302389860153198,
1.0301513671875,
1.0301612615585327,
1.0299936532974243,
1.0299317836761475,
1.0296462774276733,
1.0296199321746826,
1.0294309854507446,
1.029425859451294,
1.0293868780136108,
1.029274821281433,
1.0293301343917847,
1.029086947441101,
1.0289580821990967,
1.0289711952209473,
1.028854489326477,
1.0285683870315552,
1.0286303758621216,
1.0283615589141846,
1.0282678604125977,
1.0279793739318848,
1.0280808210372925,
1.0278892517089844,
1.0277742147445679,
1.0276095867156982,
1.027561902999878,
1.0273711681365967,
1.0271570682525635,
1.0270600318908691,
1.0269912481307983,
1.0266679525375366,
1.0265907049179077,
1.026573896408081,
1.0266029834747314,
1.0265076160430908,
1.02642023563385,
1.0263676643371582,
1.0263712406158447,
1.0262134075164795,
1.026321291923523,
1.026161551475525,
1.0261605978012085,
1.0261496305465698,
1.0259249210357666,
1.0258238315582275,
1.0257422924041748,
1.0254955291748047,
1.0255242586135864,
1.0252653360366821,
1.025244951248169,
1.0250128507614136,
1.0249402523040771,
1.024815559387207,
1.0246639251708984,
1.024545431137085,
1.0245565176010132,
1.0243855714797974,
1.0243470668792725,
1.0241308212280273,
1.0240228176116943,
1.0239462852478027,
1.0238465070724487,
1.0237128734588623,
1.023790955543518,
1.0235254764556885,
1.0232528448104858,
1.0233442783355713,
1.0231492519378662,
1.0229523181915283,
1.0229495763778687,
1.0229287147521973,
1.0226470232009888,
1.022400975227356,
1.0221962928771973,
1.0222023725509644,
1.0220284461975098,
1.0220009088516235,
1.021842360496521,
1.0217750072479248,
1.0214217901229858,
1.0214178562164307,
1.0212465524673462,
1.0211588144302368,
1.0210349559783936,
1.0209016799926758,
1.0208057165145874,
1.0205522775650024,
1.0204637050628662,
1.0203688144683838,
1.0202484130859375,
1.0201443433761597,
1.020110845565796,
1.019768476486206,
1.0196155309677124,
1.0194756984710693,
1.019246220588684,
1.0190702676773071,
1.0189346075057983,
1.0188593864440918,
1.0187128782272339,
1.0185322761535645,
1.0182768106460571,
1.018157958984375,
1.0180498361587524,
1.0179967880249023,
1.0180097818374634,
1.0179760456085205,
1.0178725719451904,
1.0178701877593994,
1.017757773399353,
1.0175352096557617,
1.0174752473831177,
1.0171815156936646,
1.017147421836853,
1.0169392824172974,
1.0170081853866577,
1.0166966915130615,
1.0166031122207642,
1.0163655281066895,
1.0162067413330078,
1.0160249471664429,
1.0158954858779907,
1.0157132148742676,
1.0154879093170166,
1.015419602394104,
1.0152850151062012,
1.0150197744369507,
1.0148628950119019,
1.0147638320922852,
1.0146673917770386,
1.0143836736679077,
1.0141783952713013,
1.0139859914779663,
1.0138083696365356,
1.0137202739715576,
1.0135490894317627,
1.013332724571228,
1.0132044553756714,
1.0128978490829468,
1.0127657651901245,
1.012642502784729,
1.0122942924499512,
1.0121902227401733,
1.0119670629501343,
1.0118566751480103,
1.0118016004562378,
1.0117583274841309,
1.011515736579895,
1.011358380317688,
1.0112714767456055,
1.011056661605835,
1.011013388633728,
1.010851263999939,
1.0107637643814087,
1.0105087757110596,
1.0103058815002441,
1.0100877285003662,
1.0098470449447632,
1.0096867084503174,
1.0095545053482056,
1.0093696117401123,
1.0091822147369385,
1.0091513395309448,
1.0087344646453857,
1.00888991355896,
1.0085042715072632,
1.0083307027816772,
1.008225679397583,
1.0080376863479614,
1.0076797008514404,
1.0075091123580933,
1.0073906183242798,
1.0071263313293457,
1.0069648027420044,
1.0068048238754272,
1.006688117980957,
1.0064400434494019,
1.0061261653900146,
1.0059890747070312,
1.0058579444885254,
1.005717396736145,
1.0055394172668457,
1.0052485466003418,
1.0049290657043457,
1.0047324895858765,
1.0045222043991089,
1.0043374300003052,
1.0039643049240112,
1.0037161111831665,
1.0035953521728516,
1.0034394264221191,
1.0032811164855957,
1.0028330087661743,
1.0026805400848389,
1.0024802684783936,
1.0023422241210938,
1.0021730661392212,
1.0019609928131104,
1.001592755317688,
1.0015339851379395,
1.0012340545654297,
1.0010167360305786,
1.0007526874542236,
1.0005252361297607,
1.0002448558807373,
1.000066876411438,
0.9998452067375183,
0.9994950890541077,
0.9992407560348511,
0.9989243745803833,
0.9989393949508667,
0.9985297322273254,
0.9984713196754456,
0.9981041550636292,
0.9978626370429993,
0.9974998831748962,
0.9972356557846069,
0.9970412850379944,
0.9967679977416992,
0.9964708089828491,
0.9962031245231628,
0.995991587638855,
0.9956575036048889,
0.995408833026886,
0.9951303005218506,
0.9948367476463318,
0.9946895837783813,
0.9944896697998047,
0.9941452741622925,
0.9937562346458435,
0.9934191703796387,
0.9931626915931702,
0.9930121302604675,
0.9927166700363159,
0.9925859570503235,
0.9921473264694214,
0.9919273853302002,
0.9916520714759827,
0.9912406802177429,
0.9909734129905701,
0.9905729293823242,
0.9901714324951172,
0.9900320768356323,
0.9897509217262268,
0.9893373250961304,
0.9890474677085876,
0.9888210892677307,
0.9883944392204285,
0.9880916476249695,
0.9877427816390991,
0.9873772859573364,
0.9868723750114441,
0.9866024851799011,
0.9863275289535522,
0.985965371131897,
0.985591471195221,
0.9852883219718933,
0.9849204421043396,
0.98451167345047,
0.9841749668121338,
0.9839650988578796,
0.983557403087616,
0.9830106496810913,
0.9827333688735962,
0.9822309017181396,
0.9817981719970703,
0.9814167618751526,
0.9809382557868958,
0.9806647896766663,
0.9801214933395386,
0.9797213673591614,
0.9792256355285645,
0.9790214896202087,
0.9784479737281799,
0.9781097769737244,
0.9776977300643921,
0.977134644985199,
0.9767617583274841,
0.9763687252998352,
0.9758266806602478,
0.975391685962677,
0.9748104810714722,
0.974426805973053,
0.9739328622817993,
0.9734461307525635,
0.972874641418457,
0.9723780751228333,
0.9718652963638306,
0.9713447690010071,
0.9707533717155457,
0.9702242016792297,
0.9696145057678223,
0.9690337181091309,
0.9685574173927307,
0.9679819345474243,
0.9672436714172363,
0.9666879773139954,
0.9662330150604248,
0.9655700922012329,
0.9649588465690613,
0.9643355011940002,
0.9636046290397644,
0.9630183577537537,
0.9623914957046509,
0.9615387916564941,
0.9609880447387695,
0.9601492285728455,
0.9593673944473267,
0.9588616490364075,
0.9581378698348999,
0.9572741389274597,
0.9564236998558044,
0.9556775689125061,
0.9548824429512024,
0.9540363550186157,
0.9532256126403809,
0.9523919224739075,
0.9515142440795898,
0.950587272644043,
0.9497663378715515,
0.9488043189048767,
0.9478554129600525,
0.947058916091919,
0.9459208846092224,
0.9450498223304749,
0.9438497424125671,
0.942972719669342,
0.9419658780097961,
0.9409694075584412,
0.9398052096366882,
0.9387561678886414,
0.937660276889801,
0.93663489818573,
0.9354760646820068,
0.9343590140342712,
0.9333282113075256,
0.9322633147239685,
0.9312087893486023,
0.9301565289497375,
0.9289735555648804,
0.9278436303138733,
0.9267081022262573,
0.9256308078765869,
0.92453932762146,
0.9232204556465149,
0.9221332669258118,
0.9210031628608704,
0.919916570186615,
0.9187524914741516,
0.9174953699111938,
0.916466236114502,
0.9152467846870422,
0.914047360420227,
0.9130004644393921,
0.9118251800537109,
0.9106624126434326,
0.9094710946083069,
0.9081939458847046,
0.9070814847946167,
0.9059421420097351,
0.9047982692718506,
0.9034924507141113,
0.9025234580039978,
0.9013478755950928,
0.9002095460891724,
0.8990301489830017,
0.8978874683380127,
0.8967395424842834,
0.8954880237579346,
0.8942954540252686,
0.8933472633361816,
0.89222651720047,
0.890971302986145,
0.8898376822471619,
0.8886958360671997,
0.887394905090332,
0.8861967325210571,
0.8850131034851074,
0.8838471174240112,
0.8826532959938049,
0.8815886378288269,
0.8806691765785217,
0.8806691765785217,
0.8806691765785217,
0.0,
0.0,
0.0,
0.0,
0.0,
0.0,
0.0,
0.0,
0.0,
0.0,
0.0,
0.0,
0.0,
0.0,
0.0,
0.0,
0.0,
0.0,
0.0,
0.0,
0.0,
0.0,
0.0,
0.0,
0.0,
0.0,
0.0,
0.0,
0.0,
0.0,
0.0,
0.0,
0.0,
0.0,
0.0,
0.0,
0.0,
0.0,
0.0,
0.0,
0.0,
0.0,
0.0,
0.0,
0.0,
0.0,
0.0,
0.0,
0.0,
0.0,
0.0,
0.0,
0.0,
0.0,
0.0,
0.0,
0.0,
0.0,
0.0,
0.0,
0.0,
0.0,
0.0,
0.0,
0.0,
0.0,
0.0,
0.0,
0.0,
0.0,
0.0,
0.0,
0.0,
0.0,
0.0,
0.0,
0.0,
0.0,
0.0,
0.0,
0.0,
0.0,
0.0,
0.0,
0.0,
0.0,
0.0,
0.0,
0.0,
0.0,
0.0,
0.0,
0.0,
0.0,
0.0,
0.0,
0.0,
0.0,
0.0,
0.0,
0.0,
0.0,
0.0,
0.0,
0.0,
0.0,
0.0,
0.0,
0.0,
0.0,
0.0,
0.0,
0.0,
0.0,
0.0,
0.0,
0.0,
0.0,
0.0,
0.0,
0.0,
0.0,
0.0,
0.0,
0.0,
0.0,
0.0,
0.0,
0.0,
0.0,
0.0,
0.0,
0.0,
0.0,
0.0,
0.0,
0.0,
0.0,
0.0,
0.0,
0.0,
0.0,
0.0,
0.0,
0.0,
0.0,
0.0,
0.0,
0.0,
0.0,
0.0,
0.0,
0.0,
0.0,
0.0,
0.0,
0.0,
0.0,
0.0,
0.0,
0.0,
0.0,
0.0,
0.0,
0.0,
0.0,
0.0,
0.0,
0.0,
0.0,
0.0,
0.0,
0.0,
0.0,
0.0,
0.0,
0.0,
0.0,
0.0,
0.0,
0.0,
0.0,
0.0,
0.0,
0.0,
0.0,
0.0,
0.0,
0.0,
0.0,
0.0,
0.0,
0.0,
0.0,
0.0,
0.0,
0.0,
0.0,
0.0,
0.0,
0.0,
0.0,
0.0,
0.0,
0.0,
0.0,
0.0,
0.0,
0.0,
0.0,
0.0,
0.0,
0.0,
0.0,
0.0,
0.0,
0.0,
0.0,
0.0,
0.0,
0.0,
0.0,
0.0,
0.0,
0.0,
0.0,
0.0,
0.0,
0.0,
0.0,
0.0,
0.0,
0.0,
0.0,
0.0,
0.0,
0.0,
0.0,
0.0,
0.0,
0.0,
0.0,
0.0,
0.0,
0.0,
0.0,
0.0,
0.0,
0.0,
0.0,
0.0,
0.0,
0.0,
0.0,
0.0,
0.0,
0.0,
0.0,
0.0,
0.0,
0.0,
0.0,
0.0,
0.0,
0.0,
0.0,
0.0,
0.0,
0.0,
0.0,
0.0,
0.0,
0.0,
0.0,
0.0,
0.0,
0.0,
0.0,
0.0,
0.0,
0.0,
0.0,
0.0,
0.0,
0.0,
0.0,
0.0,
0.0,
0.0,
0.0,
0.0,
0.0,
0.0,
0.0,
0.0,
0.0,
0.0,
0.0,
0.0,
0.0,
0.0,
0.0,
0.0,
0.0,
0.0,
0.0,
0.0,
0.0,
0.0,
0.0,
0.0,
0.0,
0.0,
0.0,
0.0,
0.0,
0.0,
0.0,
0.0,
0.0,
0.0,
0.0,
0.0,
0.0,
0.0,
0.0,
0.0,
0.0,
0.0,
0.0,
0.0,
0.0,
0.0,
0.0,
0.0,
0.0,
0.0,
0.0,
0.0,
0.0,
0.0,
0.0,
0.0,
0.0,
0.0,
0.0,
0.0,
0.0,
0.0,
0.0,
0.0,
0.0,
0.0,
0.0,
0.0,
0.0,
0.0,
0.0,
0.0,
0.0,
0.0,
0.0,
0.0,
0.0,
0.0,
0.0,
0.0,
0.0,
0.0,
0.0,
0.0,
0.0,
0.0,
0.0,
0.0,
0.0,
0.0,
0.0,
0.0,
0.0,
0.0,
0.0,
0.0,
0.0,
0.0,
0.0,
0.0,
0.0,
0.0,
0.0,
0.0,
0.0,
0.0,
0.0,
0.0,
0.0,
0.0,
0.0,
0.0,
0.0,
0.0,
0.0,
0.0,
0.0,
0.0,
0.0,
0.0,
0.0,
0.0,
0.0,
0.0,
0.0,
0.0,
0.0,
0.0,
0.0,
0.0,
0.0,
0.0,
0.0,
0.0,
0.0,
0.0,
0.0,
0.0,
0.0,
0.0,
0.0,
0.0,
0.0,
0.0,
0.0,
0.0,
0.0,
0.0,
0.0,
0.0,
0.0,
0.0,
0.0,
0.0,
0.0,
0.0,
0.0,
0.0,
0.0,
0.0,
0.0,
0.0,
0.0,
0.0,
0.0,
0.0,
0.0,
0.0,
0.0,
0.0,
0.0,
0.0,
0.0,
0.0,
0.0,
0.0,
0.0,
0.0,
0.0,
0.0,
0.0,
0.0,
0.0,
0.0,
0.0,
0.0,
0.0,
0.0,
0.0,
0.0,
0.0,
0.0,
0.0,
0.0,
0.0,
0.0,
0.0,
0.0,
0.0,
0.0,
0.0,
0.0,
0.0,
0.0,
0.0,
0.0,
0.0,
0.0,
0.0,
0.0,
0.0,
0.0,
0.0,
0.0,
0.0,
0.0,
0.0,
0.0,
0.0,
0.0,
0.0,
0.0,
0.0,
0.0,
0.0,
0.0,
0.0,
0.0,
0.0,
0.0,
0.0,
0.0,
0.0,
0.0,
0.0,
0.0,
0.0,
0.0,
0.0,
0.0,
0.0,
0.0,
0.0,
0.0,
0.0,
0.0,
0.0,
0.0,
0.0,
0.0,
0.0,
0.0,
0.0,
0.0,
0.0,
0.0,
0.0,
0.0,
0.0,
0.0,
0.0,
0.0,
0.0,
0.0,
0.0,
0.0,
0.0,
0.0,
0.0,
0.0,
0.0,
0.0,
0.0,
0.0,
0.0,
0.0,
0.0,
0.0,
0.0,
0.0,
0.0,
0.0,
0.0,
0.0,
0.0,
0.0,
0.0,
0.0,
0.0,
0.0,
0.0,
0.0,
0.0,
0.0,
0.0,
0.0,
0.0,
0.0,
0.0,
0.0,
0.0,
0.0,
0.0,
0.0,
0.0,
0.0,
0.0,
0.0,
0.0,
0.0,
0.0,
0.0,
0.0,
0.0,
0.0,
0.0,
0.0,
0.0,
0.0,
0.0,
0.0,
0.0,
0.0,
0.0,
0.0,
0.0,
0.0,
0.0,
0.0,
0.0,
0.0,
0.0,
0.0,
0.0,
0.0,
0.0,
0.0,
0.0,
0.0,
0.0,
0.0,
0.0,
0.0,
0.0,
0.0,
0.0,
0.0,
0.0,
0.0,
0.0,
0.0,
0.0,
0.0,
0.0,
0.0,
0.0,
0.0,
0.0,
0.0,
0.0,
0.0,
0.0,
0.0,
0.0,
0.0,
0.0,
0.0,
0.0,
0.0,
0.0,
0.0,
0.0,
0.0,
0.0,
0.0,
0.0,
0.0,
0.0,
0.0,
0.0,
0.0,
0.0,
0.0,
0.0,
0.0,
0.0,
0.0,
0.0,
0.0,
0.0,
0.0,
0.0,
0.0,
0.0,
0.0,
0.0,
0.0,
0.0,
0.0,
0.0,
0.0,
0.0,
0.0,
0.0,
0.0,
0.0,
0.0,
0.0,
0.0,
0.0,
0.0,
0.0,
0.0,
0.0,
0.0,
0.0,
0.0,
0.0,
0.0,
0.0,
0.0,
0.0,
0.0,
0.0,
0.0,
0.0,
0.0,
0.0,
0.0,
0.0,
0.0,
0.0,
0.0,
0.0,
0.0,
0.0,
0.0,
0.0,
0.0,
0.0,
0.0,
0.0,
0.0,
0.0,
0.0,
0.0,
0.0,
0.0,
0.0,
0.0,
0.0,
0.0,
0.0,
0.0,
0.0,
0.0,
0.0,
0.0,
0.0,
0.0,
0.0,
0.0,
0.0,
0.0,
0.0,
0.0,
0.0,
0.0,
0.0,
0.0,
0.0,
0.0,
0.0,
0.0,
0.0,
0.0,
0.0,
0.0,
0.0,
0.0,
0.0,
0.0,
0.0,
0.0,
0.0,
0.0,
0.0,
0.0,
0.0,
0.0,
0.0,
0.0,
0.0,
0.0,
0.0,
0.0,
0.0,
0.0,
0.0,
0.0,
0.0,
0.0,
0.0,
0.0,
0.0,
0.0,
0.0,
0.0,
0.0,
0.0,
0.0,
0.0,
0.0,
0.0,
0.0,
0.0,
0.0,
0.0,
0.0,
0.0,
0.0,
0.0,
0.0,
0.0,
0.0,
0.0,
0.0,
0.0,
0.0,
0.0,
0.0,
0.0,
0.0,
0.0,
0.0,
0.0,
0.0,
0.0,
0.0,
0.0,
0.0,
0.0,
0.0,
0.0,
0.0,
0.0,
0.0,
0.0,
0.0,
0.0,
0.0,
0.0,
0.0,
0.0,
0.0,
0.0,
0.0,
0.0,
0.0,
0.0,
0.0,
0.0,
0.0,
0.0,
0.0,
0.0,
0.0,
0.0,
0.0,
0.0,
0.0,
0.0,
0.0,
0.0,
0.0,
0.0,
0.0,
0.0,
0.0,
0.0,
0.0,
0.0,
0.0,
0.0,
0.0,
0.0,
0.0,
0.0,
0.0,
0.0,
0.0,
0.0,
0.0,
0.0,
0.0,
0.0,
0.0,
0.0,
0.0,
0.0,
0.0,
0.0,
0.0,
0.0,
0.0,
0.0,
0.0,
0.0,
0.0,
0.0,
0.0,
0.0,
0.0,
0.0,
0.0,
0.0,
0.0,
0.0,
0.0,
0.0,
0.0,
0.0,
0.0,
0.0,
0.0,
0.0,
0.0,
0.0,
0.0,
0.0,
0.0,
0.0,
0.0,
0.0,
0.0,
0.0,
0.0,
0.0,
0.0,
0.0,
0.0,
0.0,
0.0,
0.0,
0.0,
0.0,
0.0,
0.0,
0.0,
0.0,
0.0,
0.0,
0.0,
0.0,
0.0,
0.0,
0.0,
0.0,
0.0,
0.0,
0.0,
0.0,
0.0,
0.0,
0.0,
0.0,
0.0,
0.0,
0.0,
0.0,
0.0,
0.0,
0.0,
0.0,
0.0,
0.0,
0.0,
0.0,
0.0,
0.0,
0.0,
0.0,
0.0,
0.0,
0.0,
0.0,
0.0,
0.0,
0.0,
0.0,
0.0,
0.0,
0.0,
0.0,
0.0,
0.0,
0.0,
0.0,
0.0,
0.0,
0.0,
0.0,
0.0,
0.0,
0.0,
0.0,
0.0,
0.0,
0.0,
0.0,
0.0,
0.0,
0.0,
0.0,
0.0,
0.0,
0.0,
0.0,
0.0,
0.0,
0.0,
0.0,
0.0,
0.0,
0.0,
0.0,
0.0,
0.0,
0.0,
0.0,
0.0,
0.0,
0.0,
0.0,
0.0,
0.0,
0.0,
0.0,
0.0,
0.0,
0.0,
0.0,
0.0,
0.0,
0.0,
0.0,
0.0,
0.0,
0.0,
0.0,
0.0,
0.0,
0.0,
0.0,
0.0,
0.0,
0.0,
0.0,
0.0,
0.0,
0.0,
0.0,
0.0,
0.0,
0.0,
0.0,
0.0,
0.0,
0.0,
0.0,
0.0,
0.0,
0.0,
0.0,
0.0,
0.0,
0.0,
0.0,
0.0,
0.0,
0.0,
0.0,
0.0,
0.0,
0.0,
0.0,
0.0,
0.0,
0.0,
0.0,
0.0,
0.0,
0.0,
0.0,
0.0,
0.0,
0.0,
0.0,
0.0,
0.0,
0.0,
0.0,
0.0,
0.0,
0.0,
0.0,
0.0,
0.0,
0.0,
0.0,
0.0,
0.0,
0.0,
0.0,
0.0,
0.0,
0.0,
0.0,
0.0,
0.0,
0.0,
0.0,
0.0,
0.0,
0.0,
0.0,
0.0,
0.0,
0.0,
0.0,
0.0,
0.0,
0.0,
0.0,
0.0,
0.0,
0.0,
0.0,
0.0,
0.0,
0.0,
0.0,
0.0,
0.0,
0.0,
0.0,
0.0,
0.0,
0.0,
0.0,
0.0,
0.0,
0.0,
0.0,
0.0,
0.0,
0.0,
0.0,
0.0,
0.0,
0.0,
0.0,
0.0,
0.0,
0.0,
0.0,
0.0,
0.0,
0.0,
0.0,
0.0,
0.0,
0.0,
0.0,
0.0,
0.0,
0.0,
0.0,
0.0,
0.0,
0.0,
0.0,
0.0,
0.0,
0.0,
0.0,
0.0,
0.0,
0.0,
0.0,
0.0,
0.0,
0.0,
0.0,
0.0,
0.0,
0.0,
0.0,
0.0,
0.0,
0.0,
0.0,
0.0,
0.0,
0.0,
0.0,
0.0,
0.0,
0.0,
0.0,
0.0,
0.0,
0.0,
0.0,
0.0,
0.0,
0.0,
0.0,
0.0,
0.0,
0.0,
0.0,
0.0,
0.0,
0.0,
0.0,
0.0,
0.0,
0.0,
0.0,
0.0,
0.0,
0.0,
0.0,
0.0,
0.0,
0.0,
0.0,
0.0,
0.0,
0.0,
0.0,
0.0,
0.0,
0.0,
0.0,
0.0,
0.0,
0.0,
0.0,
0.0,
0.0,
0.0,
0.0,
0.0,
0.0,
0.0,
0.0,
0.0,
0.0,
0.0,
0.0,
0.0,
0.0,
0.0,
0.0,
0.0,
0.0,
0.0,
0.0,
0.0,
0.0,
0.0,
0.0,
0.0,
0.0,
0.0,
0.0,
0.0,
0.0,
0.0,
0.0,
0.0,
0.0,
0.0,
0.0,
0.0,
0.0,
0.0,
0.0,
0.0,
0.0,
0.0,
0.0,
0.0,
0.0,
0.0,
0.0,
0.0,
0.0,
0.0,
0.0,
0.0,
0.0,
0.0,
0.0,
0.0,
0.0,
0.0,
0.0,
0.0,
0.0,
0.0,
0.0,
0.0,
0.0,
0.0,
0.0,
0.0,
0.0,
0.0,
0.0,
0.0,
0.0,
0.0,
0.0,
0.0,
0.0,
0.0,
0.0,
0.0,
0.0,
0.0,
0.0,
0.0,
0.0,
0.0,
0.0,
0.0,
0.0,
0.0,
0.0,
0.0,
0.0,
0.0,
0.0,
0.0,
0.0,
0.0,
0.0,
0.0,
0.0,
0.0,
0.0,
0.0,
0.0,
0.0,
0.0,
0.0,
0.0,
0.0,
0.0,
0.0,
0.0,
0.0,
0.0,
0.0,
0.0,
0.0,
0.0,
0.0,
0.0,
0.0,
0.0,
0.0,
0.0,
0.0,
0.0,
0.0,
0.0,
0.0,
0.0,
0.0,
0.0,
0.0,
0.0,
0.0,
0.0,
0.0,
0.0,
0.0,
0.0,
0.0,
0.0,
0.0,
0.0,
0.0,
0.0,
0.0,
0.0,
0.0,
0.0,
0.0,
0.0,
0.0,
0.0,
0.0,
0.0,
0.0,
0.0,
0.0,
0.0,
0.0,
0.0,
0.0,
0.0,
0.0,
0.0,
0.0,
0.0,
0.0,
0.0,
0.0,
0.0,
0.0,
0.0,
0.0,
0.0,
0.0,
0.0,
0.0,
0.0,
0.0,
0.0,
0.0,
0.0,
0.0,
0.0,
0.0,
0.0,
0.0,
0.0,
0.0,
0.0,
0.0,
0.0,
0.0,
0.0,
0.0,
0.0,
0.0,
0.0,
0.0,
0.0,
0.0,
0.0,
0.0,
0.0,
0.0,
0.0,
0.0,
0.0,
0.0,
0.0,
0.0,
0.0,
0.0,
0.0,
0.0,
0.0,
0.0,
0.0,
0.0,
0.0,
0.0,
0.0,
0.0,
0.0,
0.0,
0.0,
0.0,
0.0,
0.0,
0.0,
0.0,
0.0,
0.0,
0.0,
