1.0683683156967163,
1.0694825649261475,
1.0703383684158325,
1.0709081888198853,
1.0714243650436401,
1.0718177556991577,
1.0721514225006104,
1.0722935199737549,
1.07248854637146,
1.0727773904800415,
1.0729176998138428,
1.072940707206726,
1.072989821434021,
1.0731135606765747,
1.0732448101043701,
1.0733706951141357,
1.07326340675354,
1.0732197761535645,
1.073203206062317,
1.0731698274612427,
1.0732427835464478,
1.073287010192871,
1.0732454061508179,
1.073206901550293,
1.0731596946716309,
1.0732933282852173,
1.0732531547546387,
1.0732439756393433,
1.073354959487915,
1.0733182430267334,
1.073357105255127,
1.073340892791748,
1.0733270645141602,
1.073286533355713,
1.0731511116027832,
1.0731992721557617,
1.0732178688049316,
1.0731656551361084,
1.0732133388519287,
1.0732569694519043,
1.073243498802185,
1.0732322931289673,
1.0731165409088135,
1.0731780529022217,
1.0732635259628296,
1.0732910633087158,
1.0732332468032837,
1.0733330249786377,
1.07318115234375,
1.073072075843811,
1.073169469833374,
1.073244333267212,
1.0732331275939941,
1.073244333267212,
1.0732645988464355,
1.073198676109314,
1.0731768608093262,
1.0730414390563965,
1.0730547904968262,
1.072939395904541,
1.0730493068695068,
1.0729676485061646,
1.072967529296875,
1.0729198455810547,
1.0730494260787964,
1.072922945022583,
1.072928547859192,
1.0728251934051514,
1.0729223489761353,
1.0728579759597778,
1.0728360414505005,
1.0728135108947754,
1.0728329420089722,
1.0731174945831299,
1.0728293657302856,
1.0728096961975098,
1.072754979133606,
1.0727719068527222,
1.0728617906570435,
1.0727980136871338,
1.072740077972412,
1.0727120637893677,
1.0726276636123657,
1.0727020502090454,
1.07277250289917,
1.0727814435958862,
1.0727953910827637,
1.0726157426834106,
1.0725528001785278,
1.0724732875823975,
1.072534441947937,
1.0725106000900269,
1.0724685192108154,
1.0723953247070312,
1.0724339485168457,
1.0724300146102905,
1.07244873046875,
1.0723705291748047,
1.07247793674469,
1.0724456310272217,
1.0724221467971802,
1.0724142789840698,
1.0724598169326782,
1.072395920753479,
1.0723774433135986,
1.0724518299102783,
1.0724201202392578,
1.0723955631256104,
1.072398066520691,
1.0724139213562012,
1.0723627805709839,
1.072312355041504,
1.0723850727081299,
1.072349190711975,
1.0723645687103271,
1.0723859071731567,
1.0722322463989258,
1.0722719430923462,
1.0722171068191528,
1.0722556114196777,
1.072242259979248,
1.072185754776001,
1.0721735954284668,
1.0721397399902344,
1.072083592414856,
1.0720179080963135,
1.071988582611084,
1.071976900100708,
1.0718783140182495,
1.0718621015548706,
1.0718610286712646,
1.0717921257019043,
1.071782112121582,
1.0717920064926147,
1.071813941001892,
1.0717076063156128,
1.0717660188674927,
1.0717706680297852,
1.0718284845352173,
1.0717474222183228,
1.0718618631362915,
1.0718994140625,
1.070683240890503,
1.071914553642273,
1.0718721151351929,
1.071822166442871,
1.0718690156936646,
1.0718449354171753,
1.0717265605926514,
1.071622610092163,
1.0716050863265991,
1.0716427564620972,
1.0714006423950195,
1.0714656114578247,
1.0714598894119263,
1.0714585781097412,
1.0714304447174072,
1.0713768005371094,
1.0713177919387817,
1.0712966918945312,
1.071333408355713,
1.07121741771698,
1.0712436437606812,
1.071174144744873,
1.0711500644683838,
1.0711379051208496,
1.0712313652038574,
1.071210265159607,
1.0711827278137207,
1.0712368488311768,
1.0711662769317627,
1.071122646331787,
1.071141004562378,
1.071115255355835,
1.071146845817566,
1.0711885690689087,
1.071097731590271,
1.0711296796798706,
1.071083903312683,
1.071097731590271,
1.0710927248001099,
1.0709519386291504,
1.070861577987671,
1.0710136890411377,
1.0709612369537354,
1.0709514617919922,
1.0708298683166504,
1.0707123279571533,
1.0706084966659546,
1.0705885887145996,
1.0704758167266846,
1.0704989433288574,
1.0705357789993286,
1.0704429149627686,
1.0703774690628052,
1.0704001188278198,
1.070449709892273,
1.070482611656189,
1.0704593658447266,
1.0705311298370361,
1.0704212188720703,
1.0704582929611206,
1.0704560279846191,
1.0704286098480225,
1.070373296737671,
1.0703926086425781,
1.0704295635223389,
1.0703589916229248,
1.0703940391540527,
1.0704044103622437,
1.070406198501587,
1.070366382598877,
1.0703729391098022,
1.0703250169754028,
1.0703362226486206,
1.0702195167541504,
1.0702729225158691,
1.0702214241027832,
1.070291519165039,
1.0702569484710693,
1.070155143737793,
1.0700980424880981,
1.0700851678848267,
1.0699357986450195,
1.0699293613433838,
1.069923758506775,
1.0699774026870728,
1.06996488571167,
1.069885492324829,
1.0699334144592285,
1.0698928833007812,
1.0698997974395752,
1.0699355602264404,
1.0698833465576172,
1.069695234298706,
1.069716215133667,
1.0696732997894287,
1.0696601867675781,
1.0696454048156738,
1.0695576667785645,
1.0696221590042114,
1.0694618225097656,
1.0694142580032349,
1.0694613456726074,
1.0694125890731812,
1.0693854093551636,
1.0693773031234741,
1.0693436861038208,
1.0693374872207642,
1.0692791938781738,
1.0692355632781982,
1.0692895650863647,
1.0691332817077637,
1.0691741704940796,
1.0691478252410889,
1.069047451019287,
1.0690404176712036,
1.0690566301345825,
1.0689868927001953,
1.0689836740493774,
1.068984866142273,
1.068948745727539,
1.0689424276351929,
1.068943738937378,
1.0688902139663696,
1.0689027309417725,
1.0687966346740723,
1.0687534809112549,
1.068782091140747,
1.0687024593353271,
1.0686745643615723,
1.0686744451522827,
1.0686365365982056,
1.0686205625534058,
1.0686190128326416,
1.0685555934906006,
1.0685368776321411,
1.0685170888900757,
1.0684791803359985,
1.0684658288955688,
1.0683889389038086,
1.068299412727356,
1.0683283805847168,
1.0682799816131592,
1.0681736469268799,
1.0681813955307007,
1.0681380033493042,
1.0680954456329346,
1.0680928230285645,
1.0680232048034668,
1.0680426359176636,
1.0680419206619263,
1.0679577589035034,
1.067992925643921,
1.0679785013198853,
1.0679771900177002,
1.0679432153701782,
1.0679103136062622,
1.0679033994674683,
1.0679024457931519,
1.0678417682647705,
1.0677958726882935,
1.0677120685577393,
1.067767858505249,
1.0676300525665283,
1.0676182508468628,
1.0675008296966553,
1.0675334930419922,
1.067507266998291,
1.067536473274231,
1.067449688911438,
1.0674325227737427,
1.0673918724060059,
1.0674164295196533,
1.0673298835754395,
1.0673695802688599,
1.0672547817230225,
1.067225456237793,
1.0672041177749634,
1.067207932472229,
1.0670737028121948,
1.0671314001083374,
1.0670661926269531,
1.06704580783844,
1.0671021938323975,
1.0669975280761719,
1.066956639289856,
1.0668865442276,
1.06687593460083,
1.0669264793395996,
1.0668736696243286,
1.066869854927063,
1.0668357610702515,
1.0667825937271118,
1.0667392015457153,
1.0666455030441284,
1.0665212869644165,
1.0665556192398071,
1.0664942264556885,
1.0664558410644531,
1.0664479732513428,
1.0663859844207764,
1.0663846731185913,
1.0663288831710815,
1.0663542747497559,
1.066245436668396,
1.06618070602417,
1.0661417245864868,
1.066055178642273,
1.0660384893417358,
1.0659775733947754,
1.0659699440002441,
1.0659539699554443,
1.06598699092865,
1.0659496784210205,
1.065924882888794,
1.0659221410751343,
1.0658940076828003,
1.0659425258636475,
1.0659066438674927,
1.0658832788467407,
1.0657809972763062,
1.0657923221588135,
1.065751075744629,
1.0656652450561523,
1.065651297569275,
1.0656383037567139,
1.0656061172485352,
1.065555214881897,
1.0655344724655151,
1.0654759407043457,
1.0654666423797607,
1.0641013383865356,
1.0653042793273926,
1.065279245376587,
1.0652263164520264,
1.0651984214782715,
1.065175175666809,
1.0651648044586182,
1.065045952796936,
1.065009593963623,
1.064942479133606,
1.0649769306182861,
1.064896821975708,
1.064778208732605,
1.06476891040802,
1.0647633075714111,
1.0647135972976685,
1.0646981000900269,
1.064696192741394,
1.064621090888977,
1.0646164417266846,
1.0645561218261719,
1.0643956661224365,
1.0643175840377808,
1.064208745956421,
1.064201831817627,
1.0641785860061646,
1.0641096830368042,
1.0640795230865479,
1.0640584230422974,
1.0640146732330322,
1.064021110534668,
1.063899278640747,
1.063902735710144,
1.0638295412063599,
1.063841700553894,
1.0637707710266113,
1.0637556314468384,
1.0637140274047852,
1.0637168884277344,
1.0636018514633179,
1.0636016130447388,
1.0635420083999634,
1.0635364055633545,
1.0635310411453247,
1.0635234117507935,
1.063411831855774,
1.0633790493011475,
1.0634106397628784,
1.0633372068405151,
1.0633230209350586,
1.0632480382919312,
1.063237190246582,
1.0632025003433228,
1.0630732774734497,
1.0629802942276,
1.0629962682724,
1.0629491806030273,
1.0629132986068726,
1.062735915184021,
1.0627312660217285,
1.0626832246780396,
1.0626397132873535,
1.062558650970459,
1.062545657157898,
1.062502145767212,
1.0623756647109985,
1.0622938871383667,
1.062246561050415,
1.0622533559799194,
1.0621273517608643,
1.0621232986450195,
1.0620677471160889,
1.0620019435882568,
1.0619847774505615,
1.0620529651641846,
1.0619512796401978,
1.0619302988052368,
1.0618687868118286,
1.0619052648544312,
1.061884880065918,
1.061802625656128,
1.0617692470550537,
1.0617378950119019,
1.0616905689239502,
1.061606526374817,
1.0616021156311035,
1.0615731477737427,
1.061461329460144,
1.0613614320755005,
1.0612961053848267,
1.0612882375717163,
1.0612174272537231,
1.0611827373504639,
1.059918999671936,
1.0610374212265015,
1.0609946250915527,
1.0610002279281616,
1.0609184503555298,
1.060895562171936,
1.0608795881271362,
1.06078040599823,
1.0607377290725708,
1.0605977773666382,
1.0605425834655762,
1.0605790615081787,
1.0605076551437378,
1.0604923963546753,
1.0604848861694336,
1.0603761672973633,
1.0602879524230957,
1.0603153705596924,
1.060251235961914,
1.0600769519805908,
1.0600440502166748,
1.060072422027588,
1.060027837753296,
1.0598835945129395,
1.0598253011703491,
1.0597302913665771,
1.0596842765808105,
1.059628963470459,
1.0595948696136475,
1.059524655342102,
1.059460997581482,
1.0593698024749756,
1.059362530708313,
1.0592697858810425,
1.0591541528701782,
1.059081792831421,
1.059032917022705,
1.0588834285736084,
1.0588432550430298,
1.05881667137146,
1.0587334632873535,
1.058647871017456,
1.0586044788360596,
1.0585604906082153,
1.0585293769836426,
1.058553695678711,
1.0585365295410156,
1.057278037071228,
1.0584748983383179,
1.058489203453064,
1.0583981275558472,
1.058375597000122,
1.0583244562149048,
1.058275818824768,
1.0582722425460815,
1.0581269264221191,
1.058098554611206,
1.0580202341079712,
1.0578910112380981,
1.0578397512435913,
1.0577706098556519,
1.0577374696731567,
1.0576000213623047,
1.0575056076049805,
1.0574928522109985,
1.0574814081192017,
1.0573737621307373,
1.057315468788147,
1.0573036670684814,
1.0571773052215576,
1.057110071182251,
1.0570563077926636,
1.0569486618041992,
1.0569342374801636,
1.0569186210632324,
1.056839942932129,
1.0568077564239502,
1.0567235946655273,
1.0566771030426025,
1.0566215515136719,
1.0565706491470337,
1.056514024734497,
1.0564972162246704,
1.0564156770706177,
1.056456208229065,
1.0564396381378174,
1.0564326047897339,
1.0563334226608276,
1.0563017129898071,
1.0561648607254028,
1.056141972541809,
1.0561145544052124,
1.0561217069625854,
1.0560399293899536,
1.0547666549682617,
1.055841088294983,
1.0558302402496338,
1.0557644367218018,
1.055623173713684,
1.0556386709213257,
1.0555800199508667,
1.0554319620132446,
1.0553951263427734,
1.0552822351455688,
1.0552335977554321,
1.0551711320877075,
1.0551035404205322,
1.055082082748413,
1.055040955543518,
1.0549818277359009,
1.054880142211914,
1.0547956228256226,
1.0547902584075928,
1.0547168254852295,
1.0546525716781616,
1.0545942783355713,
1.0545047521591187,
1.0544660091400146,
1.0543352365493774,
1.0542773008346558,
1.054231882095337,
1.0542020797729492,
1.0541239976882935,
1.0540577173233032,
1.0540106296539307,
1.0538827180862427,
1.0538475513458252,
1.053737998008728,
1.0536390542984009,
1.0536268949508667,
1.0535364151000977,
1.0535264015197754,
1.0534383058547974,
1.0533010959625244,
1.0532193183898926,
1.05319344997406,
1.053114652633667,
1.0530468225479126,
1.0529142618179321,
1.0528665781021118,
1.0528452396392822,
1.052748441696167,
1.0526946783065796,
1.0525715351104736,
1.0524729490280151,
1.0524249076843262,
1.0523878335952759,
1.0523017644882202,
1.0522398948669434,
1.0521436929702759,
1.05205237865448,
1.0519369840621948,
1.0518934726715088,
1.0517749786376953,
1.0517258644104004,
1.0516623258590698,
1.0515892505645752,
1.0514894723892212,
1.0514696836471558,
1.0513862371444702,
1.0512367486953735,
1.0512152910232544,
1.0511337518692017,
1.0510505437850952,
1.050968050956726,
1.0508971214294434,
1.050835371017456,
1.05076265335083,
1.0506354570388794,
1.0505950450897217,
1.0505199432373047,
1.050480604171753,
1.0503385066986084,
1.0502866506576538,
1.0501205921173096,
1.0500378608703613,
1.0500186681747437,
1.0498237609863281,
1.049768090248108,
1.049588918685913,
1.0495582818984985,
1.0494178533554077,
1.0493768453598022,
1.0493793487548828,
1.0492440462112427,
1.049065351486206,
1.0490309000015259,
1.048869252204895,
1.0488308668136597,
1.0474612712860107,
1.0485609769821167,
1.048466682434082,
1.0484247207641602,
1.0483088493347168,
1.0482112169265747,
1.0480871200561523,
1.0479921102523804,
1.0478702783584595,
1.0478323698043823,
1.0477315187454224,
1.047662615776062,
1.0475178956985474,
1.0474082231521606,
1.047352910041809,
1.0473031997680664,
1.0471534729003906,
1.0470887422561646,
1.0469787120819092,
1.0468679666519165,
1.0467652082443237,
1.0467413663864136,
1.0466487407684326,
1.0465372800827026,
1.0464240312576294,
1.046301245689392,
1.0462572574615479,
1.046155333518982,
1.0460546016693115,
1.0460103750228882,
1.0458178520202637,
1.0457580089569092,
1.0456595420837402,
1.0455772876739502,
1.0454562902450562,
1.0453256368637085,
1.0451549291610718,
1.0450284481048584,
1.0449737310409546,
1.0448427200317383,
1.0447611808776855,
1.0446912050247192,
1.0445582866668701,
1.0443280935287476,
1.0443412065505981,
1.0442224740982056,
1.0441256761550903,
1.0440207719802856,
1.0426700115203857,
1.0437750816345215,
1.0436782836914062,
1.043622612953186,
1.0434761047363281,
1.043351650238037,
1.0432312488555908,
1.0431456565856934,
1.0430914163589478,
1.0429853200912476,
1.0429294109344482,
1.0428217649459839,
1.0427013635635376,
1.0425827503204346,
1.0425089597702026,
1.042344331741333,
1.0422296524047852,
1.042115569114685,
1.0420267581939697,
1.0419059991836548,
1.0417404174804688,
1.041619896888733,
1.0414702892303467,
1.0413867235183716,
1.0412707328796387,
1.0410759449005127,
1.0409756898880005,
1.0408484935760498,
1.0406701564788818,
1.0405925512313843,
1.0404486656188965,
1.0403143167495728,
1.0401967763900757,
1.0400210618972778,
1.039872169494629,
1.0398437976837158,
1.0397791862487793,
1.039635181427002,
1.0394785404205322,
1.0393341779708862,
1.0391947031021118,
1.0389976501464844,
1.0388396978378296,
1.0388041734695435,
1.038604736328125,
1.038388729095459,
1.0382407903671265,
1.0381094217300415,
1.0379806756973267,
1.0377751588821411,
1.0375421047210693,
1.0374538898468018,
1.0372564792633057,
1.0371214151382446,
1.0369364023208618,
1.0368071794509888,
1.0366363525390625,
1.03639817237854,
1.0362343788146973,
1.036139965057373,
1.0359371900558472,
1.0357933044433594,
1.0355873107910156,
1.0354772806167603,
1.035362958908081,
1.035260796546936,
1.035083293914795,
1.0349403619766235,
1.0347449779510498,
1.0346081256866455,
1.034468650817871,
1.0343159437179565,
1.0341522693634033,
1.0339945554733276,
1.0337944030761719,
1.0336517095565796,
1.033631682395935,
1.0333683490753174,
1.0331134796142578,
1.0329561233520508,
1.0327670574188232,
1.032606840133667,
1.0323576927185059,
1.0322015285491943,
1.0320048332214355,
1.0318233966827393,
1.031656265258789,
1.0314518213272095,
1.0312403440475464,
1.0310879945755005,
1.0308899879455566,
1.0306602716445923,
1.0304714441299438,
1.0302554368972778,
1.0299959182739258,
1.0298590660095215,
1.0296027660369873,
1.0294389724731445,
1.0292320251464844,
1.029036521911621,
1.0288455486297607,
1.0286788940429688,
1.0284602642059326,
1.0282316207885742,
1.0280407667160034,
1.0278279781341553,
1.0275788307189941,
1.0273884534835815,
1.0271614789962769,
1.026928186416626,
1.026676058769226,
1.0264869928359985,
1.0263234376907349,
1.0261012315750122,
1.0259288549423218,
1.0256893634796143,
1.025455355644226,
1.025275707244873,
1.0250663757324219,
1.0248574018478394,
1.0246342420578003,
1.0243735313415527,
1.024153709411621,
1.0239259004592896,
1.0237408876419067,
1.0234451293945312,
1.0231767892837524,
1.022964358329773,
1.0227354764938354,
1.022481918334961,
1.0222089290618896,
1.0219402313232422,
1.0216981172561646,
1.021501064300537,
1.0212855339050293,
1.0210036039352417,
1.0207151174545288,
1.0204652547836304,
1.0201858282089233,
1.019957423210144,
1.0196973085403442,
1.0194848775863647,
1.0191841125488281,
1.0188930034637451,
1.0185930728912354,
1.0183072090148926,
1.018024206161499,
1.017802119255066,
1.0174720287322998,
1.0171496868133545,
1.0168925523757935,
1.016599416732788,
1.0162800550460815,
1.0160170793533325,
1.0156960487365723,
1.0153801441192627,
1.0150614976882935,
1.0146918296813965,
1.0144113302230835,
1.0141385793685913,
1.0138418674468994,
1.0135811567306519,
1.0131864547729492,
1.0128093957901,
1.012556791305542,
1.0122584104537964,
1.0119106769561768,
1.0116032361984253,
1.0111944675445557,
1.0108413696289062,
1.0104925632476807,
1.0101665258407593,
1.0098657608032227,
1.0095103979110718,
1.009201169013977,
1.0087977647781372,
1.0084741115570068,
1.008069634437561,
1.0076829195022583,
1.0072396993637085,
1.00692617893219,
1.0065250396728516,
1.006151556968689,
1.0058072805404663,
1.0053941011428833,
1.0049524307250977,
1.004539966583252,
1.0041179656982422,
1.0037028789520264,
1.0032691955566406,
1.0028396844863892,
1.002427339553833,
1.0020400285720825,
1.0015825033187866,
1.0011066198349,
1.00059175491333,
1.000135898590088,
0.9996523857116699,
0.9991953372955322,
0.9987279772758484,
0.998237669467926,
0.9977107644081116,
0.9972246289253235,
0.9967273473739624,
0.9962325096130371,
0.9957339763641357,
0.9952173829078674,
0.9946175217628479,
0.9940865635871887,
0.993500828742981,
0.9929552674293518,
0.9924523830413818,
0.9919440746307373,
0.991334855556488,
0.9907689094543457,
0.9901180863380432,
0.9895402789115906,
0.988926887512207,
0.9883651733398438,
0.9876482486724854,
0.9869815111160278,
0.9863744378089905,
0.9857063293457031,
0.9850918054580688,
0.9844251871109009,
0.9837695956230164,
0.9831175804138184,
0.9824212789535522,
0.981774091720581,
0.9810611605644226,
0.9804235696792603,
0.9796909689903259,
0.9789488911628723,
0.978196382522583,
0.9775248169898987,
0.9767482280731201,
0.9760818481445312,
0.9753082990646362,
0.9745845198631287,
0.9738283753395081,
0.9730982780456543,
0.9723328351974487,
0.9715524911880493,
0.9707798957824707,
0.9699713587760925,
0.9692424535751343,
0.9684351682662964,
0.9676376581192017,
0.9668602347373962,
0.9660459160804749,
0.9651618599891663,
0.9643912315368652,
0.9634760022163391,
0.9626714587211609,
0.9617389440536499,
0.9609037041664124,
0.9599981307983398,
0.9590775966644287,
0.9581889510154724,
0.9573511481285095,
0.9563266634941101,
0.9554521441459656,
0.9546370506286621,
0.9536906480789185,
0.952756941318512,
0.9518683552742004,
0.9509432911872864,
0.9499940872192383,
0.9490705728530884,
0.948035478591919,
0.9470741748809814,
0.9462066888809204,
0.9452261924743652,
0.9442673325538635,
0.9432089328765869,
0.9422840476036072,
0.9412816166877747,
0.9403209686279297,
0.9393158555030823,
0.9383261799812317,
0.9373670816421509,
0.9362674951553345,
0.9352461695671082,
0.9342584609985352,
0.9332424998283386,
0.9322574138641357,
0.9311115145683289,
0.9302370548248291,
0.9291380047798157,
0.928193986415863,
0.9271851181983948,
0.9261528253555298,
0.9252275824546814,
0.9241719245910645,
0.9231371283531189,
0.9221087098121643,
0.9210434556007385,
0.9201295375823975,
0.9191296100616455,
0.9180497527122498,
0.9168974757194519,
0.9159099459648132,
0.9148839116096497,
0.9139310717582703,
0.9128440618515015,
0.9117944836616516,
0.9107837677001953,
0.9097371101379395,
0.9087375998497009,
0.9077526926994324,
0.9066759347915649,
0.9055778980255127,
0.9045674800872803,
0.903441309928894,
0.9024263024330139,
0.9014002084732056,
0.900276243686676,
0.8992521166801453,
0.8980883359909058,
0.8970924019813538,
0.8959276676177979,
0.8948903679847717,
0.8938271999359131,
0.892702043056488,
0.8916115760803223,
0.8904991745948792,
0.889396607875824,
0.8883408904075623,
0.8872144222259521,
0.886103630065918,
0.885051965713501,
0.8839657306671143,
0.8829902410507202,
0.8818895816802979,
0.8809340596199036,
0.8801113963127136,
0.8801113963127136,
0.8801113963127136,
0.0,
0.0,
0.0,
0.0,
0.0,
0.0,
0.0,
0.0,
0.0,
0.0,
0.0,
0.0,
0.0,
0.0,
0.0,
0.0,
0.0,
0.0,
0.0,
0.0,
0.0,
0.0,
0.0,
0.0,
0.0,
0.0,
0.0,
0.0,
0.0,
0.0,
0.0,
0.0,
0.0,
0.0,
0.0,
0.0,
0.0,
0.0,
0.0,
0.0,
0.0,
0.0,
0.0,
0.0,
0.0,
0.0,
0.0,
0.0,
0.0,
0.0,
0.0,
0.0,
0.0,
0.0,
0.0,
0.0,
0.0,
0.0,
0.0,
0.0,
0.0,
0.0,
0.0,
0.0,
0.0,
0.0,
0.0,
0.0,
0.0,
0.0,
0.0,
0.0,
0.0,
0.0,
0.0,
0.0,
0.0,
0.0,
0.0,
0.0,
0.0,
0.0,
0.0,
0.0,
0.0,
0.0,
0.0,
0.0,
0.0,
0.0,
0.0,
0.0,
0.0,
0.0,
0.0,
0.0,
0.0,
0.0,
0.0,
0.0,
0.0,
0.0,
0.0,
0.0,
0.0,
0.0,
0.0,
0.0,
0.0,
0.0,
0.0,
0.0,
0.0,
0.0,
0.0,
0.0,
0.0,
0.0,
0.0,
0.0,
0.0,
0.0,
0.0,
0.0,
0.0,
0.0,
0.0,
0.0,
0.0,
0.0,
0.0,
0.0,
0.0,
0.0,
0.0,
0.0,
0.0,
0.0,
0.0,
0.0,
0.0,
0.0,
0.0,
0.0,
0.0,
0.0,
0.0,
0.0,
0.0,
0.0,
0.0,
0.0,
0.0,
0.0,
0.0,
0.0,
0.0,
0.0,
0.0,
0.0,
0.0,
0.0,
0.0,
0.0,
0.0,
0.0,
0.0,
0.0,
0.0,
0.0,
0.0,
0.0,
0.0,
0.0,
0.0,
0.0,
0.0,
0.0,
0.0,
0.0,
0.0,
0.0,
0.0,
0.0,
0.0,
0.0,
0.0,
0.0,
0.0,
0.0,
0.0,
0.0,
0.0,
0.0,
0.0,
0.0,
0.0,
0.0,
0.0,
0.0,
0.0,
0.0,
0.0,
0.0,
0.0,
0.0,
0.0,
0.0,
0.0,
0.0,
0.0,
0.0,
0.0,
0.0,
0.0,
0.0,
0.0,
0.0,
0.0,
0.0,
0.0,
0.0,
0.0,
0.0,
0.0,
0.0,
0.0,
0.0,
0.0,
0.0,
0.0,
0.0,
0.0,
0.0,
0.0,
0.0,
0.0,
0.0,
0.0,
0.0,
0.0,
0.0,
0.0,
0.0,
0.0,
0.0,
0.0,
0.0,
0.0,
0.0,
0.0,
0.0,
0.0,
0.0,
0.0,
0.0,
0.0,
0.0,
0.0,
0.0,
0.0,
0.0,
0.0,
0.0,
0.0,
0.0,
0.0,
0.0,
0.0,
0.0,
0.0,
0.0,
0.0,
0.0,
0.0,
0.0,
0.0,
0.0,
0.0,
0.0,
0.0,
0.0,
0.0,
0.0,
0.0,
0.0,
0.0,
0.0,
0.0,
0.0,
0.0,
0.0,
0.0,
0.0,
0.0,
0.0,
0.0,
0.0,
0.0,
0.0,
0.0,
0.0,
0.0,
0.0,
0.0,
0.0,
0.0,
0.0,
0.0,
0.0,
0.0,
0.0,
0.0,
0.0,
0.0,
0.0,
0.0,
0.0,
0.0,
0.0,
0.0,
0.0,
0.0,
0.0,
0.0,
0.0,
0.0,
0.0,
0.0,
0.0,
0.0,
0.0,
0.0,
0.0,
0.0,
0.0,
0.0,
0.0,
0.0,
0.0,
0.0,
0.0,
0.0,
0.0,
0.0,
0.0,
0.0,
0.0,
0.0,
0.0,
0.0,
0.0,
0.0,
0.0,
0.0,
0.0,
0.0,
0.0,
0.0,
0.0,
0.0,
0.0,
0.0,
0.0,
0.0,
0.0,
0.0,
0.0,
0.0,
0.0,
0.0,
0.0,
0.0,
0.0,
0.0,
0.0,
0.0,
0.0,
0.0,
0.0,
0.0,
0.0,
0.0,
0.0,
0.0,
0.0,
0.0,
0.0,
0.0,
0.0,
0.0,
0.0,
0.0,
0.0,
0.0,
0.0,
0.0,
0.0,
0.0,
0.0,
0.0,
0.0,
0.0,
0.0,
0.0,
0.0,
0.0,
0.0,
0.0,
0.0,
0.0,
0.0,
0.0,
0.0,
0.0,
0.0,
0.0,
0.0,
0.0,
0.0,
0.0,
0.0,
0.0,
0.0,
0.0,
0.0,
0.0,
0.0,
0.0,
0.0,
0.0,
0.0,
0.0,
0.0,
0.0,
0.0,
0.0,
0.0,
0.0,
0.0,
0.0,
0.0,
0.0,
0.0,
0.0,
0.0,
0.0,
0.0,
0.0,
0.0,
0.0,
0.0,
0.0,
0.0,
0.0,
0.0,
0.0,
0.0,
0.0,
0.0,
0.0,
0.0,
0.0,
0.0,
0.0,
0.0,
0.0,
0.0,
0.0,
0.0,
0.0,
0.0,
0.0,
0.0,
0.0,
0.0,
0.0,
0.0,
0.0,
0.0,
0.0,
0.0,
0.0,
0.0,
0.0,
0.0,
0.0,
0.0,
0.0,
0.0,
0.0,
0.0,
0.0,
0.0,
0.0,
0.0,
0.0,
0.0,
0.0,
0.0,
0.0,
0.0,
0.0,
0.0,
0.0,
0.0,
0.0,
0.0,
0.0,
0.0,
0.0,
0.0,
0.0,
0.0,
0.0,
0.0,
0.0,
0.0,
0.0,
0.0,
0.0,
0.0,
0.0,
0.0,
0.0,
0.0,
0.0,
0.0,
0.0,
0.0,
0.0,
0.0,
0.0,
0.0,
0.0,
0.0,
0.0,
0.0,
0.0,
0.0,
0.0,
0.0,
0.0,
0.0,
0.0,
0.0,
0.0,
0.0,
0.0,
0.0,
0.0,
0.0,
0.0,
0.0,
0.0,
0.0,
0.0,
0.0,
0.0,
0.0,
0.0,
0.0,
0.0,
0.0,
0.0,
0.0,
0.0,
0.0,
0.0,
0.0,
0.0,
0.0,
0.0,
0.0,
0.0,
0.0,
0.0,
0.0,
0.0,
0.0,
0.0,
0.0,
0.0,
0.0,
0.0,
0.0,
0.0,
0.0,
0.0,
0.0,
0.0,
0.0,
0.0,
0.0,
0.0,
0.0,
0.0,
0.0,
0.0,
0.0,
0.0,
0.0,
0.0,
0.0,
0.0,
0.0,
0.0,
0.0,
0.0,
0.0,
0.0,
0.0,
0.0,
0.0,
0.0,
0.0,
0.0,
0.0,
0.0,
0.0,
0.0,
0.0,
0.0,
0.0,
0.0,
0.0,
0.0,
0.0,
0.0,
0.0,
0.0,
0.0,
0.0,
0.0,
0.0,
0.0,
0.0,
0.0,
0.0,
0.0,
0.0,
0.0,
0.0,
0.0,
0.0,
0.0,
0.0,
0.0,
0.0,
0.0,
0.0,
0.0,
0.0,
0.0,
0.0,
0.0,
0.0,
0.0,
0.0,
0.0,
0.0,
0.0,
0.0,
0.0,
0.0,
0.0,
0.0,
0.0,
0.0,
0.0,
0.0,
0.0,
0.0,
0.0,
0.0,
0.0,
0.0,
0.0,
0.0,
0.0,
0.0,
0.0,
0.0,
0.0,
0.0,
0.0,
0.0,
0.0,
0.0,
0.0,
0.0,
0.0,
0.0,
0.0,
0.0,
0.0,
0.0,
0.0,
0.0,
0.0,
0.0,
0.0,
0.0,
0.0,
0.0,
0.0,
0.0,
0.0,
0.0,
0.0,
0.0,
0.0,
0.0,
0.0,
0.0,
0.0,
0.0,
0.0,
0.0,
0.0,
0.0,
0.0,
0.0,
0.0,
0.0,
0.0,
0.0,
0.0,
0.0,
0.0,
0.0,
0.0,
0.0,
0.0,
0.0,
0.0,
0.0,
0.0,
0.0,
0.0,
0.0,
0.0,
0.0,
0.0,
0.0,
0.0,
0.0,
0.0,
0.0,
0.0,
0.0,
0.0,
0.0,
0.0,
0.0,
0.0,
0.0,
0.0,
0.0,
0.0,
0.0,
0.0,
0.0,
0.0,
0.0,
0.0,
0.0,
0.0,
0.0,
0.0,
0.0,
0.0,
0.0,
0.0,
0.0,
0.0,
0.0,
0.0,
0.0,
0.0,
0.0,
0.0,
0.0,
0.0,
0.0,
0.0,
0.0,
0.0,
0.0,
0.0,
0.0,
0.0,
0.0,
0.0,
0.0,
0.0,
0.0,
0.0,
0.0,
0.0,
0.0,
0.0,
0.0,
0.0,
0.0,
0.0,
0.0,
0.0,
0.0,
0.0,
0.0,
0.0,
0.0,
0.0,
0.0,
0.0,
0.0,
0.0,
0.0,
0.0,
0.0,
0.0,
0.0,
0.0,
0.0,
0.0,
0.0,
0.0,
0.0,
0.0,
0.0,
0.0,
0.0,
0.0,
0.0,
0.0,
0.0,
0.0,
0.0,
0.0,
0.0,
0.0,
0.0,
0.0,
0.0,
0.0,
0.0,
0.0,
0.0,
0.0,
0.0,
0.0,
0.0,
0.0,
0.0,
0.0,
0.0,
0.0,
0.0,
0.0,
0.0,
0.0,
0.0,
0.0,
0.0,
0.0,
0.0,
0.0,
0.0,
0.0,
0.0,
0.0,
0.0,
0.0,
0.0,
0.0,
0.0,
0.0,
0.0,
0.0,
0.0,
0.0,
0.0,
0.0,
0.0,
0.0,
0.0,
0.0,
0.0,
0.0,
0.0,
0.0,
0.0,
0.0,
0.0,
0.0,
0.0,
0.0,
0.0,
0.0,
0.0,
0.0,
0.0,
0.0,
0.0,
0.0,
0.0,
0.0,
0.0,
0.0,
0.0,
0.0,
0.0,
0.0,
0.0,
0.0,
0.0,
0.0,
0.0,
0.0,
0.0,
0.0,
0.0,
0.0,
0.0,
0.0,
0.0,
0.0,
0.0,
0.0,
0.0,
0.0,
0.0,
0.0,
0.0,
0.0,
0.0,
0.0,
0.0,
0.0,
0.0,
0.0,
0.0,
0.0,
0.0,
0.0,
0.0,
0.0,
0.0,
0.0,
0.0,
0.0,
0.0,
0.0,
0.0,
0.0,
0.0,
0.0,
0.0,
0.0,
0.0,
0.0,
0.0,
0.0,
0.0,
0.0,
0.0,
0.0,
0.0,
0.0,
0.0,
0.0,
0.0,
0.0,
0.0,
0.0,
0.0,
0.0,
0.0,
0.0,
0.0,
0.0,
0.0,
0.0,
0.0,
0.0,
0.0,
0.0,
0.0,
0.0,
0.0,
0.0,
0.0,
0.0,
0.0,
0.0,
0.0,
0.0,
0.0,
0.0,
0.0,
0.0,
0.0,
0.0,
0.0,
0.0,
0.0,
0.0,
0.0,
0.0,
0.0,
0.0,
0.0,
0.0,
0.0,
0.0,
0.0,
0.0,
0.0,
0.0,
0.0,
0.0,
0.0,
0.0,
0.0,
0.0,
0.0,
0.0,
0.0,
0.0,
0.0,
0.0,
0.0,
0.0,
0.0,
0.0,
0.0,
0.0,
0.0,
0.0,
0.0,
0.0,
0.0,
0.0,
0.0,
0.0,
0.0,
0.0,
0.0,
0.0,
0.0,
0.0,
0.0,
0.0,
0.0,
0.0,
0.0,
0.0,
0.0,
0.0,
0.0,
0.0,
0.0,
0.0,
0.0,
0.0,
0.0,
0.0,
0.0,
0.0,
0.0,
0.0,
0.0,
0.0,
0.0,
0.0,
0.0,
0.0,
0.0,
0.0,
0.0,
0.0,
0.0,
0.0,
0.0,
0.0,
0.0,
0.0,
0.0,
0.0,
0.0,
0.0,
0.0,
0.0,
0.0,
0.0,
0.0,
0.0,
0.0,
0.0,
0.0,
0.0,
0.0,
0.0,
0.0,
0.0,
0.0,
0.0,
0.0,
0.0,
0.0,
0.0,
0.0,
0.0,
0.0,
0.0,
0.0,
0.0,
0.0,
0.0,
0.0,
0.0,
0.0,
0.0,
0.0,
0.0,
0.0,
0.0,
0.0,
0.0,
0.0,
0.0,
0.0,
0.0,
0.0,
0.0,
0.0,
0.0,
0.0,
0.0,
0.0,
0.0,
0.0,
0.0,
0.0,
0.0,
0.0,
0.0,
0.0,
0.0,
0.0,
0.0,
0.0,
0.0,
0.0,
0.0,
0.0,
0.0,
0.0,
0.0,
0.0,
0.0,
0.0,
0.0,
0.0,
0.0,
0.0,
0.0,
0.0,
0.0,
0.0,
0.0,
0.0,
0.0,
0.0,
0.0,
0.0,
0.0,
0.0,
0.0,
0.0,
0.0,
0.0,
0.0,
0.0,
0.0,
0.0,
0.0,
0.0,
0.0,
0.0,
0.0,
0.0,
0.0,
0.0,
0.0,
0.0,
0.0,
0.0,
0.0,
0.0,
0.0,
0.0,
0.0,
0.0,
0.0,
0.0,
0.0,
0.0,
0.0,
0.0,
0.0,
0.0,
0.0,
0.0,
0.0,
0.0,
0.0,
0.0,
0.0,
0.0,
0.0,
0.0,
0.0,
0.0,
0.0,
0.0,
0.0,
0.0,
0.0,
0.0,
0.0,
0.0,
0.0,
0.0,
0.0,
0.0,
0.0,
0.0,
0.0,
0.0,
0.0,
0.0,
0.0,
0.0,
0.0,
0.0,
0.0,
0.0,
0.0,
0.0,
0.0,
0.0,
0.0,
0.0,
0.0,
0.0,
0.0,
0.0,
0.0,
0.0,
0.0,
0.0,
0.0,
